   6.3400000e+02   1.0456250e+03   1.3940727e-05
   6.3500000e+02   1.0462500e+03   1.5993013e-05
   6.3600000e+02   1.0468750e+03   1.7383545e-05
   6.3700000e+02   1.0475000e+03   2.0611973e-05
   6.3800000e+02   1.0481250e+03   2.2856068e-05
   6.3900000e+02   1.0487500e+03   2.6854885e-05
   6.4000000e+02   1.0493750e+03   2.8313284e-05
   6.4100000e+02   1.0500000e+03   2.9658945e-05
   6.4200000e+02   1.0506250e+03   3.1266213e-05
   6.4300000e+02   1.0512500e+03   3.5698414e-05
   6.4400000e+02   1.0518750e+03   3.9323722e-05
   6.4500000e+02   1.0525000e+03   4.4832739e-05
   6.4600000e+02   1.0531250e+03   4.6678041e-05
   6.4700000e+02   1.0537500e+03   4.9668936e-05
   6.4800000e+02   1.0543750e+03   5.2244644e-05
   6.4900000e+02   1.0550000e+03   5.4797538e-05
   6.5000000e+02   1.0556250e+03   5.7080032e-05
   6.5100000e+02   1.0562500e+03   6.2688388e-05
   6.5200000e+02   1.0568750e+03   6.4826265e-05
   6.5300000e+02   1.0575000e+03   6.9865184e-05
   6.5400000e+02   1.0581250e+03   7.3859131e-05
   6.5500000e+02   1.0587500e+03   8.2949971e-05
   6.5600000e+02   1.0593750e+03   8.9938145e-05
   6.5700000e+02   1.0600000e+03   9.6127079e-05
   6.5800000e+02   1.0606250e+03   9.6884932e-05
   6.5900000e+02   1.0612500e+03   1.0211657e-04
   6.6000000e+02   1.0618750e+03   1.1107381e-04
   6.6100000e+02   1.0625000e+03   1.2327671e-04
   6.6200000e+02   1.0631250e+03   1.3518321e-04
   6.6300000e+02   1.0637500e+03   1.4272169e-04
   6.6400000e+02   1.0643750e+03   1.4249819e-04
   6.6500000e+02   1.0650000e+03   1.5019984e-04
   6.6600000e+02   1.0656250e+03   1.6060256e-04
   6.6700000e+02   1.0662500e+03   1.7405509e-04
   6.6800000e+02   1.0668750e+03   1.8848828e-04
   6.6900000e+02   1.0675000e+03   1.9451375e-04
   6.7000000e+02   1.0681250e+03   1.9621240e-04
   6.7100000e+02   1.0687500e+03   2.0687533e-04
   6.7200000e+02   1.0693750e+03   2.2476478e-04
   6.7300000e+02   1.0700000e+03   2.4595254e-04
   6.7400000e+02   1.0706250e+03   2.6662986e-04
   6.7500000e+02   1.0712500e+03   2.7771518e-04
   6.7600000e+02   1.0718750e+03   2.7729115e-04
   6.7700000e+02   1.0725000e+03   2.9275996e-04
   6.7800000e+02   1.0731250e+03   3.1874548e-04
   6.7900000e+02   1.0737500e+03   3.5736658e-04
   6.8000000e+02   1.0743750e+03   3.8598085e-04
   6.8100000e+02   1.0750000e+03   3.8959803e-04
   6.8200000e+02   1.0756250e+03   3.8434718e-04
   6.8300000e+02   1.0762500e+03   4.1606556e-04
   6.8400000e+02   1.0768750e+03   4.4921028e-04
   6.8500000e+02   1.0775000e+03   4.8996717e-04
   6.8600000e+02   1.0781250e+03   5.1734261e-04
   6.8700000e+02   1.0787500e+03   5.2231083e-04
   6.8800000e+02   1.0793750e+03   5.2232845e-04
   6.8900000e+02   1.0800000e+03   5.2500726e-04
   6.9000000e+02   1.0806250e+03   5.3536003e-04
   6.9100000e+02   1.0812500e+03   5.7162520e-04
   6.9200000e+02   1.0818750e+03   6.0207862e-04
   6.9300000e+02   1.0825000e+03   6.1079111e-04
   6.9400000e+02   1.0831250e+03   6.2427303e-04
   6.9500000e+02   1.0837500e+03   6.7571080e-04
   6.9600000e+02   1.0843750e+03   7.1026678e-04
   6.9700000e+02   1.0850000e+03   7.5215912e-04
   6.9800000e+02   1.0856250e+03   8.1099006e-04
   6.9900000e+02   1.0862500e+03   8.4743556e-04
   7.0000000e+02   1.0868750e+03   8.3807721e-04
   7.0100000e+02   1.0875000e+03   8.6418997e-04
   7.0200000e+02   1.0881250e+03   9.1745791e-04
   7.0300000e+02   1.0887500e+03   1.0038051e-03
   7.0400000e+02   1.0893750e+03   1.0959446e-03
   7.0500000e+02   1.0900000e+03   1.1208370e-03
   7.0600000e+02   1.0906250e+03   1.0573292e-03
   7.0700000e+02   1.0912500e+03   1.0896135e-03
   7.0800000e+02   1.0918750e+03   1.1903321e-03
   7.0900000e+02   1.0925000e+03   1.3302734e-03
   7.1000000e+02   1.0931250e+03   1.4311860e-03
   7.1100000e+02   1.0937500e+03   1.4055667e-03
   7.1200000e+02   1.0943750e+03   1.3161629e-03
   7.1300000e+02   1.0950000e+03   1.3854019e-03
   7.1400000e+02   1.2100000e+03   1.8545601e-03
   7.1500000e+02   1.2112500e+03   1.7517708e-03
   7.1600000e+02   1.2125000e+03   1.5328536e-03
   7.1700000e+02   1.2137500e+03   1.5007263e-03
   7.1800000e+02   1.2150000e+03   1.3547711e-03
   7.1900000e+02   1.2162500e+03   1.2663200e-03
   7.2000000e+02   1.2175000e+03   1.1010452e-03
   7.2100000e+02   1.2187500e+03   1.1104634e-03
   7.2200000e+02   1.2200000e+03   8.9106567e-04
   7.2300000e+02   1.2212500e+03   9.1991264e-04
   7.2400000e+02   1.2225000e+03   7.7513950e-04
   7.2500000e+02   1.2237500e+03   7.4002733e-04
   7.2600000e+02   1.2250000e+03   6.0915925e-04
   7.2700000e+02   1.2262500e+03   6.2806862e-04
   7.2800000e+02   1.2275000e+03   4.8029619e-04
   7.2900000e+02   1.2287500e+03   5.2173909e-04
   7.3000000e+02   1.2300000e+03   4.1133919e-04
   7.3100000e+02   1.2312500e+03   4.5786062e-04
   7.3200000e+02   1.2325000e+03   3.4944504e-04
   7.3300000e+02   1.2337500e+03   3.9705957e-04
   7.3400000e+02   1.2350000e+03   2.6758937e-04
   7.3500000e+02   1.2362500e+03   3.5757087e-04
   7.3600000e+02   1.2375000e+03   2.0052360e-04
   7.3700000e+02   1.2387500e+03   2.7292669e-04
   7.3800000e+02   1.2400000e+03   1.5314320e-04
   7.3900000e+02   1.2412500e+03   2.4893024e-04
   7.9700000e+02   1.3137500e+03   1.0097420e-03
   7.9800000e+02   1.3150000e+03   1.1581156e-03
   7.9900000e+02   1.3162500e+03   2.0656029e-03
   8.0000000e+02   1.3175000e+03   2.6957436e-03
   8.0100000e+02   1.3187500e+03   3.8359031e-03
   8.0200000e+02   1.3200000e+03   4.6962883e-03
   8.0300000e+02   1.3212500e+03   6.2030940e-03
   8.0400000e+02   1.3225000e+03   8.1176078e-03
   8.0500000e+02   1.3237500e+03   1.0265265e-02
   8.0600000e+02   1.3250000e+03   1.2100563e-02
   8.0700000e+02   1.3262500e+03   1.4329432e-02
   8.0800000e+02   1.3275000e+03   1.8393498e-02
   8.0900000e+02   1.3287500e+03   2.3367560e-02
   8.1000000e+02   1.3300000e+03   2.6416446e-02
   8.1100000e+02   1.3312500e+03   2.9594657e-02
   8.1200000e+02   1.3325000e+03   3.7986785e-02
   8.1300000e+02   1.3337500e+03   4.7510088e-02
   8.1400000e+02   1.3350000e+03   5.1601293e-02
   8.1500000e+02   1.3362500e+03   5.7165407e-02
   8.1600000e+02   1.3375000e+03   6.8612138e-02
   8.1700000e+02   1.3387500e+03   7.7937007e-02
   8.1800000e+02   1.3400000e+03   8.4436730e-02
   8.1900000e+02   1.3412500e+03   9.1548839e-02
   8.2000000e+02   1.3425000e+03   1.0571012e-01
   8.2100000e+02   1.3437500e+03   1.1424483e-01
   8.2200000e+02   1.3450000e+03   1.1996361e-01
   8.2300000e+02   1.3462500e+03   1.2237894e-01
   8.2400000e+02   1.3475000e+03   1.3208771e-01
   8.2500000e+02   1.3487500e+03   1.3760774e-01
   8.2600000e+02   1.3500000e+03   1.3657234e-01
   8.2700000e+02   1.3512500e+03   1.3286335e-01
   8.2800000e+02   1.3525000e+03   1.3093421e-01
   8.2900000e+02   1.3537500e+03   1.1815865e-01
   8.3000000e+02   1.3550000e+03   1.0717453e-01
   8.3100000e+02   1.3562500e+03   1.0512272e-01
   8.3200000e+02   1.3575000e+03   1.1598461e-01
   8.3300000e+02   1.3587500e+03   1.4393831e-01
   8.3400000e+02   1.3600000e+03   1.8807184e-01
   8.3500000e+02   1.3612500e+03   1.6428057e-01
   8.3600000e+02   1.3625000e+03   7.1676684e-02
   8.3700000e+02   1.3637500e+03   2.5999746e-02
   8.3800000e+02   1.3650000e+03   4.0421733e-02
   8.3900000e+02   1.3662500e+03   7.4144379e-02
   8.4000000e+02   1.3675000e+03   1.0485500e-01
   8.4100000e+02   1.3687500e+03   1.4202202e-01
   8.4200000e+02   1.3700000e+03   1.7145239e-01
   8.4300000e+02   1.3712500e+03   1.8323635e-01
   8.4400000e+02   1.3725000e+03   1.9065256e-01
   8.4500000e+02   1.3737500e+03   1.9280133e-01
   8.4600000e+02   1.3750000e+03   1.8902375e-01
   8.4700000e+02   1.3762500e+03   1.8127264e-01
   8.4800000e+02   1.3775000e+03   1.6841942e-01
   8.4900000e+02   1.3787500e+03   1.4847841e-01
   8.5000000e+02   1.3800000e+03   1.2075149e-01
   8.5100000e+02   1.3812500e+03   1.0747110e-01
   8.5200000e+02   1.3825000e+03   9.4188684e-02
   8.5300000e+02   1.3837500e+03   7.9978350e-02
   8.5400000e+02   1.3850000e+03   6.7197382e-02
   8.5500000e+02   1.3862500e+03   5.4582129e-02
   8.5600000e+02   1.3875000e+03   4.3964594e-02
   8.5700000e+02   1.3887500e+03   3.3860883e-02
   8.5800000e+02   1.3900000e+03   2.6117036e-02
   8.5900000e+02   1.3912500e+03   1.9096781e-02
   8.6000000e+02   1.3925000e+03   1.4225222e-02
   8.6100000e+02   1.3937500e+03   9.6569267e-03
   8.6200000e+02   1.3950000e+03   6.8297845e-03
   8.6300000e+02   1.3962500e+03   3.7031486e-03
   8.6400000e+02   1.3975000e+03   2.0319037e-03
   1.2670000e+03   2.4550000e+03   1.3475202e-04
   1.2680000e+03   2.4575000e+03   2.1668265e-04
   1.2690000e+03   2.4600000e+03   2.8713523e-04
   1.2700000e+03   2.4625000e+03   4.1743987e-04
   1.2710000e+03   2.4650000e+03   5.5685384e-04
   1.2720000e+03   2.4675000e+03   7.6505141e-04
   1.2730000e+03   2.4700000e+03   9.5799723e-04
   1.2740000e+03   2.4725000e+03   1.1845606e-03
   1.2750000e+03   2.4750000e+03   1.4215855e-03
   1.2760000e+03   2.4775000e+03   1.6538173e-03
   1.2770000e+03   2.4800000e+03   1.9109939e-03
   1.2780000e+03   2.4825000e+03   2.3090327e-03
   1.2790000e+03   2.4850000e+03   2.4556247e-03
   1.2800000e+03   2.4875000e+03   2.4956587e-03
   1.2810000e+03   2.4900000e+03   2.3708715e-03
   1.2820000e+03   2.4925000e+03   2.1629767e-03
   1.2830000e+03   2.4950000e+03   2.3834455e-03
   1.2840000e+03   2.4975000e+03   2.7667809e-03
   1.2850000e+03   2.5000000e+03   1.8783833e-03
   1.2860000e+03   2.5025000e+03   1.1395851e-03
   1.2870000e+03   2.5050000e+03   2.0062512e-03
   1.2880000e+03   2.5075000e+03   3.0481894e-03
   1.2890000e+03   2.5100000e+03   3.5277916e-03
   1.2900000e+03   2.5125000e+03   3.3584523e-03
   1.2910000e+03   2.5150000e+03   2.8406987e-03
   1.2920000e+03   2.5175000e+03   2.2626011e-03
   1.2930000e+03   2.5200000e+03   1.5918838e-03
   1.2940000e+03   2.5225000e+03   9.5865201e-04
   1.2950000e+03   2.5250000e+03   4.9464740e-04
   1.2960000e+03   2.5275000e+03   1.9277338e-04
