   7.2270000e+03   2.4515000e+03   7.9426707e-05
   7.2280000e+03   2.4517500e+03   8.1435446e-05
   7.2290000e+03   2.4520000e+03   1.0246894e-04
   7.2300000e+03   2.4522500e+03   9.2049680e-05
   7.2310000e+03   2.4525000e+03   1.0379090e-04
   7.2320000e+03   2.4527500e+03   9.0024190e-05
   7.2330000e+03   2.4530000e+03   9.3260393e-05
   7.2340000e+03   2.4532500e+03   8.6243476e-05
   7.2350000e+03   2.4535000e+03   1.1268646e-04
   7.2360000e+03   2.4537500e+03   1.1294080e-04
   7.2370000e+03   2.4540000e+03   1.2947804e-04
   7.2380000e+03   2.4542500e+03   1.2895998e-04
   7.2390000e+03   2.4545000e+03   1.3761961e-04
   7.2400000e+03   2.4547500e+03   1.1485966e-04
   7.2410000e+03   2.4550000e+03   1.1638943e-04
   7.2420000e+03   2.4552500e+03   1.2729399e-04
   7.2430000e+03   2.4555000e+03   1.5662452e-04
   7.2440000e+03   2.4557500e+03   1.4770693e-04
   7.2450000e+03   2.4560000e+03   1.7433760e-04
   7.2460000e+03   2.4562500e+03   1.8465328e-04
   7.2470000e+03   2.4565000e+03   1.6969950e-04
   7.2480000e+03   2.4567500e+03   1.3856096e-04
   7.2490000e+03   2.4570000e+03   1.7786315e-04
   7.2500000e+03   2.4572500e+03   1.9053209e-04
   7.2510000e+03   2.4575000e+03   1.9285900e-04
   7.2520000e+03   2.4577500e+03   2.0637830e-04
   7.2530000e+03   2.4580000e+03   2.6869293e-04
   7.2540000e+03   2.4582500e+03   2.3170021e-04
   7.2550000e+03   2.4585000e+03   1.9829561e-04
   7.2560000e+03   2.4587500e+03   2.1387675e-04
   7.2570000e+03   2.4590000e+03   2.5443367e-04
   7.2580000e+03   2.4592500e+03   2.2625870e-04
   7.2590000e+03   2.4595000e+03   2.6313837e-04
   7.2600000e+03   2.4597500e+03   3.2515952e-04
   7.2610000e+03   2.4600000e+03   3.1835001e-04
   7.2620000e+03   2.4602500e+03   2.5185106e-04
   7.2630000e+03   2.4605000e+03   2.9079543e-04
   7.2640000e+03   2.4607500e+03   2.9945020e-04
   7.2650000e+03   2.4610000e+03   2.8237853e-04
   7.2660000e+03   2.4612500e+03   3.1797718e-04
   7.2670000e+03   2.4615000e+03   4.0482368e-04
   7.2680000e+03   2.4617500e+03   3.9238949e-04
   7.2690000e+03   2.4620000e+03   3.5658171e-04
   7.2700000e+03   2.4622500e+03   3.7157902e-04
   7.2710000e+03   2.4625000e+03   3.6325161e-04
   7.2720000e+03   2.4627500e+03   3.3943148e-04
   7.2730000e+03   2.4630000e+03   4.2951509e-04
   7.2740000e+03   2.4632500e+03   4.8452938e-04
   7.2750000e+03   2.4635000e+03   4.8968896e-04
   7.2760000e+03   2.4637500e+03   5.0126445e-04
   7.2770000e+03   2.4640000e+03   5.0692875e-04
   7.2780000e+03   2.4642500e+03   4.3750692e-04
   7.2790000e+03   2.4645000e+03   4.6664367e-04
   7.2800000e+03   2.4647500e+03   5.6331482e-04
   7.2810000e+03   2.4650000e+03   5.8446969e-04
   7.2820000e+03   2.4652500e+03   5.9141672e-04
   7.2830000e+03   2.4655000e+03   6.8029570e-04
   7.2840000e+03   2.4657500e+03   6.1925922e-04
   7.2850000e+03   2.4660000e+03   5.3360480e-04
   7.2860000e+03   2.4662500e+03   5.9837885e-04
   7.2870000e+03   2.4665000e+03   6.8806292e-04
   7.2880000e+03   2.4667500e+03   6.5654945e-04
   7.2890000e+03   2.4670000e+03   7.4066394e-04
   7.2900000e+03   2.4672500e+03   8.4042639e-04
   7.2910000e+03   2.4675000e+03   7.5169047e-04
   7.2920000e+03   2.4677500e+03   6.5589148e-04
   7.2930000e+03   2.4680000e+03   7.6333777e-04
   7.2940000e+03   2.4682500e+03   7.7412881e-04
   7.2950000e+03   2.4685000e+03   7.7252411e-04
   7.2960000e+03   2.4687500e+03   9.0423316e-04
   7.2970000e+03   2.4690000e+03   1.0022884e-03
   7.2980000e+03   2.4692500e+03   8.9808959e-04
   7.2990000e+03   2.4695000e+03   8.6836464e-04
   7.3000000e+03   2.4697500e+03   9.0168913e-04
   7.3010000e+03   2.4700000e+03   8.8057895e-04
   7.3020000e+03   2.4702500e+03   9.4170538e-04
   7.3030000e+03   2.4705000e+03   1.1075768e-03
   7.3040000e+03   2.4707500e+03   1.1350975e-03
   7.3050000e+03   2.4710000e+03   1.0877141e-03
   7.3060000e+03   2.4712500e+03   1.0520794e-03
   7.3070000e+03   2.4715000e+03   9.9448823e-04
   7.3080000e+03   2.4717500e+03   1.0005222e-03
   7.3090000e+03   2.4720000e+03   1.1872265e-03
   7.3100000e+03   2.4722500e+03   1.2447534e-03
   7.3110000e+03   2.4725000e+03   1.2621414e-03
   7.3120000e+03   2.4727500e+03   1.2783702e-03
   7.3130000e+03   2.4730000e+03   1.1782769e-03
   7.3140000e+03   2.4732500e+03   1.0855357e-03
   7.3150000e+03   2.4735000e+03   1.2619390e-03
   7.3160000e+03   2.4737500e+03   1.3621723e-03
   7.3170000e+03   2.4740000e+03   1.3539834e-03
   7.3180000e+03   2.4742500e+03   1.5143209e-03
   7.3190000e+03   2.4745000e+03   1.4759540e-03
   7.3200000e+03   2.4747500e+03   1.2312137e-03
   7.3210000e+03   2.4750000e+03   1.3351332e-03
   7.3220000e+03   2.4752500e+03   1.4810793e-03
   7.3230000e+03   2.4755000e+03   1.4061206e-03
   7.3240000e+03   2.4757500e+03   1.5804595e-03
   7.3250000e+03   2.4760000e+03   1.7412268e-03
   7.3260000e+03   2.4762500e+03   1.4485539e-03
   7.3270000e+03   2.4765000e+03   1.4209344e-03
   7.3280000e+03   2.4767500e+03   1.5700389e-03
   7.3290000e+03   2.4770000e+03   1.4911627e-03
   7.3300000e+03   2.4772500e+03   1.6140404e-03
   7.3310000e+03   2.4775000e+03   1.9112103e-03
   7.3320000e+03   2.4777500e+03   1.7737731e-03
   7.3330000e+03   2.4780000e+03   1.6337996e-03
   7.3340000e+03   2.4782500e+03   1.7096551e-03
   7.3350000e+03   2.4785000e+03   1.6184022e-03
   7.3360000e+03   2.4787500e+03   1.6940515e-03
   7.3370000e+03   2.4790000e+03   1.9524894e-03
   7.3380000e+03   2.4792500e+03   2.0068632e-03
   7.3390000e+03   2.4795000e+03   1.8928994e-03
   7.3400000e+03   2.4797500e+03   1.8184394e-03
   7.3410000e+03   2.4800000e+03   1.7494690e-03
   7.3420000e+03   2.4802500e+03   1.9764404e-03
   7.3430000e+03   2.4805000e+03   2.1880284e-03
   7.3440000e+03   2.4807500e+03   2.3357608e-03
   7.3450000e+03   2.4810000e+03   2.4274401e-03
   7.3460000e+03   2.4812500e+03   2.2053487e-03
   7.3470000e+03   2.4815000e+03   1.9934942e-03
   7.3480000e+03   2.4817500e+03   2.1893996e-03
   7.3490000e+03   2.4820000e+03   2.3062930e-03
   7.3500000e+03   2.4822500e+03   2.4225066e-03
   7.3510000e+03   2.4825000e+03   2.7516855e-03
   7.3520000e+03   2.4827500e+03   2.4188664e-03
   7.3530000e+03   2.4830000e+03   2.0644912e-03
   7.3540000e+03   2.4832500e+03   2.3024994e-03
   7.3550000e+03   2.4835000e+03   2.3398291e-03
   7.3560000e+03   2.4837500e+03   2.4271320e-03
   7.3570000e+03   2.4840000e+03   2.8592000e-03
   7.3580000e+03   2.4842500e+03   2.5792892e-03
   7.3590000e+03   2.4845000e+03   2.1875577e-03
   7.3600000e+03   2.4847500e+03   2.3320709e-03
   7.3610000e+03   2.4850000e+03   2.3270222e-03
   7.3620000e+03   2.4852500e+03   2.4767972e-03
   7.3630000e+03   2.4855000e+03   2.8977100e-03
   7.3640000e+03   2.4857500e+03   2.7032275e-03
   7.3650000e+03   2.4860000e+03   2.3605495e-03
   7.3660000e+03   2.4862500e+03   2.3078845e-03
   7.3670000e+03   2.4865000e+03   2.2886478e-03
   7.3680000e+03   2.4867500e+03   2.5291830e-03
   7.3690000e+03   2.4870000e+03   2.8376964e-03
   7.3700000e+03   2.4872500e+03   2.7578477e-03
   7.3710000e+03   2.4875000e+03   2.4331645e-03
   7.3720000e+03   2.4877500e+03   2.2610080e-03
   7.3730000e+03   2.4880000e+03   2.3763637e-03
   7.3740000e+03   2.4882500e+03   2.5581949e-03
   7.3750000e+03   2.4885000e+03   2.7421830e-03
   7.3760000e+03   2.4887500e+03   2.7547810e-03
   7.3770000e+03   2.4890000e+03   2.3514760e-03
   7.3780000e+03   2.4892500e+03   2.1790759e-03
   7.3790000e+03   2.4895000e+03   2.3711486e-03
   7.3800000e+03   2.4897500e+03   2.4338475e-03
   7.3810000e+03   2.4900000e+03   2.6735711e-03
   7.3820000e+03   2.4902500e+03   2.6738409e-03
   7.3830000e+03   2.4905000e+03   2.2097041e-03
   7.3840000e+03   2.4907500e+03   2.1826862e-03
   7.3850000e+03   2.4910000e+03   2.2688370e-03
   7.3860000e+03   2.4912500e+03   2.3039798e-03
   7.3870000e+03   2.4915000e+03   2.5791668e-03
   7.3880000e+03   2.4917500e+03   2.4154664e-03
   7.3890000e+03   2.4920000e+03   2.0582930e-03
   7.3900000e+03   2.4922500e+03   2.0190035e-03
   7.3910000e+03   2.4925000e+03   1.9262748e-03
   7.3920000e+03   2.4927500e+03   2.0414533e-03
   7.3930000e+03   2.4930000e+03   2.2130754e-03
   7.3940000e+03   2.4932500e+03   1.9959541e-03
   7.3950000e+03   2.4935000e+03   1.7909712e-03
   7.3960000e+03   2.4937500e+03   1.8036961e-03
   7.3970000e+03   2.4940000e+03   1.8911434e-03
   7.3980000e+03   2.4942500e+03   2.0947313e-03
   7.3990000e+03   2.4945000e+03   2.1676473e-03
   7.4000000e+03   2.4947500e+03   1.9868874e-03
   7.4010000e+03   2.4950000e+03   1.9281988e-03
   7.4020000e+03   2.4952500e+03   2.0531450e-03
   7.4030000e+03   2.4955000e+03   2.2162557e-03
   7.4040000e+03   2.4957500e+03   2.4397262e-03
   7.4050000e+03   2.4960000e+03   2.4372599e-03
   7.4060000e+03   2.4962500e+03   2.3741389e-03
   7.4070000e+03   2.4965000e+03   2.5395083e-03
   7.4080000e+03   2.4967500e+03   2.7197644e-03
   7.4090000e+03   2.4970000e+03   2.9364759e-03
   7.4100000e+03   2.4972500e+03   3.1485067e-03
   7.4110000e+03   2.4975000e+03   3.2125246e-03
   7.4120000e+03   2.4977500e+03   3.3496670e-03
   7.4130000e+03   2.4980000e+03   3.5657272e-03
   7.4140000e+03   2.4982500e+03   3.7274252e-03
   7.4150000e+03   2.4985000e+03   3.8769329e-03
   7.4160000e+03   2.4987500e+03   3.9077450e-03
   7.4170000e+03   2.4990000e+03   3.8129355e-03
   7.4180000e+03   2.4992500e+03   3.5826144e-03
   7.4190000e+03   2.4995000e+03   2.9897944e-03
   7.4200000e+03   2.4997500e+03   1.9762398e-03
   7.4210000e+03   2.5000000e+03   1.0422292e-03
   7.4220000e+03   2.5002500e+03   6.0909654e-04
   7.4230000e+03   2.5005000e+03   4.8482899e-04
   7.4240000e+03   2.5007500e+03   4.1891233e-04
   7.4250000e+03   2.5010000e+03   3.9163991e-04
   7.4260000e+03   2.5012500e+03   4.1299064e-04
   7.4270000e+03   2.5015000e+03   5.0663055e-04
   7.4280000e+03   2.5017500e+03   6.0295012e-04
   7.4290000e+03   2.5020000e+03   6.0770107e-04
   7.4300000e+03   2.5022500e+03   6.3655296e-04
   7.4310000e+03   2.5025000e+03   6.7636663e-04
   7.4320000e+03   2.5027500e+03   8.4788624e-04
   7.4330000e+03   2.5030000e+03   1.0119594e-03
   7.4340000e+03   2.5032500e+03   1.0763983e-03
   7.4350000e+03   2.5035000e+03   1.1100883e-03
   7.4360000e+03   2.5037500e+03   1.1420244e-03
   7.4370000e+03   2.5040000e+03   1.3818116e-03
   7.4380000e+03   2.5042500e+03   1.6340726e-03
   7.4390000e+03   2.5045000e+03   1.7498721e-03
   7.4400000e+03   2.5047500e+03   1.7078248e-03
   7.4410000e+03   2.5050000e+03   1.7897737e-03
   7.4420000e+03   2.5052500e+03   2.2094110e-03
   7.4430000e+03   2.5055000e+03   2.5581477e-03
   7.4440000e+03   2.5057500e+03   2.5711750e-03
   7.4450000e+03   2.5060000e+03   2.3413642e-03
   7.4460000e+03   2.5062500e+03   2.4859598e-03
   7.4470000e+03   2.5065000e+03   2.9336262e-03
   7.4480000e+03   2.5067500e+03   3.2325574e-03
   7.4490000e+03   2.5070000e+03   3.0186307e-03
   7.4500000e+03   2.5072500e+03   2.8034721e-03
   7.4510000e+03   2.5075000e+03   3.0410026e-03
   7.4520000e+03   2.5077500e+03   3.5473728e-03
   7.4530000e+03   2.5080000e+03   3.6481698e-03
   7.4540000e+03   2.5082500e+03   3.2520805e-03
   7.4550000e+03   2.5085000e+03   3.1250525e-03
   7.4560000e+03   2.5087500e+03   3.5362654e-03
   7.4570000e+03   2.5090000e+03   3.9462729e-03
   7.4580000e+03   2.5092500e+03   3.7026781e-03
   7.4590000e+03   2.5095000e+03   3.2570955e-03
   7.4600000e+03   2.5097500e+03   3.4584560e-03
   7.4610000e+03   2.5100000e+03   3.9708295e-03
   7.4620000e+03   2.5102500e+03   3.9721111e-03
   7.4630000e+03   2.5105000e+03   3.3886159e-03
   7.4640000e+03   2.5107500e+03   3.3189036e-03
   7.4650000e+03   2.5110000e+03   3.8112186e-03
   7.4660000e+03   2.5112500e+03   4.1437989e-03
   7.4670000e+03   2.5115000e+03   3.7302499e-03
   7.4680000e+03   2.5117500e+03   3.3411270e-03
   7.4690000e+03   2.5120000e+03   3.5463796e-03
   7.4700000e+03   2.5122500e+03   3.8395622e-03
   7.4710000e+03   2.5125000e+03   3.5093503e-03
   7.4720000e+03   2.5127500e+03   3.1459039e-03
   7.4730000e+03   2.5130000e+03   3.2967350e-03
   7.4740000e+03   2.5132500e+03   3.5599823e-03
   7.4750000e+03   2.5135000e+03   3.3912976e-03
   7.4760000e+03   2.5137500e+03   2.9626400e-03
   7.4770000e+03   2.5140000e+03   2.9841387e-03
   7.4780000e+03   2.5142500e+03   3.2398341e-03
   7.4790000e+03   2.5145000e+03   3.1427386e-03
   7.4800000e+03   2.5147500e+03   2.7704686e-03
   7.4810000e+03   2.5150000e+03   2.7869905e-03
   7.4820000e+03   2.5152500e+03   3.0218239e-03
   7.4830000e+03   2.5155000e+03   2.8696036e-03
   7.4840000e+03   2.5157500e+03   2.5675492e-03
   7.4850000e+03   2.5160000e+03   2.6456178e-03
   7.4860000e+03   2.5162500e+03   2.7805685e-03
   7.4870000e+03   2.5165000e+03   2.5676582e-03
   7.4880000e+03   2.5167500e+03   2.3858582e-03
   7.4890000e+03   2.5170000e+03   2.4485626e-03
   7.4900000e+03   2.5172500e+03   2.4523905e-03
   7.4910000e+03   2.5175000e+03   2.2892804e-03
   7.4920000e+03   2.5177500e+03   2.1700643e-03
   7.4930000e+03   2.5180000e+03   2.1626116e-03
   7.4940000e+03   2.5182500e+03   2.1387984e-03
   7.4950000e+03   2.5185000e+03   1.9968092e-03
   7.4960000e+03   2.5187500e+03   1.8825260e-03
   7.4970000e+03   2.5190000e+03   1.9022341e-03
   7.4980000e+03   2.5192500e+03   1.8174361e-03
   7.4990000e+03   2.5195000e+03   1.6598218e-03
   7.5000000e+03   2.5197500e+03   1.6547201e-03
   7.5010000e+03   2.5200000e+03   1.6317410e-03
   7.5020000e+03   2.5202500e+03   1.4651422e-03
   7.5030000e+03   2.5205000e+03   1.4258583e-03
   7.5040000e+03   2.5207500e+03   1.3942700e-03
   7.5050000e+03   2.5210000e+03   1.2850678e-03
   7.5060000e+03   2.5212500e+03   1.2311469e-03
   7.5070000e+03   2.5215000e+03   1.1644946e-03
   7.5080000e+03   2.5217500e+03   1.0872715e-03
   7.5090000e+03   2.5220000e+03   1.0658200e-03
   7.5100000e+03   2.5222500e+03   9.9084140e-04
   7.5110000e+03   2.5225000e+03   9.1942843e-04
   7.5120000e+03   2.5227500e+03   8.7462979e-04
   7.5130000e+03   2.5230000e+03   8.1191322e-04
   7.5140000e+03   2.5232500e+03   7.5981913e-04
   7.5150000e+03   2.5235000e+03   7.0659209e-04
   7.5160000e+03   2.5237500e+03   6.5703973e-04
   7.5170000e+03   2.5240000e+03   6.1068925e-04
   7.5180000e+03   2.5242500e+03   5.5549225e-04
   7.5190000e+03   2.5245000e+03   5.2439779e-04
   7.5200000e+03   2.5247500e+03   4.6809226e-04
   7.5210000e+03   2.5250000e+03   4.4445188e-04
   7.5220000e+03   2.5252500e+03   4.0434042e-04
   7.5230000e+03   2.5255000e+03   3.5482664e-04
   7.5240000e+03   2.5257500e+03   3.4045557e-04
   7.5250000e+03   2.5260000e+03   3.0691771e-04
   7.5260000e+03   2.5262500e+03   2.6583597e-04
   7.5270000e+03   2.5265000e+03   2.5423359e-04
   7.5280000e+03   2.5267500e+03   2.2429417e-04
   7.5290000e+03   2.5270000e+03   1.9479253e-04
   7.5300000e+03   2.5272500e+03   1.7503825e-04
   7.5310000e+03   2.5275000e+03   1.5973802e-04
   7.5320000e+03   2.5277500e+03   1.3878433e-04
   7.5330000e+03   2.5280000e+03   1.2172775e-04
   7.5340000e+03   2.5282500e+03   1.0788848e-04
   7.5350000e+03   2.5285000e+03   9.6499561e-05
   7.5360000e+03   2.5287500e+03   8.1519958e-05
   7.5370000e+03   2.5290000e+03   7.2849935e-05
