   1.6580000e+03   1.0592500e+03   9.8447390e-05
   1.6590000e+03   1.0595000e+03   8.3730505e-05
   1.6600000e+03   1.0597500e+03   9.3905856e-05
   1.6610000e+03   1.0600000e+03   1.0420448e-04
   1.6620000e+03   1.0602500e+03   9.5327683e-05
   1.6630000e+03   1.0605000e+03   9.0527005e-05
   1.6640000e+03   1.0607500e+03   1.0765862e-04
   1.6650000e+03   1.0610000e+03   8.6599996e-05
   1.6660000e+03   1.0612500e+03   1.0034484e-04
   1.6670000e+03   1.0615000e+03   1.1640700e-04
   1.6680000e+03   1.0617500e+03   1.0210870e-04
   1.6690000e+03   1.0620000e+03   1.0502314e-04
   1.6700000e+03   1.0622500e+03   1.3653912e-04
   1.6710000e+03   1.0625000e+03   1.0965890e-04
   1.6720000e+03   1.0627500e+03   1.2332426e-04
   1.6730000e+03   1.0630000e+03   1.5122573e-04
   1.6740000e+03   1.0632500e+03   1.2961421e-04
   1.6750000e+03   1.0635000e+03   1.2977529e-04
   1.6760000e+03   1.0637500e+03   1.7044427e-04
   1.6770000e+03   1.0640000e+03   1.3356067e-04
   1.6780000e+03   1.0642500e+03   1.2728945e-04
   1.6790000e+03   1.0645000e+03   1.5796434e-04
   1.6800000e+03   1.0647500e+03   1.4116593e-04
   1.6810000e+03   1.0650000e+03   1.3223096e-04
   1.6820000e+03   1.0652500e+03   1.7850263e-04
   1.6830000e+03   1.0655000e+03   1.5483759e-04
   1.6840000e+03   1.0657500e+03   1.4752286e-04
   1.6850000e+03   1.0660000e+03   1.8204022e-04
   1.6860000e+03   1.0662500e+03   1.7305093e-04
   1.6870000e+03   1.0665000e+03   1.6181208e-04
   1.6880000e+03   1.0667500e+03   2.0721274e-04
   1.6890000e+03   1.0670000e+03   1.9157517e-04
   1.6900000e+03   1.0672500e+03   1.8309109e-04
   1.6910000e+03   1.0675000e+03   2.0941266e-04
   1.6920000e+03   1.0677500e+03   1.9725462e-04
   1.6930000e+03   1.0680000e+03   1.7333417e-04
   1.6940000e+03   1.0682500e+03   2.0994855e-04
   1.6950000e+03   1.0685000e+03   2.0493539e-04
   1.6960000e+03   1.0687500e+03   1.9324733e-04
   1.6970000e+03   1.0690000e+03   2.1660602e-04
   1.6980000e+03   1.0692500e+03   2.2632416e-04
   1.6990000e+03   1.0695000e+03   2.1585487e-04
   1.7000000e+03   1.0697500e+03   2.4736034e-04
   1.7010000e+03   1.0700000e+03   2.4748661e-04
   1.7020000e+03   1.0702500e+03   2.4728474e-04
   1.7030000e+03   1.0705000e+03   2.6472112e-04
   1.7040000e+03   1.0707500e+03   2.7720418e-04
   1.7050000e+03   1.0710000e+03   2.7353036e-04
   1.7060000e+03   1.0712500e+03   2.8843022e-04
   1.7070000e+03   1.0715000e+03   2.7427852e-04
   1.7080000e+03   1.0717500e+03   2.6637798e-04
   1.7090000e+03   1.0720000e+03   2.7617433e-04
   1.7100000e+03   1.0722500e+03   2.8607608e-04
   1.7110000e+03   1.0725000e+03   2.8380461e-04
   1.7120000e+03   1.0727500e+03   3.0570356e-04
   1.7130000e+03   1.0730000e+03   3.0842507e-04
   1.7140000e+03   1.0732500e+03   3.2643072e-04
   1.7150000e+03   1.0735000e+03   3.4046696e-04
   1.7160000e+03   1.0737500e+03   3.5510446e-04
   1.7170000e+03   1.0740000e+03   3.6934720e-04
   1.7180000e+03   1.0742500e+03   3.8863579e-04
   1.7190000e+03   1.0745000e+03   3.9007728e-04
   1.7200000e+03   1.0747500e+03   4.1552472e-04
   1.7210000e+03   1.0750000e+03   3.9847726e-04
   1.7220000e+03   1.0752500e+03   3.7472501e-04
   1.7230000e+03   1.0755000e+03   3.6547691e-04
   1.7240000e+03   1.0757500e+03   3.8693946e-04
   1.7250000e+03   1.0760000e+03   3.9142081e-04
   1.7260000e+03   1.0762500e+03   4.2021305e-04
   1.7270000e+03   1.0765000e+03   4.3200556e-04
   1.7280000e+03   1.0767500e+03   4.4121975e-04
   1.7290000e+03   1.0770000e+03   4.5453955e-04
   1.7300000e+03   1.0772500e+03   4.7696023e-04
   1.7310000e+03   1.0775000e+03   4.7999057e-04
   1.7320000e+03   1.0777500e+03   5.1407965e-04
   1.7330000e+03   1.0780000e+03   5.1903234e-04
   1.7340000e+03   1.0782500e+03   5.2138531e-04
   1.7350000e+03   1.0785000e+03   5.3145446e-04
   1.7360000e+03   1.0787500e+03   5.3355561e-04
   1.7370000e+03   1.0790000e+03   5.0515589e-04
   1.7380000e+03   1.0792500e+03   5.1461878e-04
   1.7390000e+03   1.0795000e+03   5.3150413e-04
   1.7400000e+03   1.0797500e+03   5.3793775e-04
   1.7410000e+03   1.0800000e+03   5.1990412e-04
   1.7420000e+03   1.0802500e+03   5.2080809e-04
   1.7430000e+03   1.0805000e+03   5.1495179e-04
   1.7440000e+03   1.0807500e+03   5.4408330e-04
   1.7450000e+03   1.0810000e+03   5.5925623e-04
   1.7460000e+03   1.0812500e+03   5.6719823e-04
   1.7470000e+03   1.0815000e+03   5.8676138e-04
   1.7480000e+03   1.0817500e+03   6.0471262e-04
   1.7490000e+03   1.0820000e+03   6.0383407e-04
   1.7500000e+03   1.0822500e+03   6.3119139e-04
   1.7510000e+03   1.0825000e+03   6.1887694e-04
   1.7520000e+03   1.0827500e+03   5.9391040e-04
   1.7530000e+03   1.0830000e+03   5.9301772e-04
   1.7540000e+03   1.0832500e+03   6.3755728e-04
   1.7550000e+03   1.0835000e+03   6.5312457e-04
   1.7560000e+03   1.0837500e+03   6.8400608e-04
   1.7570000e+03   1.0840000e+03   7.0224025e-04
   1.7580000e+03   1.0842500e+03   7.0287627e-04
   1.7590000e+03   1.0845000e+03   7.0909616e-04
   1.7600000e+03   1.0847500e+03   7.3491930e-04
   1.7610000e+03   1.0850000e+03   7.3761918e-04
   1.7620000e+03   1.0852500e+03   7.7319416e-04
   1.7630000e+03   1.0855000e+03   7.9469904e-04
   1.7640000e+03   1.0857500e+03   8.3178869e-04
   1.7650000e+03   1.0860000e+03   8.6970694e-04
   1.7660000e+03   1.0862500e+03   8.7007944e-04
   1.7670000e+03   1.0865000e+03   8.2887546e-04
   1.7680000e+03   1.0867500e+03   8.1612333e-04
   1.7690000e+03   1.0870000e+03   8.4287936e-04
   1.7700000e+03   1.0872500e+03   8.5445743e-04
   1.7710000e+03   1.0875000e+03   8.3965180e-04
   1.7720000e+03   1.0877500e+03   8.7977110e-04
   1.7730000e+03   1.0880000e+03   9.0719161e-04
   1.7740000e+03   1.0882500e+03   9.3313375e-04
   1.7750000e+03   1.0885000e+03   9.5953623e-04
   1.7760000e+03   1.0887500e+03   9.8619188e-04
   1.7770000e+03   1.0890000e+03   1.0391891e-03
   1.7780000e+03   1.0892500e+03   1.0962868e-03
   1.7790000e+03   1.0895000e+03   1.1116582e-03
   1.7800000e+03   1.0897500e+03   1.1659833e-03
   1.7810000e+03   1.0900000e+03   1.1726605e-03
   1.7820000e+03   1.0902500e+03   1.1073218e-03
   1.7830000e+03   1.0905000e+03   1.0225384e-03
   1.7840000e+03   1.0907500e+03   1.0180768e-03
   1.7850000e+03   1.0910000e+03   1.0389304e-03
   1.7860000e+03   1.0912500e+03   1.0659521e-03
   1.7870000e+03   1.0915000e+03   1.1452488e-03
   1.7880000e+03   1.0917500e+03   1.1776829e-03
   1.7890000e+03   1.0920000e+03   1.1750594e-03
   1.7900000e+03   1.0922500e+03   1.2698542e-03
   1.7910000e+03   1.0925000e+03   1.3322759e-03
   1.7920000e+03   1.0927500e+03   1.3984572e-03
   1.7930000e+03   1.0930000e+03   1.4573926e-03
   1.7940000e+03   1.0932500e+03   1.4533760e-03
   1.7950000e+03   1.0935000e+03   1.4589711e-03
   1.7960000e+03   1.0937500e+03   1.4601258e-03
   1.7970000e+03   1.0940000e+03   1.3579369e-03
   1.7980000e+03   1.0942500e+03   1.2665535e-03
   1.7990000e+03   1.0945000e+03   1.2578520e-03
   1.8000000e+03   1.0947500e+03   1.3194190e-03
   1.8010000e+03   1.0950000e+03   1.3531145e-03
   1.8020000e+03   1.0952500e+03   1.4487581e-03
   1.8030000e+03   1.0955000e+03   1.5399181e-03
   1.8040000e+03   1.0957500e+03   1.5967690e-03
   1.8050000e+03   1.0960000e+03   1.6740255e-03
   1.8060000e+03   1.0962500e+03   1.7101071e-03
   1.8070000e+03   1.0965000e+03   1.7135775e-03
   1.8080000e+03   1.0967500e+03   1.7411974e-03
   1.8090000e+03   1.0970000e+03   1.6657828e-03
   1.8100000e+03   1.0972500e+03   1.6771846e-03
   1.8110000e+03   1.0975000e+03   1.7674340e-03
   1.8120000e+03   1.0977500e+03   1.7570331e-03
   1.8130000e+03   1.0980000e+03   1.6955088e-03
   1.8140000e+03   1.0982500e+03   1.6477297e-03
   1.8150000e+03   1.0985000e+03   1.6976407e-03
   1.8160000e+03   1.0987500e+03   1.8172438e-03
   1.8170000e+03   1.0990000e+03   1.8926541e-03
   1.8180000e+03   1.0992500e+03   2.0092831e-03
   1.8190000e+03   1.0995000e+03   2.0499453e-03
   1.8200000e+03   1.0997500e+03   2.0360924e-03
   1.8210000e+03   1.1000000e+03   1.9959057e-03
   1.8220000e+03   1.1002500e+03   1.9232000e-03
   1.8230000e+03   1.1005000e+03   1.9562900e-03
   1.8240000e+03   1.1007500e+03   2.0578808e-03
   1.8250000e+03   1.1010000e+03   2.0532574e-03
   1.8260000e+03   1.1012500e+03   2.1160759e-03
   1.8270000e+03   1.1015000e+03   2.1805462e-03
   1.8280000e+03   1.1017500e+03   2.1922480e-03
   1.8290000e+03   1.1020000e+03   2.2107038e-03
   1.8300000e+03   1.1022500e+03   2.2837595e-03
   1.8310000e+03   1.1025000e+03   2.3856027e-03
   1.8320000e+03   1.1027500e+03   2.3788395e-03
   1.8330000e+03   1.1030000e+03   2.3626976e-03
   1.8340000e+03   1.1032500e+03   2.3112580e-03
   1.8350000e+03   1.1035000e+03   2.1596094e-03
   1.8360000e+03   1.1037500e+03   2.2195862e-03
   1.8370000e+03   1.1040000e+03   2.2423277e-03
   1.8380000e+03   1.1042500e+03   2.2502408e-03
   1.8390000e+03   1.1045000e+03   2.5001549e-03
   1.8400000e+03   1.1047500e+03   2.6078987e-03
   1.8410000e+03   1.1050000e+03   2.5928366e-03
   1.8420000e+03   1.1052500e+03   2.6867914e-03
   1.8430000e+03   1.1055000e+03   2.6359782e-03
   1.8440000e+03   1.1057500e+03   2.6431558e-03
   1.8450000e+03   1.1060000e+03   2.6247095e-03
   1.8460000e+03   1.1062500e+03   2.5322534e-03
   1.8470000e+03   1.1065000e+03   2.4918448e-03
   1.8480000e+03   1.1067500e+03   2.3343524e-03
   1.8490000e+03   1.1070000e+03   2.2724093e-03
   1.8500000e+03   1.1072500e+03   2.3738696e-03
   1.8510000e+03   1.1075000e+03   2.4022026e-03
   1.8520000e+03   1.1077500e+03   2.5820483e-03
   1.8530000e+03   1.1080000e+03   2.7602308e-03
   1.8540000e+03   1.1082500e+03   2.9152918e-03
   1.8550000e+03   1.1085000e+03   3.1227895e-03
   1.8560000e+03   1.1087500e+03   3.2474980e-03
   1.8570000e+03   1.1090000e+03   3.4753722e-03
   1.8580000e+03   1.1092500e+03   3.6261763e-03
   1.8590000e+03   1.1095000e+03   3.3088594e-03
   1.8600000e+03   1.1097500e+03   2.8792282e-03
   1.8610000e+03   1.1100000e+03   2.5721619e-03
   1.8620000e+03   1.1102500e+03   2.4674934e-03
   1.8630000e+03   1.1105000e+03   2.4624296e-03
   1.8640000e+03   1.1107500e+03   2.5444825e-03
   1.8650000e+03   1.1110000e+03   2.8686983e-03
   1.8660000e+03   1.1112500e+03   3.1399073e-03
   1.8670000e+03   1.1115000e+03   3.2864458e-03
   1.8680000e+03   1.1117500e+03   3.5115926e-03
   1.8690000e+03   1.1120000e+03   3.7024518e-03
   1.8700000e+03   1.1122500e+03   4.1125722e-03
   1.8710000e+03   1.1125000e+03   4.3198016e-03
   1.8720000e+03   1.1127500e+03   4.0047716e-03
   1.8730000e+03   1.1130000e+03   3.5420091e-03
   1.8740000e+03   1.1132500e+03   3.0502883e-03
   1.8750000e+03   1.1135000e+03   2.9626041e-03
   1.8760000e+03   1.1137500e+03   3.0914556e-03
   1.8770000e+03   1.1140000e+03   2.9912641e-03
   1.8780000e+03   1.1142500e+03   3.2326781e-03
   1.8790000e+03   1.1145000e+03   3.3171194e-03
   1.8800000e+03   1.1147500e+03   3.4427515e-03
   1.8810000e+03   1.1150000e+03   4.1230579e-03
   1.8820000e+03   1.1152500e+03   4.4974487e-03
   1.8830000e+03   1.1155000e+03   5.0004692e-03
   1.8840000e+03   1.1157500e+03   5.4147150e-03
   1.8850000e+03   1.1160000e+03   4.7902335e-03
   1.8860000e+03   1.1162500e+03   4.2225475e-03
   1.8870000e+03   1.1165000e+03   3.8239639e-03
   1.8880000e+03   1.1167500e+03   3.4285831e-03
   1.8890000e+03   1.1170000e+03   3.8366018e-03
   1.8900000e+03   1.1172500e+03   3.9934576e-03
   1.8910000e+03   1.1175000e+03   3.6786569e-03
   1.8920000e+03   1.1177500e+03   3.9172399e-03
   1.8930000e+03   1.1180000e+03   4.1893088e-03
   1.8940000e+03   1.1182500e+03   4.6271516e-03
   1.8950000e+03   1.1185000e+03   5.0957827e-03
   1.8960000e+03   1.1187500e+03   5.4010188e-03
   1.8970000e+03   1.1190000e+03   5.8936255e-03
   1.8980000e+03   1.1192500e+03   5.6768859e-03
   1.8990000e+03   1.1195000e+03   4.7308406e-03
   1.9000000e+03   1.1197500e+03   4.1947237e-03
   1.9010000e+03   1.1200000e+03   4.0779274e-03
   1.9020000e+03   1.1202500e+03   4.3722247e-03
   1.9030000e+03   1.1205000e+03   4.5288659e-03
   1.9040000e+03   1.1207500e+03   4.3144219e-03
   1.9050000e+03   1.1210000e+03   4.7291507e-03
   1.9060000e+03   1.1212500e+03   5.2230891e-03
   1.9070000e+03   1.1215000e+03   5.4473212e-03
   1.9080000e+03   1.1217500e+03   5.9086968e-03
   1.9090000e+03   1.1220000e+03   6.1667672e-03
   1.9100000e+03   1.1222500e+03   6.7156507e-03
   1.9110000e+03   1.1225000e+03   7.0845243e-03
   1.9120000e+03   1.1227500e+03   6.2962730e-03
   1.9130000e+03   1.1230000e+03   5.3485725e-03
   1.9140000e+03   1.1232500e+03   4.5004840e-03
   1.9150000e+03   1.1235000e+03   4.1779858e-03
   1.9160000e+03   1.1237500e+03   4.7384557e-03
   1.9170000e+03   1.1240000e+03   4.8997301e-03
   1.9180000e+03   1.1242500e+03   5.7023265e-03
   1.9190000e+03   1.1245000e+03   6.8117518e-03
   1.9200000e+03   1.1247500e+03   6.8612238e-03
   1.9210000e+03   1.1250000e+03   7.3830006e-03
   1.9220000e+03   1.1252500e+03   7.8693635e-03
   1.9230000e+03   1.1255000e+03   7.9340279e-03
   1.9240000e+03   1.1257500e+03   8.7822573e-03
   1.9250000e+03   1.1260000e+03   8.5184286e-03
   1.9260000e+03   1.1262500e+03   6.8068299e-03
   1.9270000e+03   1.1265000e+03   5.3651404e-03
   1.9280000e+03   1.1267500e+03   4.4369578e-03
   1.9290000e+03   1.1270000e+03   4.6507837e-03
   1.9300000e+03   1.1272500e+03   4.9442967e-03
   1.9310000e+03   1.1275000e+03   4.8948050e-03
   1.9320000e+03   1.1277500e+03   6.1136792e-03
   1.9330000e+03   1.1280000e+03   6.9873172e-03
   1.9340000e+03   1.1282500e+03   7.9798855e-03
   1.9350000e+03   1.1285000e+03   9.5027037e-03
   1.9360000e+03   1.1287500e+03   1.0114448e-02
   1.9370000e+03   1.1290000e+03   1.1133383e-02
   1.9380000e+03   1.1292500e+03   1.1590563e-02
   1.9390000e+03   1.1295000e+03   9.5052283e-03
   1.9400000e+03   1.1297500e+03   7.2180748e-03
   1.9410000e+03   1.1300000e+03   5.9197347e-03
   1.9420000e+03   1.1302500e+03   5.4337793e-03
   1.9430000e+03   1.1305000e+03   6.1147738e-03
   1.9440000e+03   1.1307500e+03   6.3150382e-03
   1.9450000e+03   1.1310000e+03   6.7564413e-03
   1.9460000e+03   1.1312500e+03   7.5380789e-03
   1.9470000e+03   1.1315000e+03   7.3530575e-03
   1.9480000e+03   1.1317500e+03   8.6150798e-03
   1.9490000e+03   1.1320000e+03   1.1539480e-02
   1.9500000e+03   1.1322500e+03   1.5040869e-02
   1.9510000e+03   1.1325000e+03   1.7040464e-02
   1.9520000e+03   1.1327500e+03   1.5320261e-02
   1.9530000e+03   1.1330000e+03   1.1922518e-02
   1.9540000e+03   1.1332500e+03   9.6272617e-03
   1.9550000e+03   1.1335000e+03   8.2717444e-03
   1.9560000e+03   1.1337500e+03   7.1533638e-03
   1.9570000e+03   1.1340000e+03   6.3997263e-03
   1.9580000e+03   1.1342500e+03   6.4925040e-03
   1.9590000e+03   1.1345000e+03   7.5016731e-03
   1.9600000e+03   1.1347500e+03   8.2367409e-03
   1.9610000e+03   1.1350000e+03   9.1306503e-03
   1.9620000e+03   1.1352500e+03   9.7808653e-03
   1.9630000e+03   1.1355000e+03   1.0365143e-02
   1.9640000e+03   1.1357500e+03   1.3713160e-02
   1.9650000e+03   1.1360000e+03   1.7763250e-02
   1.9660000e+03   1.1362500e+03   1.7508285e-02
   1.9670000e+03   1.1365000e+03   1.4221471e-02
   1.9680000e+03   1.1367500e+03   1.0676479e-02
   1.9690000e+03   1.1370000e+03   8.6239538e-03
   1.9700000e+03   1.1372500e+03   8.2854815e-03
   1.9710000e+03   1.1375000e+03   8.5987402e-03
   1.9720000e+03   1.1377500e+03   8.9756246e-03
   1.9730000e+03   1.1380000e+03   8.9855844e-03
   1.9740000e+03   1.1382500e+03   9.4914287e-03
   1.9750000e+03   1.1385000e+03   9.7606108e-03
   1.9760000e+03   1.1387500e+03   9.1897885e-03
   1.9770000e+03   1.1390000e+03   1.0168243e-02
   1.9780000e+03   1.1392500e+03   1.2683602e-02
   1.9790000e+03   1.1395000e+03   1.5287111e-02
   1.9800000e+03   1.1397500e+03   1.5999873e-02
   1.9810000e+03   1.1400000e+03   1.2905618e-02
   1.9820000e+03   1.1402500e+03   1.0352188e-02
   1.9830000e+03   1.1405000e+03   1.0099750e-02
   1.9840000e+03   1.1407500e+03   1.0316144e-02
   1.9850000e+03   1.1410000e+03   9.8184246e-03
   1.9860000e+03   1.1412500e+03   9.7703837e-03
   1.9870000e+03   1.1415000e+03   1.0566994e-02
   1.9880000e+03   1.1417500e+03   1.0512090e-02
   1.9890000e+03   1.1420000e+03   9.4593512e-03
   1.9900000e+03   1.1422500e+03   8.2669528e-03
   1.9910000e+03   1.1425000e+03   7.8316534e-03
   1.9920000e+03   1.1427500e+03   8.4092263e-03
   1.9930000e+03   1.1430000e+03   1.0454262e-02
   1.9940000e+03   1.1432500e+03   1.2026735e-02
   1.9950000e+03   1.1435000e+03   1.1445596e-02
   1.9960000e+03   1.1437500e+03   1.0550384e-02
   1.9970000e+03   1.1440000e+03   1.0592777e-02
   1.9980000e+03   1.1442500e+03   1.0967707e-02
   1.9990000e+03   1.1445000e+03   1.0370215e-02
   2.0000000e+03   1.1447500e+03   9.0153572e-03
   2.0010000e+03   1.1450000e+03   7.3116496e-03
   2.0020000e+03   1.1452500e+03   6.1337455e-03
   2.0030000e+03   1.1455000e+03   5.6225514e-03
   2.0040000e+03   1.1457500e+03   6.5198315e-03
   2.0050000e+03   1.1460000e+03   7.3543806e-03
   2.0060000e+03   1.1462500e+03   7.1235642e-03
   2.0070000e+03   1.1465000e+03   6.9381633e-03
   2.0080000e+03   1.1467500e+03   7.8552248e-03
   2.0090000e+03   1.1470000e+03   1.0214996e-02
   2.0100000e+03   1.1472500e+03   9.6622630e-03
   2.0110000e+03   1.1475000e+03   6.4605604e-03
   2.0120000e+03   1.1477500e+03   4.9934228e-03
   2.0130000e+03   1.1480000e+03   4.6857555e-03
   2.0140000e+03   1.1482500e+03   4.2882337e-03
   2.0150000e+03   1.1485000e+03   4.0139725e-03
   2.0160000e+03   1.1487500e+03   4.5819974e-03
   2.0170000e+03   1.1490000e+03   5.0136867e-03
   2.0180000e+03   1.1492500e+03   5.2720935e-03
   2.0190000e+03   1.1495000e+03   5.1513955e-03
   2.0200000e+03   1.1497500e+03   5.0362380e-03
   2.0210000e+03   1.1500000e+03   4.7021468e-03
   2.0220000e+03   1.1502500e+03   3.9128209e-03
   2.0230000e+03   1.1505000e+03   3.4636439e-03
   2.0240000e+03   1.1507500e+03   3.6364546e-03
   2.0250000e+03   1.1510000e+03   3.7173674e-03
   2.0260000e+03   1.1512500e+03   3.7958331e-03
   2.0270000e+03   1.1515000e+03   3.8908084e-03
   2.0280000e+03   1.1517500e+03   3.6314103e-03
   2.0290000e+03   1.1520000e+03   3.2872932e-03
   2.0300000e+03   1.1522500e+03   3.5692781e-03
   2.0310000e+03   1.1525000e+03   3.9443829e-03
   2.0320000e+03   1.1527500e+03   3.9480851e-03
   2.0330000e+03   1.1530000e+03   3.8927492e-03
   2.0340000e+03   1.1532500e+03   3.9737309e-03
   2.0350000e+03   1.1535000e+03   4.3103264e-03
   2.0360000e+03   1.1537500e+03   5.0276741e-03
   2.0370000e+03   1.1540000e+03   5.6371530e-03
   2.0380000e+03   1.1542500e+03   5.3493089e-03
   2.0390000e+03   1.1545000e+03   4.5598807e-03
   2.0400000e+03   1.1547500e+03   4.4492782e-03
   2.0410000e+03   1.1550000e+03   4.7237445e-03
   2.0420000e+03   1.1552500e+03   4.7772660e-03
   2.0430000e+03   1.1555000e+03   6.3937196e-03
   2.0440000e+03   1.1557500e+03   9.6192302e-03
   2.0450000e+03   1.1560000e+03   1.0079084e-02
   2.0460000e+03   1.1562500e+03   8.3781220e-03
   2.0470000e+03   1.1565000e+03   7.4911530e-03
   2.0480000e+03   1.1567500e+03   7.4630823e-03
   2.0490000e+03   1.1570000e+03   8.0923507e-03
   2.0500000e+03   1.1572500e+03   9.3215678e-03
   2.0510000e+03   1.1575000e+03   1.0231190e-02
   2.0520000e+03   1.1577500e+03   1.0337661e-02
   2.0530000e+03   1.1580000e+03   1.0745162e-02
   2.0540000e+03   1.1582500e+03   1.0758864e-02
   2.0550000e+03   1.1585000e+03   1.0001277e-02
   2.0560000e+03   1.1587500e+03   1.0307294e-02
   2.0570000e+03   1.1590000e+03   1.1231590e-02
   2.0580000e+03   1.1592500e+03   1.1254380e-02
   2.0590000e+03   1.1595000e+03   1.1351085e-02
   2.0600000e+03   1.1597500e+03   1.1546981e-02
   2.0610000e+03   1.1600000e+03   1.1917017e-02
   2.0620000e+03   1.1602500e+03   1.3059431e-02
   2.0630000e+03   1.1605000e+03   1.4094223e-02
   2.0640000e+03   1.1607500e+03   1.3460713e-02
   2.0650000e+03   1.1610000e+03   1.0537741e-02
   2.0660000e+03   1.1612500e+03   8.6537207e-03
   2.0670000e+03   1.1615000e+03   9.0822318e-03
   2.0680000e+03   1.1617500e+03   1.0501154e-02
   2.0690000e+03   1.1620000e+03   1.0659107e-02
   2.0700000e+03   1.1622500e+03   9.7557722e-03
   2.0710000e+03   1.1625000e+03   1.0460285e-02
   2.0720000e+03   1.1627500e+03   1.3061064e-02
   2.0730000e+03   1.1630000e+03   1.6336214e-02
   2.0740000e+03   1.1632500e+03   1.8301281e-02
   2.0750000e+03   1.1635000e+03   1.7433041e-02
   2.0760000e+03   1.1637500e+03   1.4687186e-02
   2.0770000e+03   1.1640000e+03   1.2172154e-02
   2.0780000e+03   1.1642500e+03   1.0376303e-02
   2.0790000e+03   1.1645000e+03   9.0688615e-03
   2.0800000e+03   1.1647500e+03   9.2703153e-03
   2.0810000e+03   1.1650000e+03   1.0119271e-02
   2.0820000e+03   1.1652500e+03   1.1358183e-02
   2.0830000e+03   1.1655000e+03   1.2330276e-02
   2.0840000e+03   1.1657500e+03   1.3519006e-02
   2.0850000e+03   1.1660000e+03   1.4353508e-02
   2.0860000e+03   1.1662500e+03   1.4896443e-02
   2.0870000e+03   1.1665000e+03   1.5926856e-02
   2.0880000e+03   1.1667500e+03   1.6869315e-02
   2.0890000e+03   1.1670000e+03   1.4214516e-02
   2.0900000e+03   1.1672500e+03   1.1070795e-02
   2.0910000e+03   1.1675000e+03   1.0687667e-02
   2.0920000e+03   1.1677500e+03   1.0434164e-02
   2.0930000e+03   1.1680000e+03   9.3060031e-03
   2.0940000e+03   1.1682500e+03   8.8773729e-03
   2.0950000e+03   1.1685000e+03   9.5922413e-03
   2.0960000e+03   1.1687500e+03   1.0312740e-02
   2.0970000e+03   1.1690000e+03   1.0560113e-02
   2.0980000e+03   1.1692500e+03   1.1834180e-02
   2.0990000e+03   1.1695000e+03   1.3176815e-02
   2.1000000e+03   1.1697500e+03   1.3954421e-02
   2.1010000e+03   1.1700000e+03   1.4648475e-02
   2.1020000e+03   1.1702500e+03   1.4730419e-02
   2.1030000e+03   1.1705000e+03   1.2628811e-02
   2.1040000e+03   1.1707500e+03   9.8525112e-03
   2.1050000e+03   1.1710000e+03   8.6098937e-03
   2.1060000e+03   1.1712500e+03   8.2689436e-03
   2.1070000e+03   1.1715000e+03   8.2428187e-03
   2.1080000e+03   1.1717500e+03   8.1270918e-03
   2.1090000e+03   1.1720000e+03   8.1018215e-03
   2.1100000e+03   1.1722500e+03   8.4662344e-03
   2.1110000e+03   1.1725000e+03   9.2823673e-03
   2.1120000e+03   1.1727500e+03   1.0228987e-02
   2.1130000e+03   1.1730000e+03   1.0614346e-02
   2.1140000e+03   1.1732500e+03   1.1463958e-02
   2.1150000e+03   1.1735000e+03   1.2008182e-02
   2.1160000e+03   1.1737500e+03   1.0840360e-02
   2.1170000e+03   1.1740000e+03   8.3860524e-03
   2.1180000e+03   1.1742500e+03   6.8462142e-03
   2.1190000e+03   1.1745000e+03   6.7056556e-03
   2.1200000e+03   1.1747500e+03   6.9941311e-03
   2.1210000e+03   1.1750000e+03   7.1517902e-03
   2.1220000e+03   1.1752500e+03   7.0224783e-03
   2.1230000e+03   1.1755000e+03   7.2276782e-03
   2.1240000e+03   1.1757500e+03   7.9829468e-03
   2.1250000e+03   1.1760000e+03   8.8989738e-03
   2.1260000e+03   1.1762500e+03   9.9120750e-03
   2.1270000e+03   1.1765000e+03   1.0889878e-02
   2.1280000e+03   1.1767500e+03   1.1316473e-02
   2.1290000e+03   1.1770000e+03   1.0052895e-02
   2.1300000e+03   1.1772500e+03   8.1139375e-03
   2.1310000e+03   1.1775000e+03   6.1742459e-03
   2.1320000e+03   1.1777500e+03   5.0551479e-03
   2.1330000e+03   1.1780000e+03   5.0902781e-03
   2.1340000e+03   1.1782500e+03   5.4158640e-03
   2.1350000e+03   1.1785000e+03   5.7426197e-03
   2.1360000e+03   1.1787500e+03   5.8800971e-03
   2.1370000e+03   1.1790000e+03   6.3947250e-03
   2.1380000e+03   1.1792500e+03   6.7522899e-03
   2.1390000e+03   1.1795000e+03   7.1143238e-03
   2.1400000e+03   1.1797500e+03   7.4914428e-03
   2.1410000e+03   1.1800000e+03   7.6885465e-03
   2.1420000e+03   1.1802500e+03   8.0181346e-03
   2.1430000e+03   1.1805000e+03   7.1249370e-03
   2.1440000e+03   1.1807500e+03   5.5968093e-03
   2.1450000e+03   1.1810000e+03   4.2070199e-03
   2.1460000e+03   1.1812500e+03   4.1065464e-03
   2.1470000e+03   1.1815000e+03   4.3808869e-03
   2.1480000e+03   1.1817500e+03   4.2380725e-03
   2.1490000e+03   1.1820000e+03   4.7017935e-03
   2.1500000e+03   1.1822500e+03   5.4418971e-03
   2.1510000e+03   1.1825000e+03   6.1182544e-03
   2.1520000e+03   1.1827500e+03   6.5460716e-03
   2.1530000e+03   1.1830000e+03   6.9538444e-03
   2.1540000e+03   1.1832500e+03   7.3418262e-03
   2.1550000e+03   1.1835000e+03   7.4419887e-03
   2.1560000e+03   1.1837500e+03   6.7402182e-03
   2.1570000e+03   1.1840000e+03   5.1526380e-03
   2.1580000e+03   1.1842500e+03   4.0779741e-03
   2.1590000e+03   1.1845000e+03   3.4528428e-03
   2.1600000e+03   1.1847500e+03   3.6213225e-03
   2.1610000e+03   1.1850000e+03   3.8099429e-03
   2.1620000e+03   1.1852500e+03   3.8913265e-03
   2.1630000e+03   1.1855000e+03   3.8620253e-03
   2.1640000e+03   1.1857500e+03   3.9350057e-03
   2.1650000e+03   1.1860000e+03   4.5780465e-03
   2.1660000e+03   1.1862500e+03   5.3519758e-03
   2.1670000e+03   1.1865000e+03   5.8889878e-03
   2.1680000e+03   1.1867500e+03   6.0125732e-03
   2.1690000e+03   1.1870000e+03   5.9264359e-03
   2.1700000e+03   1.1872500e+03   5.1016077e-03
   2.1710000e+03   1.1875000e+03   4.1242211e-03
   2.1720000e+03   1.1877500e+03   3.8351926e-03
   2.1730000e+03   1.1880000e+03   3.8400115e-03
   2.1740000e+03   1.1882500e+03   3.8964919e-03
   2.1750000e+03   1.1885000e+03   3.5133508e-03
   2.1760000e+03   1.1887500e+03   3.6728818e-03
   2.1770000e+03   1.1890000e+03   3.9299277e-03
   2.1780000e+03   1.1892500e+03   4.1129714e-03
   2.1790000e+03   1.1895000e+03   4.3660890e-03
   2.1800000e+03   1.1897500e+03   4.7044564e-03
   2.1810000e+03   1.1900000e+03   5.3568362e-03
   2.1820000e+03   1.1902500e+03   5.6117813e-03
   2.1830000e+03   1.1905000e+03   5.1227320e-03
   2.1840000e+03   1.1907500e+03   4.1508303e-03
   2.1850000e+03   1.1910000e+03   3.6879143e-03
   2.1860000e+03   1.1912500e+03   3.5122224e-03
   2.1870000e+03   1.1915000e+03   3.4333129e-03
   2.1880000e+03   1.1917500e+03   3.4093551e-03
   2.1890000e+03   1.1920000e+03   3.3696411e-03
   2.1900000e+03   1.1922500e+03   3.6194573e-03
   2.1910000e+03   1.1925000e+03   3.6303170e-03
   2.1920000e+03   1.1927500e+03   3.8247884e-03
   2.1930000e+03   1.1930000e+03   3.8841336e-03
   2.1940000e+03   1.1932500e+03   4.0927331e-03
   2.1950000e+03   1.1935000e+03   4.1609085e-03
   2.1960000e+03   1.1937500e+03   3.8785231e-03
   2.1970000e+03   1.1940000e+03   3.5747303e-03
   2.1980000e+03   1.1942500e+03   3.3132090e-03
   2.1990000e+03   1.1945000e+03   3.3281588e-03
   2.2000000e+03   1.1947500e+03   3.2634865e-03
   2.2010000e+03   1.1950000e+03   3.2863281e-03
   2.2020000e+03   1.1952500e+03   3.2574804e-03
   2.2030000e+03   1.1955000e+03   3.4104759e-03
   2.2040000e+03   1.1957500e+03   3.4427442e-03
   2.2050000e+03   1.1960000e+03   3.3894875e-03
   2.2060000e+03   1.1962500e+03   3.6248682e-03
   2.2070000e+03   1.1965000e+03   3.6432316e-03
   2.2080000e+03   1.1967500e+03   3.7060203e-03
   2.2090000e+03   1.1970000e+03   3.3807052e-03
   2.2100000e+03   1.1972500e+03   3.0600371e-03
   2.2110000e+03   1.1975000e+03   2.7811183e-03
   2.2120000e+03   1.1977500e+03   2.6391981e-03
   2.2130000e+03   1.1980000e+03   2.7637495e-03
   2.2140000e+03   1.1982500e+03   2.9114549e-03
   2.2150000e+03   1.1985000e+03   2.9908262e-03
   2.2160000e+03   1.1987500e+03   2.9472423e-03
   2.2170000e+03   1.1990000e+03   3.0517535e-03
   2.2180000e+03   1.1992500e+03   3.0585894e-03
   2.2190000e+03   1.1995000e+03   3.2016506e-03
   2.2200000e+03   1.1997500e+03   3.1669595e-03
   2.2210000e+03   1.2000000e+03   3.1083470e-03
   2.2220000e+03   1.2002500e+03   2.9321254e-03
   2.2230000e+03   1.2005000e+03   2.5549411e-03
   2.2240000e+03   1.2007500e+03   2.4397522e-03
   2.2250000e+03   1.2010000e+03   2.2648671e-03
   2.2260000e+03   1.2012500e+03   2.2967185e-03
   2.2270000e+03   1.2015000e+03   2.2091016e-03
   2.2280000e+03   1.2017500e+03   2.3426956e-03
   2.2290000e+03   1.2020000e+03   2.5627217e-03
   2.2300000e+03   1.2022500e+03   2.6819313e-03
   2.2310000e+03   1.2025000e+03   2.7021877e-03
   2.2320000e+03   1.2027500e+03   2.7524145e-03
   2.2330000e+03   1.2030000e+03   2.7833666e-03
   2.2340000e+03   1.2032500e+03   2.6746260e-03
   2.2350000e+03   1.2035000e+03   2.6007640e-03
   2.2360000e+03   1.2037500e+03   2.3087053e-03
   2.2370000e+03   1.2040000e+03   2.1658024e-03
   2.2380000e+03   1.2042500e+03   2.0549252e-03
   2.2390000e+03   1.2045000e+03   2.0038439e-03
   2.2400000e+03   1.2047500e+03   1.9898534e-03
   2.2410000e+03   1.2050000e+03   2.0120673e-03
   2.2420000e+03   1.2052500e+03   2.2082543e-03
   2.2430000e+03   1.2055000e+03   2.2262019e-03
   2.2440000e+03   1.2057500e+03   2.4224902e-03
   2.2450000e+03   1.2060000e+03   2.5784368e-03
   2.2460000e+03   1.2062500e+03   2.6795497e-03
   2.2470000e+03   1.2065000e+03   2.5732998e-03
   2.2480000e+03   1.2067500e+03   2.4234015e-03
   2.2490000e+03   1.2070000e+03   2.1989641e-03
   2.2500000e+03   1.2072500e+03   2.0907030e-03
   2.2510000e+03   1.2075000e+03   2.0619789e-03
   2.2520000e+03   1.2077500e+03   1.9892060e-03
   2.2530000e+03   1.2080000e+03   2.0050190e-03
   2.2540000e+03   1.2082500e+03   1.9209813e-03
   2.2550000e+03   1.2085000e+03   1.9361692e-03
   2.2560000e+03   1.2087500e+03   1.8912126e-03
   2.2570000e+03   1.2090000e+03   1.9074591e-03
   2.2580000e+03   1.2092500e+03   1.9211660e-03
   2.2590000e+03   1.2095000e+03   1.9092137e-03
   2.2600000e+03   1.2097500e+03   2.0319503e-03
   2.2610000e+03   1.2100000e+03   2.0055937e-03
   2.2620000e+03   1.2102500e+03   1.9325671e-03
   2.2630000e+03   1.2105000e+03   1.8149672e-03
   2.2640000e+03   1.2107500e+03   1.7847846e-03
   2.2650000e+03   1.2110000e+03   1.6923665e-03
   2.2660000e+03   1.2112500e+03   1.7124709e-03
   2.2670000e+03   1.2115000e+03   1.6460941e-03
   2.2680000e+03   1.2117500e+03   1.6424178e-03
   2.2690000e+03   1.2120000e+03   1.6105621e-03
   2.2700000e+03   1.2122500e+03   1.6154788e-03
   2.2710000e+03   1.2125000e+03   1.6180346e-03
   2.2720000e+03   1.2127500e+03   1.5444632e-03
   2.2730000e+03   1.2130000e+03   1.4966281e-03
   2.2740000e+03   1.2132500e+03   1.3723146e-03
   2.2750000e+03   1.2135000e+03   1.3927359e-03
   2.2760000e+03   1.2137500e+03   1.4857322e-03
   2.2770000e+03   1.2140000e+03   1.5069634e-03
   2.2780000e+03   1.2142500e+03   1.4748710e-03
   2.2790000e+03   1.2145000e+03   1.4447046e-03
   2.2800000e+03   1.2147500e+03   1.4232603e-03
   2.2810000e+03   1.2150000e+03   1.3898261e-03
   2.2820000e+03   1.2152500e+03   1.3963591e-03
   2.2830000e+03   1.2155000e+03   1.3469415e-03
   2.2840000e+03   1.2157500e+03   1.3653215e-03
   2.2850000e+03   1.2160000e+03   1.2500595e-03
   2.2860000e+03   1.2162500e+03   1.1891519e-03
   2.2870000e+03   1.2165000e+03   1.0867960e-03
   2.2880000e+03   1.2167500e+03   1.0911314e-03
   2.2890000e+03   1.2170000e+03   1.0402147e-03
   2.2900000e+03   1.2172500e+03   1.0604562e-03
   2.2910000e+03   1.2175000e+03   1.1540203e-03
   2.2920000e+03   1.2177500e+03   1.2041485e-03
   2.2930000e+03   1.2180000e+03   1.1799328e-03
   2.2940000e+03   1.2182500e+03   1.1650293e-03
   2.2950000e+03   1.2185000e+03   1.1463119e-03
   2.2960000e+03   1.2187500e+03   1.1070491e-03
   2.2970000e+03   1.2190000e+03   1.0706716e-03
   2.2980000e+03   1.2192500e+03   9.9970704e-04
   2.2990000e+03   1.2195000e+03   9.3888979e-04
   2.3000000e+03   1.2197500e+03   8.8837805e-04
   2.3010000e+03   1.2200000e+03   8.6608019e-04
   2.3020000e+03   1.2202500e+03   8.5259960e-04
   2.3030000e+03   1.2205000e+03   8.2124393e-04
   2.3040000e+03   1.2207500e+03   8.5421237e-04
   2.3050000e+03   1.2210000e+03   8.3142272e-04
   2.3060000e+03   1.2212500e+03   9.0618238e-04
   2.3070000e+03   1.2215000e+03   9.2084100e-04
   2.3080000e+03   1.2217500e+03   9.3259146e-04
   2.3090000e+03   1.2220000e+03   8.8402091e-04
   2.3100000e+03   1.2222500e+03   8.7121690e-04
   2.3110000e+03   1.2225000e+03   8.1425618e-04
   2.3120000e+03   1.2227500e+03   7.9831963e-04
   2.3130000e+03   1.2230000e+03   7.4814170e-04
   2.3140000e+03   1.2232500e+03   7.3419650e-04
   2.3150000e+03   1.2235000e+03   6.9019925e-04
   2.3160000e+03   1.2237500e+03   6.7445280e-04
   2.3170000e+03   1.2240000e+03   6.4718602e-04
   2.3180000e+03   1.2242500e+03   6.3813760e-04
   2.3190000e+03   1.2245000e+03   6.3650998e-04
   2.3200000e+03   1.2247500e+03   6.2735597e-04
   2.3210000e+03   1.2250000e+03   6.5676271e-04
   2.3220000e+03   1.2252500e+03   6.7940611e-04
   2.3230000e+03   1.2255000e+03   6.4149840e-04
   2.3240000e+03   1.2257500e+03   6.2971832e-04
   2.3250000e+03   1.2260000e+03   6.0337709e-04
   2.3260000e+03   1.2262500e+03   5.9235006e-04
   2.3270000e+03   1.2265000e+03   5.7095312e-04
   2.3280000e+03   1.2267500e+03   5.6316171e-04
   2.3290000e+03   1.2270000e+03   5.3602060e-04
   2.3300000e+03   1.2272500e+03   5.3112416e-04
   2.3310000e+03   1.2275000e+03   4.9910375e-04
   2.3320000e+03   1.2277500e+03   4.9884865e-04
   2.3330000e+03   1.2280000e+03   4.5968515e-04
   2.3340000e+03   1.2282500e+03   4.6028709e-04
   2.3350000e+03   1.2285000e+03   4.1855805e-04
   2.3360000e+03   1.2287500e+03   4.4955952e-04
   2.3370000e+03   1.2290000e+03   4.6095486e-04
   2.3380000e+03   1.2292500e+03   4.7221816e-04
   2.3390000e+03   1.2295000e+03   4.4885398e-04
   2.3400000e+03   1.2297500e+03   4.6394996e-04
   2.3410000e+03   1.2300000e+03   4.6171318e-04
   2.3420000e+03   1.2302500e+03   4.9403967e-04
   2.3430000e+03   1.2305000e+03   4.5870618e-04
   2.3440000e+03   1.2307500e+03   4.5498895e-04
   2.3450000e+03   1.2310000e+03   4.2268815e-04
   2.3460000e+03   1.2312500e+03   4.1005109e-04
   2.3470000e+03   1.2315000e+03   3.8644144e-04
   2.3480000e+03   1.2317500e+03   3.7847395e-04
   2.3490000e+03   1.2320000e+03   3.6254762e-04
   2.3500000e+03   1.2322500e+03   3.6491945e-04
   2.3510000e+03   1.2325000e+03   3.8348088e-04
   2.3520000e+03   1.2327500e+03   4.0580708e-04
   2.3530000e+03   1.2330000e+03   3.8645942e-04
   2.3540000e+03   1.2332500e+03   3.9361377e-04
   2.3550000e+03   1.2335000e+03   3.6045833e-04
   2.3560000e+03   1.2337500e+03   3.5887186e-04
   2.3570000e+03   1.2340000e+03   3.3458446e-04
   2.3580000e+03   1.2342500e+03   3.3304743e-04
   2.3590000e+03   1.2345000e+03   3.0949161e-04
   2.3600000e+03   1.2347500e+03   3.0730532e-04
   2.3610000e+03   1.2350000e+03   2.8160142e-04
   2.3620000e+03   1.2352500e+03   2.8317781e-04
   2.3630000e+03   1.2355000e+03   2.6012705e-04
   2.3640000e+03   1.2357500e+03   2.8509192e-04
   2.3650000e+03   1.2360000e+03   2.7922286e-04
   2.3660000e+03   1.2362500e+03   3.2068724e-04
   2.3670000e+03   1.2365000e+03   2.7968946e-04
   2.3680000e+03   1.2367500e+03   2.9590725e-04
   2.3690000e+03   1.2370000e+03   2.6579113e-04
   2.3700000e+03   1.2372500e+03   2.7021101e-04
   2.3710000e+03   1.2375000e+03   2.3702028e-04
   2.3720000e+03   1.2377500e+03   2.4780772e-04
   2.3730000e+03   1.2380000e+03   2.2291455e-04
   2.3740000e+03   1.2382500e+03   2.3062417e-04
   2.3750000e+03   1.2385000e+03   2.0416466e-04
   2.3760000e+03   1.2387500e+03   2.1329920e-04
   2.3770000e+03   1.2390000e+03   1.8402155e-04
   2.3780000e+03   1.2392500e+03   1.9307939e-04
   2.3790000e+03   1.2395000e+03   1.7784610e-04
   2.3800000e+03   1.2397500e+03   1.9908877e-04
   2.3810000e+03   1.2400000e+03   1.9929704e-04
   2.3820000e+03   1.2402500e+03   2.0581201e-04
   2.3830000e+03   1.2405000e+03   1.8986683e-04
   2.3840000e+03   1.2407500e+03   1.9780352e-04
   2.3850000e+03   1.2410000e+03   1.6078113e-04
   2.3860000e+03   1.2412500e+03   1.7344100e-04
   2.3870000e+03   1.2415000e+03   1.5615495e-04
   2.3880000e+03   1.2417500e+03   1.7128652e-04
   2.3890000e+03   1.2420000e+03   1.3950544e-04
   2.3900000e+03   1.2422500e+03   1.5144612e-04
   2.3910000e+03   1.2425000e+03   1.3130324e-04
   2.3920000e+03   1.2427500e+03   1.4760388e-04
   2.3930000e+03   1.2430000e+03   1.2229600e-04
   2.3940000e+03   1.2432500e+03   1.4708042e-04
   2.3950000e+03   1.2435000e+03   1.3711522e-04
   2.3960000e+03   1.2437500e+03   1.5154085e-04
   2.3970000e+03   1.2440000e+03   1.2895199e-04
   2.3980000e+03   1.2442500e+03   1.3716312e-04
   2.3990000e+03   1.2445000e+03   1.1713296e-04
   2.4000000e+03   1.2447500e+03   1.3023796e-04
   2.4010000e+03   1.2450000e+03   1.0192969e-04
   2.4020000e+03   1.2452500e+03   1.2674262e-04
   2.4030000e+03   1.2455000e+03   9.0022453e-05
   2.4040000e+03   1.2457500e+03   1.1679157e-04
   2.6660000e+03   1.3112500e+03   1.4701983e-04
   2.6670000e+03   1.3115000e+03   1.1207167e-04
   2.6680000e+03   1.3117500e+03   2.2811510e-04
   2.6690000e+03   1.3120000e+03   1.9207848e-04
   2.6700000e+03   1.3122500e+03   3.0578613e-04
   2.6710000e+03   1.3125000e+03   3.3009841e-04
   2.6720000e+03   1.3127500e+03   5.4536311e-04
   2.6730000e+03   1.3130000e+03   6.1266930e-04
   2.6740000e+03   1.3132500e+03   6.3717888e-04
   2.6750000e+03   1.3135000e+03   5.9971461e-04
   2.6760000e+03   1.3137500e+03   6.7366311e-04
   2.6770000e+03   1.3140000e+03   7.1343441e-04
   2.6780000e+03   1.3142500e+03   9.9278739e-04
   2.6790000e+03   1.3145000e+03   1.1511844e-03
   2.6800000e+03   1.3147500e+03   1.2647739e-03
   2.6810000e+03   1.3150000e+03   1.1910445e-03
   2.6820000e+03   1.3152500e+03   1.2547543e-03
   2.6830000e+03   1.3155000e+03   1.2740510e-03
   2.6840000e+03   1.3157500e+03   1.5736060e-03
   2.6850000e+03   1.3160000e+03   1.7813816e-03
   2.6860000e+03   1.3162500e+03   1.9524655e-03
   2.6870000e+03   1.3165000e+03   2.0046831e-03
   2.6880000e+03   1.3167500e+03   2.0803052e-03
   2.6890000e+03   1.3170000e+03   2.0727713e-03
   2.6900000e+03   1.3172500e+03   2.5411433e-03
   2.6910000e+03   1.3175000e+03   2.7585503e-03
   2.6920000e+03   1.3177500e+03   2.9594589e-03
   2.6930000e+03   1.3180000e+03   3.2903147e-03
   2.6940000e+03   1.3182500e+03   3.3109437e-03
   2.6950000e+03   1.3185000e+03   3.0180844e-03
   2.6960000e+03   1.3187500e+03   3.4333239e-03
   2.6970000e+03   1.3190000e+03   3.8094098e-03
   2.6980000e+03   1.3192500e+03   4.0083491e-03
   2.6990000e+03   1.3195000e+03   4.6732873e-03
   2.7000000e+03   1.3197500e+03   4.6987391e-03
   2.7010000e+03   1.3200000e+03   4.2367191e-03
   2.7020000e+03   1.3202500e+03   4.7540670e-03
   2.7030000e+03   1.3205000e+03   5.0709173e-03
   2.7040000e+03   1.3207500e+03   5.3048527e-03
   2.7050000e+03   1.3210000e+03   6.5554426e-03
   2.7060000e+03   1.3212500e+03   6.8181973e-03
   2.7070000e+03   1.3215000e+03   5.9859143e-03
   2.7080000e+03   1.3217500e+03   6.3685945e-03
   2.7090000e+03   1.3220000e+03   7.1740762e-03
   2.7100000e+03   1.3222500e+03   9.0072328e-03
   2.7110000e+03   1.3225000e+03   9.4215599e-03
   2.7120000e+03   1.3227500e+03   9.0171472e-03
   2.7130000e+03   1.3230000e+03   8.4750299e-03
   2.7140000e+03   1.3232500e+03   8.7731631e-03
   2.7150000e+03   1.3235000e+03   8.6136606e-03
   2.7160000e+03   1.3237500e+03   9.3003560e-03
   2.7170000e+03   1.3240000e+03   1.0799924e-02
   2.7180000e+03   1.3242500e+03   1.1387598e-02
   2.7190000e+03   1.3245000e+03   1.1565772e-02
   2.7200000e+03   1.3247500e+03   1.1374380e-02
   2.7210000e+03   1.3250000e+03   1.0914150e-02
   2.7220000e+03   1.3252500e+03   1.2254713e-02
   2.7230000e+03   1.3255000e+03   1.3593106e-02
   2.7240000e+03   1.3257500e+03   1.4516399e-02
   2.7250000e+03   1.3260000e+03   1.5709558e-02
   2.7260000e+03   1.3262500e+03   1.4863011e-02
   2.7270000e+03   1.3265000e+03   1.3823051e-02
   2.7280000e+03   1.3267500e+03   1.5126512e-02
   2.7290000e+03   1.3270000e+03   1.7001891e-02
   2.7300000e+03   1.3272500e+03   1.9821762e-02
   2.7310000e+03   1.3275000e+03   1.8708531e-02
   2.7320000e+03   1.3277500e+03   1.7514880e-02
   2.7330000e+03   1.3280000e+03   1.8773832e-02
   2.7340000e+03   1.3282500e+03   2.0190937e-02
   2.7350000e+03   1.3285000e+03   2.0428993e-02
   2.7360000e+03   1.3287500e+03   2.3349219e-02
   2.7370000e+03   1.3290000e+03   2.6071331e-02
   2.7380000e+03   1.3292500e+03   2.4412390e-02
   2.7390000e+03   1.3295000e+03   2.3947502e-02
   2.7400000e+03   1.3297500e+03   2.4046638e-02
   2.7410000e+03   1.3300000e+03   2.4631196e-02
   2.7420000e+03   1.3302500e+03   2.8457395e-02
   2.7430000e+03   1.3305000e+03   3.0728122e-02
   2.7440000e+03   1.3307500e+03   3.0054749e-02
   2.7450000e+03   1.3310000e+03   2.9188121e-02
   2.7460000e+03   1.3312500e+03   2.7916877e-02
   2.7470000e+03   1.3315000e+03   3.0173394e-02
   2.7480000e+03   1.3317500e+03   3.3977917e-02
   2.7490000e+03   1.3320000e+03   3.5198395e-02
   2.7500000e+03   1.3322500e+03   3.7242918e-02
   2.7510000e+03   1.3325000e+03   4.0487232e-02
   2.7520000e+03   1.3327500e+03   4.3412675e-02
   2.7530000e+03   1.3330000e+03   4.1894099e-02
   2.7540000e+03   1.3332500e+03   4.1365700e-02
   2.7550000e+03   1.3335000e+03   4.6869187e-02
   2.7560000e+03   1.3337500e+03   4.9715085e-02
   2.7570000e+03   1.3340000e+03   4.3935921e-02
   2.7580000e+03   1.3342500e+03   4.4164804e-02
   2.7590000e+03   1.3345000e+03   4.6741699e-02
   2.7600000e+03   1.3347500e+03   4.7840627e-02
   2.7610000e+03   1.3350000e+03   5.6653094e-02
   2.7620000e+03   1.3352500e+03   5.8640032e-02
   2.7630000e+03   1.3355000e+03   5.2499467e-02
   2.7640000e+03   1.3357500e+03   5.3551832e-02
   2.7650000e+03   1.3360000e+03   5.3091454e-02
   2.7660000e+03   1.3362500e+03   5.6584550e-02
   2.7670000e+03   1.3365000e+03   6.6780718e-02
   2.7680000e+03   1.3367500e+03   7.2186008e-02
   2.7690000e+03   1.3370000e+03   6.9157461e-02
   2.7700000e+03   1.3372500e+03   5.8921035e-02
   2.7710000e+03   1.3375000e+03   5.7245086e-02
   2.7720000e+03   1.3377500e+03   7.4641141e-02
   2.7730000e+03   1.3380000e+03   7.8565537e-02
   2.7740000e+03   1.3382500e+03   7.8720520e-02
   2.7750000e+03   1.3385000e+03   7.4241058e-02
   2.7760000e+03   1.3387500e+03   6.7949458e-02
   2.7770000e+03   1.3390000e+03   7.3332662e-02
   2.7780000e+03   1.3392500e+03   8.0564386e-02
   2.7790000e+03   1.3395000e+03   8.5749564e-02
   2.7800000e+03   1.3397500e+03   9.1512432e-02
   2.7810000e+03   1.3400000e+03   8.1893610e-02
   2.7820000e+03   1.3402500e+03   7.8188590e-02
   2.7830000e+03   1.3405000e+03   8.5670355e-02
   2.7840000e+03   1.3407500e+03   8.7269459e-02
   2.7850000e+03   1.3410000e+03   9.9174380e-02
   2.7860000e+03   1.3412500e+03   1.1260834e-01
   2.7870000e+03   1.3415000e+03   1.1330375e-01
   2.7880000e+03   1.3417500e+03   1.0085987e-01
   2.7890000e+03   1.3420000e+03   8.6275405e-02
   2.7900000e+03   1.3422500e+03   9.3936724e-02
   2.7910000e+03   1.3425000e+03   1.0368139e-01
   2.7920000e+03   1.3427500e+03   1.1306224e-01
   2.7930000e+03   1.3430000e+03   1.0331512e-01
   2.7940000e+03   1.3432500e+03   9.7445583e-02
   2.7950000e+03   1.3435000e+03   1.0154893e-01
   2.7960000e+03   1.3437500e+03   1.1880966e-01
   2.7970000e+03   1.3440000e+03   1.2748035e-01
   2.7980000e+03   1.3442500e+03   1.2102892e-01
   2.7990000e+03   1.3445000e+03   1.0948496e-01
   2.8000000e+03   1.3447500e+03   1.0497528e-01
   2.8010000e+03   1.3450000e+03   1.1768677e-01
   2.8020000e+03   1.3452500e+03   1.2954202e-01
   2.8030000e+03   1.3455000e+03   1.3996681e-01
   2.8040000e+03   1.3457500e+03   1.3504357e-01
   2.8050000e+03   1.3460000e+03   1.1191252e-01
   2.8060000e+03   1.3462500e+03   1.0060090e-01
   2.8070000e+03   1.3465000e+03   1.1353077e-01
   2.8080000e+03   1.3467500e+03   1.3710930e-01
   2.8090000e+03   1.3470000e+03   1.1295630e-01
   2.8100000e+03   1.3472500e+03   1.0506127e-01
   2.8110000e+03   1.3475000e+03   1.1832829e-01
   2.8120000e+03   1.3477500e+03   1.3525175e-01
   2.8130000e+03   1.3480000e+03   1.6773020e-01
   2.8140000e+03   1.3482500e+03   1.7266187e-01
   2.8150000e+03   1.3485000e+03   1.4675961e-01
   2.8160000e+03   1.3487500e+03   1.2764774e-01
   2.8170000e+03   1.3490000e+03   1.2782353e-01
   2.8180000e+03   1.3492500e+03   1.2718509e-01
   2.8190000e+03   1.3495000e+03   1.4378758e-01
   2.8200000e+03   1.3497500e+03   1.5729949e-01
   2.8210000e+03   1.3500000e+03   1.4308934e-01
   2.8220000e+03   1.3502500e+03   1.2716077e-01
   2.8230000e+03   1.3505000e+03   1.2042351e-01
   2.8240000e+03   1.3507500e+03   1.2515812e-01
   2.8250000e+03   1.3510000e+03   1.4463257e-01
   2.8260000e+03   1.3512500e+03   1.5023482e-01
   2.8270000e+03   1.3515000e+03   1.2576752e-01
   2.8280000e+03   1.3517500e+03   1.2333314e-01
   2.8290000e+03   1.3520000e+03   1.3038957e-01
   2.8300000e+03   1.3522500e+03   1.3069499e-01
   2.8310000e+03   1.3525000e+03   1.4228917e-01
   2.8320000e+03   1.3527500e+03   1.5364153e-01
   2.8330000e+03   1.3530000e+03   1.4220375e-01
   2.8340000e+03   1.3532500e+03   1.1831368e-01
   2.8350000e+03   1.3535000e+03   1.1185681e-01
   2.8360000e+03   1.3537500e+03   1.2244316e-01
   2.8370000e+03   1.3540000e+03   1.3048850e-01
   2.8380000e+03   1.3542500e+03   1.0877457e-01
   2.8390000e+03   1.3545000e+03   1.0109941e-01
   2.8400000e+03   1.3547500e+03   1.0197248e-01
   2.8410000e+03   1.3550000e+03   9.9012193e-02
   2.8420000e+03   1.3552500e+03   1.0539062e-01
   2.8430000e+03   1.3555000e+03   1.0602833e-01
   2.8440000e+03   1.3557500e+03   1.0014546e-01
   2.8450000e+03   1.3560000e+03   9.7495071e-02
   2.8460000e+03   1.3562500e+03   9.7546199e-02
   2.8470000e+03   1.3565000e+03   1.1054678e-01
   2.8480000e+03   1.3567500e+03   1.1551924e-01
   2.8490000e+03   1.3570000e+03   1.0423698e-01
   2.8500000e+03   1.3572500e+03   1.0325340e-01
   2.8510000e+03   1.3575000e+03   1.0677119e-01
   2.8520000e+03   1.3577500e+03   1.1305319e-01
   2.8530000e+03   1.3580000e+03   1.2345402e-01
   2.8540000e+03   1.3582500e+03   1.2612817e-01
   2.8550000e+03   1.3585000e+03   1.2937622e-01
   2.8560000e+03   1.3587500e+03   1.3722121e-01
   2.8570000e+03   1.3590000e+03   1.4868574e-01
   2.8580000e+03   1.3592500e+03   1.6269423e-01
   2.8590000e+03   1.3595000e+03   1.7558613e-01
   2.8600000e+03   1.3597500e+03   1.8011699e-01
   2.8610000e+03   1.3600000e+03   1.9686745e-01
   2.8620000e+03   1.3602500e+03   2.2065238e-01
   2.8630000e+03   1.3605000e+03   2.2771734e-01
   2.8640000e+03   1.3607500e+03   2.4165252e-01
   2.8650000e+03   1.3610000e+03   2.4949657e-01
   2.8660000e+03   1.3612500e+03   2.4453257e-01
   2.8670000e+03   1.3615000e+03   2.2088843e-01
   2.8680000e+03   1.3617500e+03   1.7607465e-01
   2.8690000e+03   1.3620000e+03   1.0858065e-01
   2.8700000e+03   1.3622500e+03   5.0975993e-02
   2.8710000e+03   1.3625000e+03   2.5855689e-02
   2.8720000e+03   1.3627500e+03   1.8259397e-02
   2.8730000e+03   1.3630000e+03   1.4786237e-02
   2.8740000e+03   1.3632500e+03   1.2485037e-02
   2.8750000e+03   1.3635000e+03   1.2962620e-02
   2.8760000e+03   1.3637500e+03   1.7873004e-02
   2.8770000e+03   1.3640000e+03   2.3404229e-02
   2.8780000e+03   1.3642500e+03   2.5937064e-02
   2.8790000e+03   1.3645000e+03   2.5234616e-02
   2.8800000e+03   1.3647500e+03   2.5109072e-02
   2.8810000e+03   1.3650000e+03   3.4072438e-02
   2.8820000e+03   1.3652500e+03   4.6355099e-02
   2.8830000e+03   1.3655000e+03   5.1849525e-02
   2.8840000e+03   1.3657500e+03   5.5771762e-02
   2.8850000e+03   1.3660000e+03   5.9289753e-02
   2.8860000e+03   1.3662500e+03   7.9743009e-02
   2.8870000e+03   1.3665000e+03   8.7038270e-02
   2.8880000e+03   1.3667500e+03   9.0495557e-02
   2.8890000e+03   1.3670000e+03   8.7313165e-02
   2.8900000e+03   1.3672500e+03   8.6760057e-02
   2.8910000e+03   1.3675000e+03   1.0438339e-01
   2.8920000e+03   1.3677500e+03   1.2380053e-01
   2.8930000e+03   1.3680000e+03   1.3191103e-01
   2.8940000e+03   1.3682500e+03   1.2549846e-01
   2.8950000e+03   1.3685000e+03   1.2332296e-01
   2.8960000e+03   1.3687500e+03   1.4672441e-01
   2.8970000e+03   1.3690000e+03   1.6585302e-01
   2.8980000e+03   1.3692500e+03   1.6892688e-01
   2.8990000e+03   1.3695000e+03   1.5696977e-01
   2.9000000e+03   1.3697500e+03   1.5374855e-01
   2.9010000e+03   1.3700000e+03   1.6521032e-01
   2.9020000e+03   1.3702500e+03   1.8579542e-01
   2.9030000e+03   1.3705000e+03   1.9148647e-01
   2.9040000e+03   1.3707500e+03   1.7475072e-01
   2.9050000e+03   1.3710000e+03   1.6524122e-01
   2.9060000e+03   1.3712500e+03   1.8088654e-01
   2.9070000e+03   1.3715000e+03   2.0300744e-01
   2.9080000e+03   1.3717500e+03   2.0118978e-01
   2.9090000e+03   1.3720000e+03   1.7790999e-01
   2.9100000e+03   1.3722500e+03   1.7091419e-01
   2.9110000e+03   1.3725000e+03   1.9131213e-01
   2.9120000e+03   1.3727500e+03   2.1333166e-01
   2.9130000e+03   1.3730000e+03   2.1184640e-01
   2.9140000e+03   1.3732500e+03   1.7972650e-01
   2.9150000e+03   1.3735000e+03   1.7850607e-01
   2.9160000e+03   1.3737500e+03   1.9968479e-01
   2.9170000e+03   1.3740000e+03   2.1429577e-01
   2.9180000e+03   1.3742500e+03   1.9294717e-01
   2.9190000e+03   1.3745000e+03   1.7115800e-01
   2.9200000e+03   1.3747500e+03   1.8031973e-01
   2.9210000e+03   1.3750000e+03   1.9964913e-01
   2.9220000e+03   1.3752500e+03   2.1452292e-01
   2.9230000e+03   1.3755000e+03   1.8883365e-01
   2.9240000e+03   1.3757500e+03   1.7176772e-01
   2.9250000e+03   1.3760000e+03   1.7545835e-01
   2.9260000e+03   1.3762500e+03   1.9361522e-01
   2.9270000e+03   1.3765000e+03   1.9324793e-01
   2.9280000e+03   1.3767500e+03   1.7048497e-01
   2.9290000e+03   1.3770000e+03   1.5842551e-01
   2.9300000e+03   1.3772500e+03   1.6949889e-01
   2.9310000e+03   1.3775000e+03   1.8374209e-01
   2.9320000e+03   1.3777500e+03   1.7605322e-01
   2.9330000e+03   1.3780000e+03   1.5163442e-01
   2.9340000e+03   1.3782500e+03   1.4642838e-01
   2.9350000e+03   1.3785000e+03   1.6061726e-01
   2.9360000e+03   1.3787500e+03   1.6662627e-01
   2.9370000e+03   1.3790000e+03   1.4526236e-01
   2.9380000e+03   1.3792500e+03   1.2934538e-01
   2.9390000e+03   1.3795000e+03   1.3514989e-01
   2.9400000e+03   1.3797500e+03   1.4563378e-01
   2.9410000e+03   1.3800000e+03   1.3019848e-01
   2.9420000e+03   1.3802500e+03   1.1362915e-01
   2.9430000e+03   1.3805000e+03   1.1000791e-01
   2.9440000e+03   1.3807500e+03   1.1535402e-01
   2.9450000e+03   1.3810000e+03   1.1976064e-01
   2.9460000e+03   1.3812500e+03   1.0958776e-01
   2.9470000e+03   1.3815000e+03   9.9350829e-02
   2.9480000e+03   1.3817500e+03   9.9522459e-02
   2.9490000e+03   1.3820000e+03   1.0344815e-01
   2.9500000e+03   1.3822500e+03   1.0162775e-01
   2.9510000e+03   1.3825000e+03   9.2546221e-02
   2.9520000e+03   1.3827500e+03   8.5539455e-02
   2.9530000e+03   1.3830000e+03   8.8394431e-02
   2.9540000e+03   1.3832500e+03   9.0656697e-02
   2.9550000e+03   1.3835000e+03   8.4678005e-02
   2.9560000e+03   1.3837500e+03   7.5679193e-02
   2.9570000e+03   1.3840000e+03   7.4898588e-02
   2.9580000e+03   1.3842500e+03   7.9102407e-02
   2.9590000e+03   1.3845000e+03   7.5167637e-02
   2.9600000e+03   1.3847500e+03   6.6751295e-02
   2.9610000e+03   1.3850000e+03   6.3715635e-02
   2.9620000e+03   1.3852500e+03   6.6327441e-02
   2.9630000e+03   1.3855000e+03   6.4629633e-02
   2.9640000e+03   1.3857500e+03   5.7758888e-02
   2.9650000e+03   1.3860000e+03   5.5019724e-02
   2.9660000e+03   1.3862500e+03   5.4759056e-02
   2.9670000e+03   1.3865000e+03   5.3169596e-02
   2.9680000e+03   1.3867500e+03   5.0051620e-02
   2.9690000e+03   1.3870000e+03   4.7343440e-02
   2.9700000e+03   1.3872500e+03   4.5549962e-02
   2.9710000e+03   1.3875000e+03   4.3877869e-02
   2.9720000e+03   1.3877500e+03   4.2093305e-02
   2.9730000e+03   1.3880000e+03   3.9847795e-02
   2.9740000e+03   1.3882500e+03   3.6437912e-02
   2.9750000e+03   1.3885000e+03   3.5752147e-02
   2.9760000e+03   1.3887500e+03   3.4253496e-02
   2.9770000e+03   1.3890000e+03   3.2176265e-02
   2.9780000e+03   1.3892500e+03   2.9143862e-02
   2.9790000e+03   1.3895000e+03   2.8974509e-02
   2.9800000e+03   1.3897500e+03   2.8011029e-02
   2.9810000e+03   1.3900000e+03   2.5433517e-02
   2.9820000e+03   1.3902500e+03   2.3700347e-02
   2.9830000e+03   1.3905000e+03   2.3270873e-02
   2.9840000e+03   1.3907500e+03   2.1755022e-02
   2.9850000e+03   1.3910000e+03   1.9747714e-02
   2.9860000e+03   1.3912500e+03   1.9033391e-02
   2.9870000e+03   1.3915000e+03   1.8336973e-02
   2.9880000e+03   1.3917500e+03   1.6154689e-02
   2.9890000e+03   1.3920000e+03   1.5306794e-02
   2.9900000e+03   1.3922500e+03   1.5082375e-02
   2.9910000e+03   1.3925000e+03   1.4129985e-02
   2.9920000e+03   1.3927500e+03   1.2283330e-02
   2.9930000e+03   1.3930000e+03   1.1795545e-02
   2.9940000e+03   1.3932500e+03   1.1350898e-02
   2.9950000e+03   1.3935000e+03   1.0470682e-02
   2.9960000e+03   1.3937500e+03   9.5097146e-03
   2.9970000e+03   1.3940000e+03   8.9665548e-03
   2.9980000e+03   1.3942500e+03   8.1897570e-03
   2.9990000e+03   1.3945000e+03   7.7217698e-03
   3.0000000e+03   1.3947500e+03   7.1860867e-03
   3.0010000e+03   1.3950000e+03   6.4960634e-03
   3.0020000e+03   1.3952500e+03   5.9022874e-03
   3.0030000e+03   1.3955000e+03   5.6959664e-03
   3.0040000e+03   1.3957500e+03   4.7983485e-03
   3.0050000e+03   1.3960000e+03   4.0716629e-03
   3.0060000e+03   1.3962500e+03   3.8017727e-03
   3.0070000e+03   1.3965000e+03   3.3769279e-03
   3.0080000e+03   1.3967500e+03   2.4309792e-03
   3.0090000e+03   1.3970000e+03   2.1718165e-03
   3.0100000e+03   1.3972500e+03   2.0966394e-03
   3.0110000e+03   1.3975000e+03   1.7018966e-03
   3.0120000e+03   1.3977500e+03   1.1275580e-03
   3.0130000e+03   1.3980000e+03   1.0189415e-03
   3.0140000e+03   1.3982500e+03   8.3425493e-04
   3.0150000e+03   1.3985000e+03   7.3792746e-04
   3.0160000e+03   1.3987500e+03   5.7033647e-04
   3.0170000e+03   1.3990000e+03   5.6937384e-04
   3.0180000e+03   1.3992500e+03   4.3518143e-04
   3.0190000e+03   1.3995000e+03   4.0722843e-04
   3.0200000e+03   1.3997500e+03   2.5327113e-04
   3.0210000e+03   1.4000000e+03   2.7538035e-04
   3.0220000e+03   1.4002500e+03   1.9055054e-04
   3.0230000e+03   1.4005000e+03   2.4031213e-04
   3.0240000e+03   1.4007500e+03   1.6720546e-04
   3.0250000e+03   1.4010000e+03   2.1680555e-04
   3.0260000e+03   1.4012500e+03   1.4468789e-04
