   1.1150000e+03   1.0613464e+03   1.0212190e-04
   1.1160000e+03   1.0618268e+03   1.1341953e-04
   1.1170000e+03   1.0623076e+03   1.1543947e-04
   1.1180000e+03   1.0627887e+03   1.3012750e-04
   1.1190000e+03   1.0632703e+03   1.4133919e-04
   1.1200000e+03   1.0637524e+03   1.3996275e-04
   1.1210000e+03   1.0642348e+03   1.4449949e-04
   1.1220000e+03   1.0647176e+03   1.4416228e-04
   1.1230000e+03   1.0652009e+03   1.5088476e-04
   1.1240000e+03   1.0656846e+03   1.6624048e-04
   1.1250000e+03   1.0661687e+03   1.6860764e-04
   1.1260000e+03   1.0666532e+03   1.8317514e-04
   1.1270000e+03   1.0671381e+03   1.9790367e-04
   1.1280000e+03   1.0676235e+03   1.9092567e-04
   1.1290000e+03   1.0681093e+03   1.9639341e-04
   1.1300000e+03   1.0685955e+03   2.0505961e-04
   1.1310000e+03   1.0690821e+03   2.1117963e-04
   1.1320000e+03   1.0695691e+03   2.3344209e-04
   1.1330000e+03   1.0700566e+03   2.4835847e-04
   1.1340000e+03   1.0705444e+03   2.6300610e-04
   1.1350000e+03   1.0710327e+03   2.7921639e-04
   1.1360000e+03   1.0715214e+03   2.7674921e-04
   1.1370000e+03   1.0720106e+03   2.7630937e-04
   1.1380000e+03   1.0725002e+03   2.9247752e-04
   1.1390000e+03   1.0729901e+03   3.1116623e-04
   1.1400000e+03   1.0734806e+03   3.3993230e-04
   1.1410000e+03   1.0739714e+03   3.6805868e-04
   1.1420000e+03   1.0744627e+03   3.9427335e-04
   1.1430000e+03   1.0749543e+03   3.9264452e-04
   1.1440000e+03   1.0754465e+03   3.7818227e-04
   1.1450000e+03   1.0759390e+03   3.9436469e-04
   1.1460000e+03   1.0764320e+03   4.2682089e-04
   1.1470000e+03   1.0769254e+03   4.5182939e-04
   1.1480000e+03   1.0774192e+03   4.8612644e-04
   1.1490000e+03   1.0779134e+03   5.1178253e-04
   1.1500000e+03   1.0784081e+03   5.2566751e-04
   1.1510000e+03   1.0789032e+03   5.1918885e-04
   1.1520000e+03   1.0793988e+03   5.2141631e-04
   1.1530000e+03   1.0798948e+03   5.2774076e-04
   1.1540000e+03   1.0803912e+03   5.2402009e-04
   1.1550000e+03   1.0808880e+03   5.4514636e-04
   1.1560000e+03   1.0813853e+03   5.8285804e-04
   1.1570000e+03   1.0818830e+03   6.0636643e-04
   1.1580000e+03   1.0823811e+03   6.1180322e-04
   1.1590000e+03   1.0828797e+03   6.0683020e-04
   1.1600000e+03   1.0833787e+03   6.4063237e-04
   1.1610000e+03   1.0838781e+03   6.8967321e-04
   1.1620000e+03   1.0843780e+03   7.1140892e-04
   1.1630000e+03   1.0848783e+03   7.3979119e-04
   1.1640000e+03   1.0853790e+03   7.8193670e-04
   1.1650000e+03   1.0858802e+03   8.4587986e-04
   1.1660000e+03   1.0863818e+03   8.4675360e-04
   1.1670000e+03   1.0868839e+03   8.3494755e-04
   1.1680000e+03   1.0873864e+03   8.5357043e-04
   1.1690000e+03   1.0878893e+03   8.9013764e-04
   1.1700000e+03   1.0883927e+03   9.4944121e-04
   1.1710000e+03   1.0888965e+03   1.0209541e-03
   1.1720000e+03   1.0894007e+03   1.1095647e-03
   1.1730000e+03   1.0899054e+03   1.1423830e-03
   1.1740000e+03   1.0904105e+03   1.0736899e-03
   1.1750000e+03   1.0909161e+03   1.0368946e-03
   1.1760000e+03   1.0914221e+03   1.1127156e-03
   1.1770000e+03   1.0919286e+03   1.2025519e-03
   1.1780000e+03   1.0924355e+03   1.3110647e-03
   1.1790000e+03   1.0929428e+03   1.4189772e-03
   1.1800000e+03   1.0934506e+03   1.4546864e-03
   1.1810000e+03   1.0939588e+03   1.3721800e-03
   1.1820000e+03   1.0944675e+03   1.2928528e-03
   1.1830000e+03   1.0949766e+03   1.3727838e-03
   1.1840000e+03   1.0954862e+03   1.5195569e-03
   1.1850000e+03   1.0959962e+03   1.6525517e-03
   1.1860000e+03   1.0965067e+03   1.7148132e-03
   1.1870000e+03   1.0970176e+03   1.7035995e-03
   1.1880000e+03   1.0975289e+03   1.7222071e-03
   1.1890000e+03   1.0980408e+03   1.7007762e-03
   1.1900000e+03   1.0985530e+03   1.7427339e-03
   1.1910000e+03   1.0990657e+03   1.9262804e-03
   1.1920000e+03   1.0995789e+03   2.0234631e-03
   1.1930000e+03   1.1000925e+03   1.9780223e-03
   1.1940000e+03   1.1006065e+03   1.9965953e-03
   1.1950000e+03   1.1011210e+03   2.1006995e-03
   1.1960000e+03   1.1016360e+03   2.1765844e-03
   1.1970000e+03   1.1021514e+03   2.2713868e-03
   1.1980000e+03   1.1026673e+03   2.3588553e-03
   1.1990000e+03   1.1031836e+03   2.2906134e-03
   1.2000000e+03   1.1037004e+03   2.2206661e-03
   1.2010000e+03   1.1042176e+03   2.3437001e-03
   1.2020000e+03   1.1047353e+03   2.5409619e-03
   1.2030000e+03   1.1052534e+03   2.6312834e-03
   1.2040000e+03   1.1057720e+03   2.6269097e-03
   1.2050000e+03   1.1062911e+03   2.5298419e-03
   1.2060000e+03   1.1068106e+03   2.3769330e-03
   1.2070000e+03   1.1073306e+03   2.3913485e-03
   1.2080000e+03   1.1078510e+03   2.6519347e-03
   1.2090000e+03   1.1083719e+03   3.0067845e-03
   1.2100000e+03   1.1088933e+03   3.3736687e-03
   1.2110000e+03   1.1094151e+03   3.2984356e-03
   1.2120000e+03   1.1099373e+03   2.7489418e-03
   1.2130000e+03   1.1104601e+03   2.5236250e-03
   1.2140000e+03   1.1109833e+03   2.8358068e-03
   1.2150000e+03   1.1115069e+03   3.3152391e-03
   1.2160000e+03   1.1120310e+03   3.8144644e-03
   1.2170000e+03   1.1125556e+03   4.0172094e-03
   1.2180000e+03   1.1130807e+03   3.4462227e-03
   1.2190000e+03   1.1136062e+03   3.0359222e-03
   1.2200000e+03   1.1141321e+03   3.1610908e-03
   1.2210000e+03   1.1146586e+03   3.5818277e-03
   1.2220000e+03   1.1151855e+03   4.3932507e-03
   1.2230000e+03   1.1157129e+03   4.8912167e-03
   1.2240000e+03   1.1162407e+03   4.3186443e-03
   1.2250000e+03   1.1167690e+03   3.8027663e-03
   1.2260000e+03   1.1172978e+03   3.8112553e-03
   1.2270000e+03   1.1178270e+03   4.0557468e-03
   1.2280000e+03   1.1183568e+03   4.8078924e-03
   1.2290000e+03   1.1188869e+03   5.4970523e-03
   1.2300000e+03   1.1194176e+03   5.0336780e-03
   1.2310000e+03   1.1199487e+03   4.3131052e-03
   1.2320000e+03   1.1204803e+03   4.3773809e-03
   1.2330000e+03   1.1210124e+03   4.8184369e-03
   1.2340000e+03   1.1215449e+03   5.5726003e-03
   1.2350000e+03   1.1220780e+03   6.3911955e-03
   1.2360000e+03   1.1226115e+03   6.3606494e-03
   1.2370000e+03   1.1231454e+03   5.0449205e-03
   1.2380000e+03   1.1236799e+03   4.6207522e-03
   1.2390000e+03   1.1242148e+03   5.7412423e-03
   1.2400000e+03   1.1247502e+03   6.9791259e-03
   1.2410000e+03   1.1252860e+03   7.7927362e-03
   1.2420000e+03   1.1258224e+03   8.0823348e-03
   1.2430000e+03   1.1263592e+03   6.3889756e-03
   1.2440000e+03   1.1268965e+03   4.8634892e-03
   1.2450000e+03   1.1274343e+03   5.3023270e-03
   1.2460000e+03   1.1279725e+03   6.9372928e-03
   1.2470000e+03   1.1285113e+03   9.1719091e-03
   1.2480000e+03   1.1290505e+03   1.0584985e-02
   1.2490000e+03   1.1295902e+03   8.6862121e-03
   1.2500000e+03   1.1301304e+03   6.1916230e-03
   1.2510000e+03   1.1306710e+03   6.2846075e-03
   1.2520000e+03   1.1312122e+03   7.1566905e-03
   1.2530000e+03   1.1317538e+03   9.6949658e-03
   1.2540000e+03   1.1322959e+03   1.4174223e-02
   1.2550000e+03   1.1328385e+03   1.3619543e-02
   1.2560000e+03   1.1333816e+03   9.2596501e-03
   1.2570000e+03   1.1339252e+03   7.0709292e-03
   1.2580000e+03   1.1344693e+03   7.4115800e-03
   1.2590000e+03   1.1350138e+03   9.0457268e-03
   1.2600000e+03   1.1355588e+03   1.2304819e-02
   1.2610000e+03   1.1361043e+03   1.5515691e-02
   1.2620000e+03   1.1366504e+03   1.2518815e-02
   1.2630000e+03   1.2169888e+03   1.0682994e-03
   1.2640000e+03   1.2174958e+03   1.1283785e-03
   1.2650000e+03   1.2180033e+03   1.1780816e-03
   1.2660000e+03   1.2185111e+03   1.1350922e-03
   1.2670000e+03   1.2190194e+03   1.0511632e-03
   1.2680000e+03   1.2195281e+03   9.4347026e-04
   1.2690000e+03   1.2200372e+03   8.6464815e-04
   1.2700000e+03   1.2205467e+03   8.3730610e-04
   1.2710000e+03   1.2210567e+03   8.7449254e-04
   1.2720000e+03   1.2215670e+03   9.1073290e-04
   1.2730000e+03   1.2220778e+03   8.7985211e-04
   1.2740000e+03   1.2225891e+03   8.1398599e-04
   1.2750000e+03   1.2231007e+03   7.4361315e-04
   1.2760000e+03   1.2236128e+03   6.8786294e-04
   1.2770000e+03   1.2241253e+03   6.4869516e-04
   1.2780000e+03   1.2246382e+03   6.4049585e-04
   1.2790000e+03   1.2251516e+03   6.5350283e-04
   1.2800000e+03   1.2256654e+03   6.3546320e-04
   1.2810000e+03   1.2261796e+03   5.9437738e-04
   1.2820000e+03   1.2266942e+03   5.6174614e-04
   1.2830000e+03   1.2272093e+03   5.2652882e-04
   1.2840000e+03   1.2277247e+03   4.9078014e-04
   1.2850000e+03   1.2282407e+03   4.5264904e-04
   1.2860000e+03   1.2287570e+03   4.4774109e-04
   1.2870000e+03   1.2292738e+03   4.6223143e-04
   1.2880000e+03   1.2297910e+03   4.6354818e-04
   1.2890000e+03   1.2303087e+03   4.6675231e-04
   1.2900000e+03   1.2308267e+03   4.3833318e-04
   1.2910000e+03   1.2313452e+03   4.0170002e-04
   1.2920000e+03   1.2318642e+03   3.7316567e-04
   1.2930000e+03   1.2323835e+03   3.7856659e-04
   1.2940000e+03   1.2329033e+03   3.9269946e-04
   1.2950000e+03   1.2334236e+03   3.7245602e-04
   1.2960000e+03   1.2339443e+03   3.4201489e-04
   1.2970000e+03   1.2344654e+03   3.1634728e-04
   1.2980000e+03   1.2349869e+03   2.9012087e-04
   1.2990000e+03   1.2355089e+03   2.7552069e-04
   1.3000000e+03   1.2360313e+03   2.8667838e-04
   1.3010000e+03   1.2365541e+03   2.9091493e-04
   1.3020000e+03   1.2370774e+03   2.6740312e-04
   1.3030000e+03   1.2376012e+03   2.4231541e-04
   1.3040000e+03   1.2381253e+03   2.2713955e-04
   1.3050000e+03   1.2386499e+03   2.0571191e-04
   1.3060000e+03   1.2391750e+03   1.8942575e-04
   1.3070000e+03   1.2397004e+03   1.9355168e-04
   1.3080000e+03   1.2402264e+03   1.9970739e-04
   1.3090000e+03   1.2407527e+03   1.8655299e-04
   1.3100000e+03   1.2412795e+03   1.6614819e-04
   1.3110000e+03   1.2418068e+03   1.5562485e-04
   1.3120000e+03   1.2423344e+03   1.4234641e-04
   1.3130000e+03   1.2428626e+03   1.3571047e-04
   1.3140000e+03   1.2433911e+03   1.4025914e-04
   1.3150000e+03   1.2439201e+03   1.3754109e-04
   1.3160000e+03   1.2444496e+03   1.2675608e-04
   1.3170000e+03   1.2449795e+03   1.1574078e-04
   1.3180000e+03   1.2455098e+03   1.0179689e-04
   1.4030000e+03   1.3037905e+03   1.5347048e-04
   1.4040000e+03   1.3043705e+03   1.9393360e-04
   1.4050000e+03   1.3049510e+03   2.2713715e-04
   1.4060000e+03   1.3055319e+03   2.4411448e-04
   1.4070000e+03   1.3061134e+03   1.2083296e-04
   1.4160000e+03   1.3113692e+03   1.2940714e-04
   1.4170000e+03   1.3119557e+03   2.5856029e-04
   1.4180000e+03   1.3125427e+03   4.2715826e-04
   1.4190000e+03   1.3131302e+03   5.9727168e-04
   1.4200000e+03   1.3137182e+03   7.0382579e-04
   1.4210000e+03   1.3143068e+03   1.0092758e-03
   1.4220000e+03   1.3148958e+03   1.2249854e-03
   1.4230000e+03   1.3154853e+03   1.4129542e-03
   1.4240000e+03   1.3160754e+03   1.7682701e-03
   1.4250000e+03   1.3166660e+03   2.0748145e-03
   1.4260000e+03   1.3172571e+03   2.6341149e-03
   1.4270000e+03   1.3178486e+03   3.0494721e-03
   1.4280000e+03   1.3184407e+03   3.3236758e-03
   1.4290000e+03   1.3190334e+03   3.8692836e-03
   1.4300000e+03   1.3196265e+03   4.4165524e-03
   1.4310000e+03   1.3202201e+03   4.7792638e-03
   1.4320000e+03   1.3208143e+03   5.7888260e-03
   1.4330000e+03   1.3214090e+03   6.4253522e-03
   1.4340000e+03   1.3220042e+03   7.3075888e-03
   1.4350000e+03   1.3225999e+03   8.8917203e-03
   1.4360000e+03   1.3231961e+03   8.7835214e-03
   1.4370000e+03   1.3237928e+03   9.8045335e-03
   1.4380000e+03   1.3243901e+03   1.1189092e-02
   1.4390000e+03   1.3249879e+03   1.1856372e-02
   1.4400000e+03   1.3255862e+03   1.3744430e-02
   1.4410000e+03   1.3261850e+03   1.4794526e-02
   1.4420000e+03   1.3267843e+03   1.4933321e-02
   1.4430000e+03   1.3273842e+03   1.7819212e-02
   1.4440000e+03   1.3279846e+03   1.9405883e-02
   1.4450000e+03   1.3285855e+03   2.2341344e-02
   1.4460000e+03   1.3291869e+03   2.4334584e-02
   1.4470000e+03   1.3297889e+03   2.5199917e-02
   1.4480000e+03   1.3303913e+03   2.8431176e-02
   1.4490000e+03   1.3309943e+03   2.9558799e-02
   1.4500000e+03   1.3315979e+03   3.0616762e-02
   1.4510000e+03   1.3322019e+03   3.5095341e-02
   1.4520000e+03   1.3328065e+03   4.1871976e-02
   1.4530000e+03   1.3334116e+03   4.6057714e-02
   1.4540000e+03   1.3340172e+03   4.6249280e-02
   1.4550000e+03   1.3346234e+03   4.9475936e-02
   1.4560000e+03   1.3352301e+03   5.4206240e-02
   1.4570000e+03   1.3358373e+03   5.4684604e-02
   1.4580000e+03   1.3364451e+03   6.0073192e-02
   1.4590000e+03   1.3370534e+03   6.6633236e-02
   1.4600000e+03   1.3376622e+03   7.4190185e-02
   1.4610000e+03   1.3382715e+03   7.4024457e-02
   1.4620000e+03   1.3388814e+03   7.5084791e-02
   1.4630000e+03   1.3381764e+03   7.5859820e-02
   1.4640000e+03   1.3386846e+03   7.2994006e-02
   1.4650000e+03   1.3391931e+03   7.8453643e-02
   1.4660000e+03   1.3397021e+03   8.5192383e-02
   1.4670000e+03   1.3402115e+03   8.3579162e-02
   1.4680000e+03   1.3407212e+03   8.9808867e-02
   1.4690000e+03   1.3412314e+03   1.0044219e-01
   1.4700000e+03   1.3417420e+03   1.0752663e-01
   1.4710000e+03   1.3422530e+03   9.6082268e-02
   1.4720000e+03   1.3427644e+03   1.0205009e-01
   1.4730000e+03   1.3432763e+03   1.0314004e-01
   1.4740000e+03   1.3437885e+03   1.1687582e-01
   1.4750000e+03   1.3443011e+03   1.1653327e-01
   1.4760000e+03   1.3448142e+03   1.1378874e-01
   1.4770000e+03   1.3453276e+03   1.2911513e-01
   1.4780000e+03   1.3458415e+03   1.2825619e-01
   1.4790000e+03   1.3463558e+03   1.0929060e-01
   1.4800000e+03   1.3468705e+03   1.1165456e-01
   1.4810000e+03   1.3473856e+03   1.1850377e-01
   1.4820000e+03   1.3479011e+03   1.4692501e-01
   1.4830000e+03   1.3484170e+03   1.4461724e-01
   1.4840000e+03   1.3489334e+03   1.3060937e-01
   1.4850000e+03   1.3494501e+03   1.4087980e-01
   1.4860000e+03   1.3499673e+03   1.4145578e-01
   1.4870000e+03   1.3504849e+03   1.2733677e-01
   1.4880000e+03   1.3510029e+03   1.3183256e-01
   1.4890000e+03   1.3515213e+03   1.3096851e-01
   1.4900000e+03   1.3520401e+03   1.3113491e-01
   1.4910000e+03   1.3525594e+03   1.3966967e-01
   1.4920000e+03   1.3530791e+03   1.3157126e-01
   1.4930000e+03   1.3535991e+03   1.2107121e-01
   1.4940000e+03   1.3541196e+03   1.1568842e-01
   1.4950000e+03   1.3546406e+03   1.0292641e-01
   1.4960000e+03   1.3551619e+03   1.0219639e-01
   1.4970000e+03   1.3556837e+03   1.0192005e-01
   1.4980000e+03   1.3562058e+03   1.0408554e-01
   1.4990000e+03   1.3567284e+03   1.0736009e-01
   1.5000000e+03   1.3572514e+03   1.0630173e-01
   1.5010000e+03   1.3577749e+03   1.1330178e-01
   1.5020000e+03   1.3582987e+03   1.2778114e-01
   1.5030000e+03   1.3588230e+03   1.4367313e-01
   1.5040000e+03   1.3593477e+03   1.6375539e-01
   1.5050000e+03   1.3598728e+03   1.8822816e-01
   1.5060000e+03   1.3603984e+03   2.2361831e-01
   1.5070000e+03   1.3609243e+03   2.3904021e-01
   1.5080000e+03   1.3614507e+03   2.0339385e-01
   1.5090000e+03   1.3619776e+03   1.1100899e-01
   1.5100000e+03   1.3625048e+03   3.8573812e-02
   1.5110000e+03   1.3630325e+03   1.7304011e-02
   1.5120000e+03   1.3635605e+03   1.7200031e-02
   1.5130000e+03   1.3640891e+03   2.2654465e-02
   1.5140000e+03   1.3646180e+03   2.8177648e-02
   1.5150000e+03   1.3651474e+03   4.0880982e-02
   1.5160000e+03   1.3656772e+03   5.3988147e-02
   1.5170000e+03   1.3662074e+03   7.5969648e-02
   1.5180000e+03   1.3667380e+03   8.7558021e-02
   1.5190000e+03   1.3672691e+03   9.6389492e-02
   1.5200000e+03   1.3678006e+03   1.1704133e-01
   1.5210000e+03   1.3683326e+03   1.3090852e-01
   1.5220000e+03   1.3688649e+03   1.5570918e-01
   1.5230000e+03   1.3693977e+03   1.6092824e-01
   1.5240000e+03   1.3699310e+03   1.6806690e-01
   1.5250000e+03   1.3704646e+03   1.7966839e-01
   1.5260000e+03   1.3709987e+03   1.7950252e-01
   1.5270000e+03   1.3715332e+03   1.9015097e-01
   1.5280000e+03   1.3720682e+03   1.8541023e-01
   1.5290000e+03   1.3726036e+03   1.9366381e-01
   1.5300000e+03   1.3731394e+03   1.9519091e-01
   1.5310000e+03   1.3736757e+03   1.9450968e-01
   1.5320000e+03   1.3742124e+03   1.9178051e-01
   1.5330000e+03   1.3747495e+03   1.8737438e-01
   1.5340000e+03   1.3752870e+03   1.9400072e-01
   1.5350000e+03   1.3758250e+03   1.8251532e-01
   1.5360000e+03   1.3763635e+03   1.8301284e-01
   1.5370000e+03   1.3769023e+03   1.7273730e-01
   1.5380000e+03   1.3774416e+03   1.7165895e-01
   1.5390000e+03   1.3779814e+03   1.6203058e-01
   1.5400000e+03   1.3785216e+03   1.5479834e-01
   1.5410000e+03   1.3790622e+03   1.4460638e-01
   1.5420000e+03   1.3796032e+03   1.3472330e-01
   1.5430000e+03   1.3801447e+03   1.1933632e-01
   1.5440000e+03   1.3806867e+03   1.1424980e-01
   1.5450000e+03   1.3812290e+03   1.0909051e-01
   1.5460000e+03   1.3817719e+03   1.0150295e-01
   1.5470000e+03   1.3823151e+03   9.6586025e-02
   1.5480000e+03   1.3828588e+03   8.9444441e-02
   1.5490000e+03   1.3834030e+03   8.3937095e-02
   1.5500000e+03   1.3839475e+03   7.7806116e-02
   1.5510000e+03   1.3844926e+03   7.2903352e-02
   1.5520000e+03   1.3850380e+03   6.6333194e-02
   1.5530000e+03   1.3855839e+03   6.1247877e-02
   1.5540000e+03   1.3861303e+03   5.5275176e-02
   1.5550000e+03   1.3866771e+03   5.0827349e-02
   1.5560000e+03   1.3872243e+03   4.5948419e-02
   1.5570000e+03   1.3877720e+03   4.1516008e-02
   1.5580000e+03   1.3883202e+03   3.6970155e-02
   1.5590000e+03   1.3888688e+03   3.2926177e-02
   1.5600000e+03   1.3894178e+03   2.9337801e-02
   1.5610000e+03   1.3899673e+03   2.5994837e-02
   1.5620000e+03   1.3905172e+03   2.2748111e-02
   1.5630000e+03   1.3910676e+03   2.0010925e-02
   1.5640000e+03   1.3916184e+03   1.7298679e-02
   1.5650000e+03   1.3921697e+03   1.5058049e-02
   1.5660000e+03   1.3927214e+03   1.3027767e-02
   1.5670000e+03   1.3932736e+03   1.1069152e-02
   1.5680000e+03   1.3938262e+03   9.4828627e-03
   1.5690000e+03   1.3943793e+03   8.0329214e-03
   1.5700000e+03   1.3949328e+03   6.7385451e-03
   1.5710000e+03   1.3954868e+03   5.4722708e-03
   1.5720000e+03   1.3960412e+03   4.2315928e-03
   1.5730000e+03   1.3965961e+03   3.0446709e-03
   1.5740000e+03   1.3971514e+03   2.1004781e-03
   1.5750000e+03   1.3977072e+03   1.4110101e-03
   1.5760000e+03   1.3982635e+03   8.7575016e-04
   1.5770000e+03   1.3988202e+03   6.2255619e-04
   1.5780000e+03   1.3993774e+03   4.3292521e-04
   1.5790000e+03   1.3999350e+03   2.8780014e-04
   1.5800000e+03   1.4004930e+03   2.2347020e-04
   1.5810000e+03   1.4010516e+03   1.9408186e-04
   1.5820000e+03   1.4016106e+03   1.7087219e-04
   2.1520000e+03   2.4534141e+03   1.0588369e-04
   2.1530000e+03   2.4544445e+03   1.2265942e-04
   2.1540000e+03   2.4554758e+03   1.4525451e-04
   2.1550000e+03   2.4565079e+03   1.7079312e-04
   2.1560000e+03   2.4575408e+03   2.0311644e-04
   2.1570000e+03   2.4585746e+03   2.3537429e-04
   2.1580000e+03   2.4596093e+03   2.7171884e-04
   2.1590000e+03   2.4606448e+03   3.1150841e-04
   2.1600000e+03   2.4616811e+03   3.5208944e-04
   2.1610000e+03   2.4627183e+03   4.1182911e-04
   2.1620000e+03   2.4637564e+03   4.7526674e-04
   2.1630000e+03   2.4647953e+03   5.4884499e-04
   2.1640000e+03   2.4658351e+03   6.2254183e-04
   2.1650000e+03   2.4668757e+03   6.9876798e-04
   2.1660000e+03   2.4679172e+03   7.8393799e-04
   2.1670000e+03   2.4689595e+03   8.6860504e-04
   2.1680000e+03   2.4700027e+03   9.7399023e-04
   2.1690000e+03   2.4710468e+03   1.0567103e-03
   2.1700000e+03   2.4720917e+03   1.1433945e-03
   2.1710000e+03   2.4731375e+03   1.2541962e-03
   2.1720000e+03   2.4741841e+03   1.3465836e-03
   2.1730000e+03   2.4752316e+03   1.4500505e-03
   2.1740000e+03   2.4762800e+03   1.5382243e-03
   2.1750000e+03   2.4773292e+03   1.6337028e-03
   2.1760000e+03   2.4783794e+03   1.7528270e-03
   2.1770000e+03   2.4794303e+03   1.8093405e-03
   2.1780000e+03   2.4804822e+03   2.0566022e-03
   2.1790000e+03   2.4815349e+03   2.2819379e-03
   2.1800000e+03   2.4825885e+03   2.3396788e-03
   2.1810000e+03   2.4836429e+03   2.4087372e-03
   2.1820000e+03   2.4846983e+03   2.4839385e-03
   2.1830000e+03   2.4857545e+03   2.4832562e-03
   2.1840000e+03   2.4868116e+03   2.5023109e-03
   2.1850000e+03   2.4878695e+03   2.5242997e-03
   2.1860000e+03   2.4889283e+03   2.4715088e-03
   2.1870000e+03   2.4899880e+03   2.4026166e-03
   2.1880000e+03   2.4910486e+03   2.3417087e-03
   2.1890000e+03   2.4921101e+03   2.1726331e-03
   2.1900000e+03   2.4931724e+03   1.9902450e-03
   2.1910000e+03   2.4942357e+03   1.9951270e-03
   2.1920000e+03   2.4952998e+03   2.2217707e-03
   2.1930000e+03   2.4963648e+03   2.6093912e-03
   2.1940000e+03   2.4974306e+03   3.1758438e-03
   2.1950000e+03   2.4984974e+03   3.4856203e-03
   2.1960000e+03   2.4995650e+03   2.3666151e-03
   2.1970000e+03   2.5006336e+03   8.7299184e-04
   2.1980000e+03   2.5017030e+03   6.0201465e-04
   2.1990000e+03   2.5027733e+03   8.9790148e-04
   2.2000000e+03   2.5038445e+03   1.3529236e-03
   2.2010000e+03   2.5049166e+03   1.9555759e-03
   2.2020000e+03   2.5059895e+03   2.5489503e-03
   2.2030000e+03   2.5070634e+03   3.0121206e-03
   2.2040000e+03   2.5081382e+03   3.3449892e-03
   2.2050000e+03   2.5092138e+03   3.5475361e-03
   2.2060000e+03   2.5102904e+03   3.6350163e-03
   2.2070000e+03   2.5113678e+03   3.6212260e-03
   2.2080000e+03   2.5124462e+03   3.4515604e-03
   2.2090000e+03   2.5135254e+03   3.2093077e-03
   2.2100000e+03   2.5146055e+03   2.9601271e-03
   2.2110000e+03   2.5156866e+03   2.7340334e-03
   2.2120000e+03   2.5167685e+03   2.4766370e-03
   2.2130000e+03   2.5178514e+03   2.1873122e-03
   2.2140000e+03   2.5189351e+03   1.8786887e-03
   2.2150000e+03   2.5200198e+03   1.5699196e-03
   2.2160000e+03   2.5211053e+03   1.2746333e-03
   2.2170000e+03   2.5221918e+03   1.0033153e-03
   2.2180000e+03   2.5232792e+03   7.6355043e-04
   2.2190000e+03   2.5243674e+03   5.5454230e-04
   2.2200000e+03   2.5254566e+03   3.9026207e-04
   2.2210000e+03   2.5265467e+03   2.5409085e-04
   2.2220000e+03   2.5276377e+03   1.5919252e-04
   2.4700000e+03   1.1371709e+03   8.9116907e-03
   2.4710000e+03   1.1376925e+03   8.8071127e-03
   2.4720000e+03   1.1382142e+03   9.3610072e-03
   2.4730000e+03   1.1387359e+03   9.9446841e-03
   2.4740000e+03   1.1392576e+03   1.2729136e-02
   2.4750000e+03   1.1397793e+03   1.3941030e-02
   2.4760000e+03   1.1403010e+03   1.1266830e-02
   2.4770000e+03   1.1408227e+03   9.9994365e-03
   2.4780000e+03   1.1413443e+03   1.0162700e-02
   2.4790000e+03   1.1418660e+03   9.7334849e-03
   2.4800000e+03   1.1423877e+03   8.4813123e-03
   2.4810000e+03   1.1429094e+03   9.8034673e-03
   2.4820000e+03   1.1434311e+03   1.1157553e-02
   2.4830000e+03   1.1439528e+03   1.0765203e-02
   2.4840000e+03   1.1444745e+03   9.9459522e-03
   2.4850000e+03   1.1449961e+03   7.5973452e-03
   2.4860000e+03   1.1455178e+03   6.3652657e-03
   2.4870000e+03   1.1460395e+03   6.8968693e-03
   2.4880000e+03   1.1465612e+03   7.7878431e-03
   2.4890000e+03   1.1470829e+03   8.6108493e-03
   2.4900000e+03   1.1476046e+03   6.5782567e-03
   2.4910000e+03   1.1481263e+03   4.5161555e-03
   2.4920000e+03   1.1486479e+03   4.5141151e-03
   2.4930000e+03   1.1491696e+03   5.0476468e-03
   2.4940000e+03   1.1496913e+03   4.9785226e-03
   2.4950000e+03   1.1502130e+03   4.1540760e-03
   2.4960000e+03   1.1507347e+03   3.6623865e-03
   2.4970000e+03   1.1512564e+03   3.8066342e-03
   2.4980000e+03   1.1517781e+03   3.6294022e-03
   2.4990000e+03   1.1522998e+03   3.6762978e-03
   2.5000000e+03   1.1528214e+03   3.9483604e-03
   2.5010000e+03   1.1533431e+03   4.2776357e-03
   2.5020000e+03   1.1538648e+03   5.0877421e-03
   2.5030000e+03   1.1543865e+03   5.0043885e-03
   2.5040000e+03   1.1549082e+03   4.6749831e-03
   2.5050000e+03   1.1554299e+03   6.6761594e-03
   2.5060000e+03   1.1559516e+03   8.7956444e-03
   2.5070000e+03   1.1564732e+03   8.0876229e-03
   2.5080000e+03   1.1569949e+03   8.3979501e-03
   2.5090000e+03   1.1575166e+03   9.8811300e-03
   2.5100000e+03   1.1580383e+03   1.0488101e-02
   2.5110000e+03   1.1585600e+03   1.0518945e-02
   2.5120000e+03   1.1590817e+03   1.0960428e-02
   2.5130000e+03   1.1596034e+03   1.1482419e-02
   2.5140000e+03   1.1601250e+03   1.2619841e-02
   2.5150000e+03   1.1606467e+03   1.2719970e-02
   2.5160000e+03   1.1611684e+03   1.0171627e-02
   2.5170000e+03   1.1616901e+03   9.8553455e-03
   2.5180000e+03   1.1622118e+03   1.0536209e-02
   2.5190000e+03   1.1627335e+03   1.3237382e-02
   2.5200000e+03   1.1632552e+03   1.6628006e-02
   2.5210000e+03   1.1637768e+03   1.4469617e-02
   2.5220000e+03   1.1642985e+03   1.0512931e-02
   2.5230000e+03   1.1648202e+03   9.8729171e-03
   2.5240000e+03   1.1653419e+03   1.1700420e-02
   2.5250000e+03   1.1658636e+03   1.3728174e-02
   2.5260000e+03   1.1663853e+03   1.5476859e-02
   2.5270000e+03   1.1669070e+03   1.4331751e-02
   2.5280000e+03   1.1674286e+03   1.1265924e-02
   2.5290000e+03   1.1679503e+03   9.7445284e-03
   2.5300000e+03   1.1684720e+03   9.6181355e-03
   2.5310000e+03   1.1689937e+03   1.1001953e-02
   2.5320000e+03   1.1695154e+03   1.2924269e-02
   2.5330000e+03   1.1700371e+03   1.4114216e-02
   2.5340000e+03   1.1705588e+03   1.1859330e-02
   2.5350000e+03   1.1710804e+03   8.8842660e-03
   2.5360000e+03   1.1716021e+03   8.2193350e-03
   2.5370000e+03   1.1721238e+03   8.5036739e-03
   2.5380000e+03   1.1726455e+03   9.7094820e-03
   2.5390000e+03   1.1731672e+03   1.1114942e-02
   2.5400000e+03   1.1736889e+03   1.0435865e-02
   2.5410000e+03   1.1742106e+03   7.7736042e-03
   2.5420000e+03   1.1747323e+03   6.9520784e-03
   2.5430000e+03   1.1752539e+03   7.2274053e-03
   2.5440000e+03   1.1757756e+03   8.1842427e-03
   2.5450000e+03   1.1762973e+03   9.9909448e-03
   2.5460000e+03   1.1768190e+03   1.0217395e-02
   2.5470000e+03   1.1773407e+03   7.5770829e-03
   2.5480000e+03   1.1778624e+03   5.4649313e-03
   2.5490000e+03   1.1783841e+03   5.5680757e-03
   2.5500000e+03   1.1789057e+03   6.2336576e-03
   2.5510000e+03   1.1794274e+03   7.0019358e-03
   2.5520000e+03   1.1799491e+03   7.5788433e-03
   2.5530000e+03   1.1804708e+03   6.7995265e-03
   2.5540000e+03   1.1809925e+03   4.9032372e-03
   2.5550000e+03   1.1815142e+03   4.2771507e-03
   2.5560000e+03   1.1820359e+03   4.9759886e-03
   2.5570000e+03   1.1825575e+03   6.1123726e-03
   2.5580000e+03   1.1830792e+03   7.0035106e-03
   2.5590000e+03   1.1836009e+03   6.7088354e-03
   2.5600000e+03   1.1841226e+03   4.8734845e-03
   2.5610000e+03   1.1846443e+03   3.7395677e-03
   2.5620000e+03   1.1851660e+03   3.8252948e-03
   2.5630000e+03   1.1856877e+03   4.1459243e-03
   2.5640000e+03   1.1862093e+03   5.1241898e-03
   2.5650000e+03   1.1867310e+03   5.8050625e-03
   2.5660000e+03   1.1872527e+03   4.9985144e-03
   2.5670000e+03   1.1877744e+03   4.0191318e-03
   2.5680000e+03   1.1882961e+03   3.7373290e-03
   2.5690000e+03   1.1888178e+03   3.7946546e-03
   2.5700000e+03   1.1893395e+03   4.2385253e-03
   2.5710000e+03   1.1898611e+03   4.9879316e-03
   2.5720000e+03   1.1903828e+03   5.0448190e-03
   2.5730000e+03   1.1909045e+03   4.0431528e-03
   2.5740000e+03   1.1914262e+03   3.4907599e-03
   2.5750000e+03   1.1919479e+03   3.4705007e-03
   2.5760000e+03   1.1924696e+03   3.6657334e-03
   2.5770000e+03   1.1929913e+03   3.9177575e-03
   2.5780000e+03   1.1935130e+03   3.9709304e-03
   2.5790000e+03   1.1940346e+03   3.5908417e-03
   2.5800000e+03   1.1945563e+03   3.3123257e-03
   2.5810000e+03   1.1950780e+03   3.3002475e-03
   2.5820000e+03   1.1955997e+03   3.3716370e-03
   2.5830000e+03   1.1961214e+03   3.5227745e-03
   2.5840000e+03   1.1966431e+03   3.5776662e-03
   2.5850000e+03   1.1971648e+03   3.1844976e-03
   2.5860000e+03   1.1976864e+03   2.7930657e-03
   2.5870000e+03   1.1982081e+03   2.8529915e-03
   2.5880000e+03   1.1987298e+03   2.9934398e-03
   2.5890000e+03   1.1992515e+03   3.0934334e-03
   2.5900000e+03   1.1997732e+03   3.1234303e-03
   2.5910000e+03   1.2002949e+03   2.8140195e-03
   2.5920000e+03   1.2008166e+03   2.4223665e-03
   2.5930000e+03   1.2013382e+03   2.2812978e-03
   2.5940000e+03   1.2018599e+03   2.4446542e-03
   2.5950000e+03   1.2023816e+03   2.6754751e-03
   2.5960000e+03   1.2029033e+03   2.7241877e-03
   2.5970000e+03   1.2034250e+03   2.5591226e-03
   2.5980000e+03   1.2039467e+03   2.2328419e-03
   2.5990000e+03   1.2044684e+03   2.0276138e-03
   2.6000000e+03   1.2049900e+03   2.0791535e-03
   2.6010000e+03   1.2055117e+03   2.2942724e-03
   2.6020000e+03   1.2060334e+03   2.5358358e-03
   2.6030000e+03   1.2065551e+03   2.4981444e-03
   2.6040000e+03   1.2070768e+03   2.2137841e-03
   2.6050000e+03   1.2075985e+03   2.0406638e-03
   2.6060000e+03   1.2081202e+03   1.9630978e-03
   2.6070000e+03   1.2086418e+03   1.9152544e-03
   2.6080000e+03   1.2091635e+03   1.9113226e-03
   2.6090000e+03   1.2096852e+03   1.9665068e-03
   2.6100000e+03   1.2102069e+03   1.9285748e-03
   2.6110000e+03   1.2107286e+03   1.7794683e-03
   2.6120000e+03   1.2112503e+03   1.6887777e-03
   2.6130000e+03   1.2117720e+03   1.6384926e-03
   2.6140000e+03   1.2122936e+03   1.6063628e-03
   2.6150000e+03   1.2128153e+03   1.5253575e-03
   2.6160000e+03   1.2133370e+03   1.4372399e-03
   2.6170000e+03   1.2138587e+03   1.4633997e-03
   2.6180000e+03   1.2143804e+03   1.4607604e-03
   2.6190000e+03   1.2149021e+03   1.4097907e-03
   2.6200000e+03   1.2154238e+03   1.3701315e-03
   2.6210000e+03   1.2159455e+03   1.2773185e-03
   2.6220000e+03   1.2164671e+03   1.1301759e-03
   2.6440000e+03   1.3394912e+03   8.2954309e-02
   2.6450000e+03   1.3376682e+03   7.3083127e-02
