   1.1150000e+03   1.0613368e+03   1.0219131e-04
   1.1160000e+03   1.0618172e+03   1.1316126e-04
   1.1170000e+03   1.0622979e+03   1.1512203e-04
   1.1180000e+03   1.0627791e+03   1.3020493e-04
   1.1190000e+03   1.0632607e+03   1.4088265e-04
   1.1200000e+03   1.0637427e+03   1.4000984e-04
   1.1210000e+03   1.0642251e+03   1.4477590e-04
   1.1220000e+03   1.0647080e+03   1.4363340e-04
   1.1230000e+03   1.0651912e+03   1.5095681e-04
   1.1240000e+03   1.0656749e+03   1.6614453e-04
   1.1250000e+03   1.0661590e+03   1.6804929e-04
   1.1260000e+03   1.0666435e+03   1.8324061e-04
   1.1270000e+03   1.0671284e+03   1.9768336e-04
   1.1280000e+03   1.0676138e+03   1.9084189e-04
   1.1290000e+03   1.0680995e+03   1.9654402e-04
   1.1300000e+03   1.0685857e+03   2.0466442e-04
   1.1310000e+03   1.0690723e+03   2.1088466e-04
   1.1320000e+03   1.0695594e+03   2.3327417e-04
   1.1330000e+03   1.0700468e+03   2.4787531e-04
   1.1340000e+03   1.0705347e+03   2.6266270e-04
   1.1350000e+03   1.0710230e+03   2.7921052e-04
   1.1360000e+03   1.0715117e+03   2.7673051e-04
   1.1370000e+03   1.0720008e+03   2.7617746e-04
   1.1380000e+03   1.0724904e+03   2.9222958e-04
   1.1390000e+03   1.0729803e+03   3.1058392e-04
   1.1400000e+03   1.0734707e+03   3.3928024e-04
   1.1410000e+03   1.0739616e+03   3.6768075e-04
   1.1420000e+03   1.0744528e+03   3.9381951e-04
   1.1430000e+03   1.0749445e+03   3.9296572e-04
   1.1440000e+03   1.0754366e+03   3.7835689e-04
   1.1450000e+03   1.0759291e+03   3.9351416e-04
   1.1460000e+03   1.0764221e+03   4.2634490e-04
   1.1470000e+03   1.0769155e+03   4.5142406e-04
   1.1480000e+03   1.0774093e+03   4.8517658e-04
   1.1490000e+03   1.0779036e+03   5.1143203e-04
   1.1500000e+03   1.0783982e+03   5.2572549e-04
   1.1510000e+03   1.0788933e+03   5.1923229e-04
   1.1520000e+03   1.0793889e+03   5.2126026e-04
   1.1530000e+03   1.0798848e+03   5.2792918e-04
   1.1540000e+03   1.0803812e+03   5.2370980e-04
   1.1550000e+03   1.0808781e+03   5.4450485e-04
   1.1560000e+03   1.0813753e+03   5.8243005e-04
   1.1570000e+03   1.0818730e+03   6.0577773e-04
   1.1580000e+03   1.0823711e+03   6.1204178e-04
   1.1590000e+03   1.0828697e+03   6.0668292e-04
   1.1600000e+03   1.0833687e+03   6.3932218e-04
   1.1610000e+03   1.0838681e+03   6.8929591e-04
   1.1620000e+03   1.0843680e+03   7.1105343e-04
   1.1630000e+03   1.0848683e+03   7.3888132e-04
   1.1640000e+03   1.0853690e+03   7.8084889e-04
   1.1650000e+03   1.0858702e+03   8.4512050e-04
   1.1660000e+03   1.0863718e+03   8.4712617e-04
   1.1670000e+03   1.0868738e+03   8.3501067e-04
   1.1680000e+03   1.0873763e+03   8.5294286e-04
   1.1690000e+03   1.0878792e+03   8.8888707e-04
   1.1700000e+03   1.0883826e+03   9.4849560e-04
   1.1710000e+03   1.0888864e+03   1.0193493e-03
   1.1720000e+03   1.0893906e+03   1.1077907e-03
   1.1730000e+03   1.0898953e+03   1.1428361e-03
   1.1740000e+03   1.0904004e+03   1.0753143e-03
   1.1750000e+03   1.0909060e+03   1.0362012e-03
   1.1760000e+03   1.0914120e+03   1.1115014e-03
   1.1770000e+03   1.0919184e+03   1.2004947e-03
   1.1780000e+03   1.0924253e+03   1.3080924e-03
   1.1790000e+03   1.0929327e+03   1.4177767e-03
   1.1800000e+03   1.0934404e+03   1.4551541e-03
   1.1810000e+03   1.0939487e+03   1.3744792e-03
   1.1820000e+03   1.0944573e+03   1.2931387e-03
   1.1830000e+03   1.0949665e+03   1.3697932e-03
   1.1840000e+03   1.0954760e+03   1.5163011e-03
   1.1850000e+03   1.0959860e+03   1.6507647e-03
   1.1860000e+03   1.0964965e+03   1.7150632e-03
   1.1870000e+03   1.0970074e+03   1.7030081e-03
   1.1880000e+03   1.0975187e+03   1.7216921e-03
   1.1890000e+03   1.0980305e+03   1.7016043e-03
   1.1900000e+03   1.0985428e+03   1.7403097e-03
   1.1910000e+03   1.0990555e+03   1.9229792e-03
   1.1920000e+03   1.0995686e+03   2.0229177e-03
   1.1930000e+03   1.1000822e+03   1.9785439e-03
   1.1940000e+03   1.1005963e+03   1.9955771e-03
   1.1950000e+03   1.1011108e+03   2.0989493e-03
   1.1960000e+03   1.1016257e+03   2.1749144e-03
   1.1970000e+03   1.1021411e+03   2.2691828e-03
   1.1980000e+03   1.1026570e+03   2.3576402e-03
   1.1990000e+03   1.1031733e+03   2.2928618e-03
   1.2000000e+03   1.1036900e+03   2.2220335e-03
   1.2010000e+03   1.1042073e+03   2.3393218e-03
   1.2020000e+03   1.1047249e+03   2.5362201e-03
   1.2030000e+03   1.1052431e+03   2.6309647e-03
   1.2040000e+03   1.1057617e+03   2.6286585e-03
   1.2050000e+03   1.1062807e+03   2.5334603e-03
   1.2060000e+03   1.1068002e+03   2.3783808e-03
   1.2070000e+03   1.1073202e+03   2.3874391e-03
   1.2080000e+03   1.1078406e+03   2.6455557e-03
   1.2090000e+03   1.1083615e+03   3.0002036e-03
   1.2100000e+03   1.1088828e+03   3.3686130e-03
   1.2110000e+03   1.1094046e+03   3.3058124e-03
   1.2120000e+03   1.1099269e+03   2.7591739e-03
   1.2130000e+03   1.1104496e+03   2.5216930e-03
   1.2140000e+03   1.1109728e+03   2.8273047e-03
   1.2150000e+03   1.1114964e+03   3.3067258e-03
   1.2160000e+03   1.1120205e+03   3.8038916e-03
   1.2170000e+03   1.1125451e+03   4.0204924e-03
   1.2180000e+03   1.1130702e+03   3.4591363e-03
   1.2190000e+03   1.1135957e+03   3.0390220e-03
   1.2200000e+03   1.1141216e+03   3.1588060e-03
   1.2210000e+03   1.1146481e+03   3.5678472e-03
   1.2220000e+03   1.1151750e+03   4.3718550e-03
   1.2230000e+03   1.1157023e+03   4.8930900e-03
   1.2240000e+03   1.1162302e+03   4.3393833e-03
   1.2250000e+03   1.1167585e+03   3.8052175e-03
   1.2260000e+03   1.1172872e+03   3.8055256e-03
   1.2270000e+03   1.1178165e+03   4.0460470e-03
   1.2280000e+03   1.1183462e+03   4.7913727e-03
   1.2290000e+03   1.1188763e+03   5.4944837e-03
   1.2300000e+03   1.1194070e+03   5.0515218e-03
   1.2310000e+03   1.1199381e+03   4.3169534e-03
   1.2320000e+03   1.1204697e+03   4.3707183e-03
   1.2330000e+03   1.1210018e+03   4.8087750e-03
   1.2340000e+03   1.1215343e+03   5.5579044e-03
   1.2350000e+03   1.1220673e+03   6.3766304e-03
   1.2360000e+03   1.1226008e+03   6.3750037e-03
   1.2370000e+03   1.1231347e+03   5.0688146e-03
   1.2380000e+03   1.1236692e+03   4.6142946e-03
   1.2390000e+03   1.1242041e+03   5.7179225e-03
   1.2400000e+03   1.1247394e+03   6.9561414e-03
   1.2410000e+03   1.1252753e+03   7.7708185e-03
   1.2420000e+03   1.1258116e+03   8.0981479e-03
   1.2430000e+03   1.1263485e+03   6.4368889e-03
   1.2440000e+03   1.1268857e+03   4.8759098e-03
   1.2450000e+03   1.1274235e+03   5.2779650e-03
   1.2460000e+03   1.1279618e+03   6.8887078e-03
   1.2470000e+03   1.1285005e+03   9.1277479e-03
   1.2480000e+03   1.1290397e+03   1.0592845e-02
   1.2490000e+03   1.1295794e+03   8.7508588e-03
   1.2500000e+03   1.1301196e+03   6.2100656e-03
   1.2510000e+03   1.1306602e+03   6.2643405e-03
   1.2520000e+03   1.1312014e+03   7.1354530e-03
   1.2530000e+03   1.1317430e+03   9.6148310e-03
   1.2540000e+03   1.1322851e+03   1.4114084e-02
   1.2550000e+03   1.1328277e+03   1.3690977e-02
   1.2560000e+03   1.1333708e+03   9.3339371e-03
   1.2570000e+03   1.1339143e+03   7.0871371e-03
   1.2580000e+03   1.1344584e+03   7.3849490e-03
   1.2590000e+03   1.1350029e+03   9.0134544e-03
   1.2600000e+03   1.1355479e+03   1.2212236e-02
   1.2610000e+03   1.1360934e+03   1.5501238e-02
   1.2620000e+03   1.1366394e+03   1.2622273e-02
   1.2630000e+03   1.2169787e+03   1.0676444e-03
   1.2640000e+03   1.2174857e+03   1.1267215e-03
   1.2650000e+03   1.2179931e+03   1.1782844e-03
   1.2660000e+03   1.2185009e+03   1.1361386e-03
   1.2670000e+03   1.2190092e+03   1.0531794e-03
   1.2680000e+03   1.2195179e+03   9.4564168e-04
   1.2690000e+03   1.2200270e+03   8.6581919e-04
   1.2700000e+03   1.2205365e+03   8.3787207e-04
   1.2710000e+03   1.2210465e+03   8.7349927e-04
   1.2720000e+03   1.2215568e+03   9.1031390e-04
   1.2730000e+03   1.2220676e+03   8.8112865e-04
   1.2740000e+03   1.2225788e+03   8.1540675e-04
   1.2750000e+03   1.2230905e+03   7.4501512e-04
   1.2760000e+03   1.2236025e+03   6.8886250e-04
   1.2770000e+03   1.2241150e+03   6.4913775e-04
   1.2780000e+03   1.2246280e+03   6.3996296e-04
   1.2790000e+03   1.2251413e+03   6.5339584e-04
   1.2800000e+03   1.2256551e+03   6.3643961e-04
   1.2810000e+03   1.2261693e+03   5.9501015e-04
   1.2820000e+03   1.2266839e+03   5.6231751e-04
   1.2830000e+03   1.2271990e+03   5.2719951e-04
   1.2840000e+03   1.2277144e+03   4.9149648e-04
   1.2850000e+03   1.2282303e+03   4.5329800e-04
   1.2860000e+03   1.2287467e+03   4.4762537e-04
   1.2870000e+03   1.2292635e+03   4.6218421e-04
   1.2880000e+03   1.2297807e+03   4.6334316e-04
   1.2890000e+03   1.2302983e+03   4.6692955e-04
   1.2900000e+03   1.2308164e+03   4.3907697e-04
   1.2910000e+03   1.2313349e+03   4.0243578e-04
   1.2920000e+03   1.2318538e+03   3.7354730e-04
   1.2930000e+03   1.2323731e+03   3.7830445e-04
   1.2940000e+03   1.2328929e+03   3.9259735e-04
   1.2950000e+03   1.2334132e+03   3.7306008e-04
   1.2960000e+03   1.2339338e+03   3.4254461e-04
   1.2970000e+03   1.2344549e+03   3.1688223e-04
   1.2980000e+03   1.2349765e+03   2.9064355e-04
   1.2990000e+03   1.2354984e+03   2.7558017e-04
   1.3000000e+03   1.2360208e+03   2.8627959e-04
   1.3010000e+03   1.2365437e+03   2.9109205e-04
   1.3020000e+03   1.2370670e+03   2.6800122e-04
   1.3030000e+03   1.2375907e+03   2.4267149e-04
   1.3040000e+03   1.2381148e+03   2.2745040e-04
   1.3050000e+03   1.2386394e+03   2.0615080e-04
   1.3060000e+03   1.2391645e+03   1.8959322e-04
   1.3070000e+03   1.2396899e+03   1.9338867e-04
   1.3080000e+03   1.2402158e+03   1.9968602e-04
   1.3090000e+03   1.2407422e+03   1.8700343e-04
   1.3100000e+03   1.2412690e+03   1.6637568e-04
   1.3110000e+03   1.2417962e+03   1.5590255e-04
   1.3120000e+03   1.2423239e+03   1.4255916e-04
   1.3130000e+03   1.2428520e+03   1.3573365e-04
   1.3140000e+03   1.2433806e+03   1.4019815e-04
   1.3150000e+03   1.2439096e+03   1.3775590e-04
   1.3160000e+03   1.2444390e+03   1.2695265e-04
   1.3170000e+03   1.2449689e+03   1.1598601e-04
   1.3180000e+03   1.2454992e+03   1.0202607e-04
   1.4030000e+03   1.3037790e+03   1.5300076e-04
   1.4040000e+03   1.3043589e+03   1.9304553e-04
   1.4050000e+03   1.3049394e+03   2.2625610e-04
   1.4060000e+03   1.3055203e+03   2.4419637e-04
   1.4070000e+03   1.3061018e+03   1.2420885e-04
   1.4160000e+03   1.3113575e+03   1.2760509e-04
   1.4170000e+03   1.3119440e+03   2.5657792e-04
   1.4180000e+03   1.3125310e+03   4.2313008e-04
   1.4190000e+03   1.3131185e+03   5.9433051e-04
   1.4200000e+03   1.3137065e+03   6.9969597e-04
   1.4210000e+03   1.3142950e+03   1.0032035e-03
   1.4220000e+03   1.3148840e+03   1.2227859e-03
   1.4230000e+03   1.3154736e+03   1.4070061e-03
   1.4240000e+03   1.3160636e+03   1.7611215e-03
   1.4250000e+03   1.3166542e+03   2.0652599e-03
   1.4260000e+03   1.3172452e+03   2.6240492e-03
   1.4270000e+03   1.3178368e+03   3.0452624e-03
   1.4280000e+03   1.3184289e+03   3.3165714e-03
   1.4290000e+03   1.3190215e+03   3.8509863e-03
   1.4300000e+03   1.3196146e+03   4.4094063e-03
   1.4310000e+03   1.3202083e+03   4.7716852e-03
   1.4320000e+03   1.3208024e+03   5.7707827e-03
   1.4330000e+03   1.3213971e+03   6.4144898e-03
   1.4340000e+03   1.3219923e+03   7.2553359e-03
   1.4350000e+03   1.3225880e+03   8.8917497e-03
   1.4360000e+03   1.3231842e+03   8.7817266e-03
   1.4370000e+03   1.3237809e+03   9.7729258e-03
   1.4380000e+03   1.3243782e+03   1.1175737e-02
   1.4390000e+03   1.3249759e+03   1.1833414e-02
   1.4400000e+03   1.3255742e+03   1.3700323e-02
   1.4410000e+03   1.3261730e+03   1.4784308e-02
   1.4420000e+03   1.3267724e+03   1.4924180e-02
   1.4430000e+03   1.3273722e+03   1.7768581e-02
   1.4440000e+03   1.3279726e+03   1.9376888e-02
   1.4450000e+03   1.3285735e+03   2.2281550e-02
   1.4460000e+03   1.3291749e+03   2.4310271e-02
   1.4470000e+03   1.3297768e+03   2.5146492e-02
   1.4480000e+03   1.3303793e+03   2.8378671e-02
   1.4490000e+03   1.3309823e+03   2.9554460e-02
   1.4500000e+03   1.3315858e+03   3.0578244e-02
   1.4510000e+03   1.3321898e+03   3.4939792e-02
   1.4520000e+03   1.3327944e+03   4.1779135e-02
   1.4530000e+03   1.3333995e+03   4.6062627e-02
   1.4540000e+03   1.3340051e+03   4.6244711e-02
   1.4550000e+03   1.3346113e+03   4.9328379e-02
   1.4560000e+03   1.3352180e+03   5.4142751e-02
   1.4570000e+03   1.3358252e+03   5.4652607e-02
   1.4580000e+03   1.3364329e+03   5.9950529e-02
   1.4590000e+03   1.3370412e+03   6.6517352e-02
   1.4600000e+03   1.3376500e+03   7.3944172e-02
   1.4610000e+03   1.3382593e+03   7.4071758e-02
   1.4620000e+03   1.3388692e+03   7.4994295e-02
   1.4630000e+03   1.3381662e+03   7.5951781e-02
   1.4640000e+03   1.3386744e+03   7.2971586e-02
   1.4650000e+03   1.3391829e+03   7.8213212e-02
   1.4660000e+03   1.3396919e+03   8.5229243e-02
   1.4670000e+03   1.3402013e+03   8.3630793e-02
   1.4680000e+03   1.3407110e+03   8.9512316e-02
   1.4690000e+03   1.3412212e+03   1.0021953e-01
   1.4700000e+03   1.3417318e+03   1.0788992e-01
   1.4710000e+03   1.3422428e+03   9.5963735e-02
   1.4720000e+03   1.3427542e+03   1.0205578e-01
   1.4730000e+03   1.3432660e+03   1.0289651e-01
   1.4740000e+03   1.3437782e+03   1.1668398e-01
   1.4750000e+03   1.3442909e+03   1.1672274e-01
   1.4760000e+03   1.3448039e+03   1.1364363e-01
   1.4770000e+03   1.3453174e+03   1.2886915e-01
   1.4780000e+03   1.3458312e+03   1.2842721e-01
   1.4790000e+03   1.3463455e+03   1.0956478e-01
   1.4800000e+03   1.3468602e+03   1.1170295e-01
   1.4810000e+03   1.3473753e+03   1.1831241e-01
   1.4820000e+03   1.3478908e+03   1.4625702e-01
   1.4830000e+03   1.3484067e+03   1.4492413e-01
   1.4840000e+03   1.3489230e+03   1.3074302e-01
   1.4850000e+03   1.3494398e+03   1.4063886e-01
   1.4860000e+03   1.3499570e+03   1.4166409e-01
   1.4870000e+03   1.3504745e+03   1.2750362e-01
   1.4880000e+03   1.3509925e+03   1.3161622e-01
   1.4890000e+03   1.3515109e+03   1.3111927e-01
   1.4900000e+03   1.3520298e+03   1.3092505e-01
   1.4910000e+03   1.3525490e+03   1.3959780e-01
   1.4920000e+03   1.3530687e+03   1.3225966e-01
   1.4930000e+03   1.3535887e+03   1.2101338e-01
   1.4940000e+03   1.3541092e+03   1.1583665e-01
   1.4950000e+03   1.3546301e+03   1.0311974e-01
   1.4960000e+03   1.3551515e+03   1.0221588e-01
   1.4970000e+03   1.3556732e+03   1.0200248e-01
   1.4980000e+03   1.3561954e+03   1.0381944e-01
   1.4990000e+03   1.3567180e+03   1.0738204e-01
   1.5000000e+03   1.3572410e+03   1.0630082e-01
   1.5010000e+03   1.3577644e+03   1.1306733e-01
   1.5020000e+03   1.3582883e+03   1.2747029e-01
   1.5030000e+03   1.3588125e+03   1.4332680e-01
   1.5040000e+03   1.3593372e+03   1.6337571e-01
   1.5050000e+03   1.3598623e+03   1.8761534e-01
   1.5060000e+03   1.3603879e+03   2.2294051e-01
   1.5070000e+03   1.3609138e+03   2.3898974e-01
   1.5080000e+03   1.3614402e+03   2.0497032e-01
   1.5090000e+03   1.3619670e+03   1.1281279e-01
   1.5100000e+03   1.3624942e+03   3.9471162e-02
   1.5110000e+03   1.3630219e+03   1.7477103e-02
   1.5120000e+03   1.3635500e+03   1.7107274e-02
   1.5130000e+03   1.3640785e+03   2.2532328e-02
   1.5140000e+03   1.3646074e+03   2.8004257e-02
   1.5150000e+03   1.3651368e+03   4.0581317e-02
   1.5160000e+03   1.3656666e+03   5.3738639e-02
   1.5170000e+03   1.3661968e+03   7.5458796e-02
   1.5180000e+03   1.3667274e+03   8.7525335e-02
   1.5190000e+03   1.3672585e+03   9.6048206e-02
   1.5200000e+03   1.3677900e+03   1.1665532e-01
   1.5210000e+03   1.3683219e+03   1.3060083e-01
   1.5220000e+03   1.3688543e+03   1.5532640e-01
   1.5230000e+03   1.3693871e+03   1.6095258e-01
   1.5240000e+03   1.3699203e+03   1.6773316e-01
   1.5250000e+03   1.3704540e+03   1.7961454e-01
   1.5260000e+03   1.3709880e+03   1.7934802e-01
   1.5270000e+03   1.3715225e+03   1.9008754e-01
   1.5280000e+03   1.3720575e+03   1.8550742e-01
   1.5290000e+03   1.3725929e+03   1.9334351e-01
   1.5300000e+03   1.3731287e+03   1.9539540e-01
   1.5310000e+03   1.3736649e+03   1.9435859e-01
   1.5320000e+03   1.3742016e+03   1.9199856e-01
   1.5330000e+03   1.3747387e+03   1.8719975e-01
   1.5340000e+03   1.3752763e+03   1.9410569e-01
   1.5350000e+03   1.3758143e+03   1.8260799e-01
   1.5360000e+03   1.3763527e+03   1.8310695e-01
   1.5370000e+03   1.3768916e+03   1.7293385e-01
   1.5380000e+03   1.3774308e+03   1.7166809e-01
   1.5390000e+03   1.3779706e+03   1.6230694e-01
   1.5400000e+03   1.3785108e+03   1.5487152e-01
   1.5410000e+03   1.3790514e+03   1.4486935e-01
   1.5420000e+03   1.3795924e+03   1.3493378e-01
   1.5430000e+03   1.3801339e+03   1.1960334e-01
   1.5440000e+03   1.3806758e+03   1.1428096e-01
   1.5450000e+03   1.3812182e+03   1.0927646e-01
   1.5460000e+03   1.3817610e+03   1.0157822e-01
   1.5470000e+03   1.3823042e+03   9.6741845e-02
   1.5480000e+03   1.3828479e+03   8.9552039e-02
   1.5490000e+03   1.3833921e+03   8.4081472e-02
   1.5500000e+03   1.3839366e+03   7.7901684e-02
   1.5510000e+03   1.3844817e+03   7.3018020e-02
   1.5520000e+03   1.3850271e+03   6.6447871e-02
   1.5530000e+03   1.3855730e+03   6.1351484e-02
   1.5540000e+03   1.3861194e+03   5.5381131e-02
   1.5550000e+03   1.3866662e+03   5.0925182e-02
   1.5560000e+03   1.3872134e+03   4.6034071e-02
   1.5570000e+03   1.3877611e+03   4.1620189e-02
   1.5580000e+03   1.3883092e+03   3.7052323e-02
   1.5590000e+03   1.3888578e+03   3.3001568e-02
   1.5600000e+03   1.3894068e+03   2.9410475e-02
   1.5610000e+03   1.3899563e+03   2.6056418e-02
   1.5620000e+03   1.3905062e+03   2.2811693e-02
   1.5630000e+03   1.3910566e+03   2.0065887e-02
   1.5640000e+03   1.3916074e+03   1.7342453e-02
   1.5650000e+03   1.3921587e+03   1.5102363e-02
   1.5660000e+03   1.3927104e+03   1.3070018e-02
   1.5670000e+03   1.3932625e+03   1.1100757e-02
   1.5680000e+03   1.3938151e+03   9.5160165e-03
   1.5690000e+03   1.3943682e+03   8.0595374e-03
   1.5700000e+03   1.3949217e+03   6.7618729e-03
   1.5710000e+03   1.3954757e+03   5.4995631e-03
   1.5720000e+03   1.3960301e+03   4.2568389e-03
   1.5730000e+03   1.3965850e+03   3.0645068e-03
   1.5740000e+03   1.3971403e+03   2.1174219e-03
   1.5750000e+03   1.3976961e+03   1.4244856e-03
   1.5760000e+03   1.3982524e+03   8.8222285e-04
   1.5770000e+03   1.3988091e+03   6.2693297e-04
   1.5780000e+03   1.3993662e+03   4.3638708e-04
   1.5790000e+03   1.3999238e+03   2.8996075e-04
   1.5800000e+03   1.4004819e+03   2.2420339e-04
   1.5810000e+03   1.4010404e+03   1.9459851e-04
   1.5820000e+03   1.4015994e+03   1.7130212e-04
   2.1520000e+03   2.4533935e+03   1.0554322e-04
   2.1530000e+03   2.4544239e+03   1.2227664e-04
   2.1540000e+03   2.4554552e+03   1.4479614e-04
   2.1550000e+03   2.4564872e+03   1.7017291e-04
   2.1560000e+03   2.4575202e+03   2.0247573e-04
   2.1570000e+03   2.4585539e+03   2.3461512e-04
   2.1580000e+03   2.4595886e+03   2.7110403e-04
   2.1590000e+03   2.4606240e+03   3.1065962e-04
   2.1600000e+03   2.4616604e+03   3.5111941e-04
   2.1610000e+03   2.4626976e+03   4.1053144e-04
   2.1620000e+03   2.4637356e+03   4.7388211e-04
   2.1630000e+03   2.4647745e+03   5.4760220e-04
   2.1640000e+03   2.4658142e+03   6.2068728e-04
   2.1650000e+03   2.4668549e+03   6.9738511e-04
   2.1660000e+03   2.4678963e+03   7.8216633e-04
   2.1670000e+03   2.4689386e+03   8.6683201e-04
   2.1680000e+03   2.4699818e+03   9.7203814e-04
   2.1690000e+03   2.4710259e+03   1.0546286e-03
   2.1700000e+03   2.4720708e+03   1.1422299e-03
   2.1710000e+03   2.4731165e+03   1.2514347e-03
   2.1720000e+03   2.4741632e+03   1.3448966e-03
   2.1730000e+03   2.4752107e+03   1.4485745e-03
   2.1740000e+03   2.4762590e+03   1.5353095e-03
   2.1750000e+03   2.4773083e+03   1.6326453e-03
   2.1760000e+03   2.4783583e+03   1.7506184e-03
   2.1770000e+03   2.4794093e+03   1.8070442e-03
   2.1780000e+03   2.4804611e+03   2.0516584e-03
   2.1790000e+03   2.4815138e+03   2.2791450e-03
   2.1800000e+03   2.4825674e+03   2.3373998e-03
   2.1810000e+03   2.4836218e+03   2.4088699e-03
   2.1820000e+03   2.4846772e+03   2.4828268e-03
   2.1830000e+03   2.4857333e+03   2.4811654e-03
   2.1840000e+03   2.4867904e+03   2.5040814e-03
   2.1850000e+03   2.4878483e+03   2.5250093e-03
   2.1860000e+03   2.4889072e+03   2.4703062e-03
   2.1870000e+03   2.4899668e+03   2.4048001e-03
   2.1880000e+03   2.4910274e+03   2.3452375e-03
   2.1890000e+03   2.4920889e+03   2.1757220e-03
   2.1900000e+03   2.4931512e+03   1.9913976e-03
   2.1910000e+03   2.4942144e+03   1.9940810e-03
   2.1920000e+03   2.4952785e+03   2.2163655e-03
   2.1930000e+03   2.4963434e+03   2.5993369e-03
   2.1940000e+03   2.4974093e+03   3.1634501e-03
   2.1950000e+03   2.4984760e+03   3.4909615e-03
   2.1960000e+03   2.4995437e+03   2.4000088e-03
   2.1970000e+03   2.5006122e+03   8.9253198e-04
   2.1980000e+03   2.5016816e+03   5.9851174e-04
   2.1990000e+03   2.5027519e+03   8.9050588e-04
   2.2000000e+03   2.5038230e+03   1.3427341e-03
   2.2010000e+03   2.5048951e+03   1.9432093e-03
   2.2020000e+03   2.5059681e+03   2.5380673e-03
   2.2030000e+03   2.5070419e+03   3.0035062e-03
   2.2040000e+03   2.5081167e+03   3.3391378e-03
   2.2050000e+03   2.5091923e+03   3.5445857e-03
   2.2060000e+03   2.5102688e+03   3.6335635e-03
   2.2070000e+03   2.5113463e+03   3.6231212e-03
   2.2080000e+03   2.5124246e+03   3.4563614e-03
   2.2090000e+03   2.5135038e+03   3.2147590e-03
   2.2100000e+03   2.5145839e+03   2.9646763e-03
   2.2110000e+03   2.5156650e+03   2.7387117e-03
   2.2120000e+03   2.5167469e+03   2.4822215e-03
   2.2130000e+03   2.5178297e+03   2.1934087e-03
   2.2140000e+03   2.5189134e+03   1.8850363e-03
   2.2150000e+03   2.5199981e+03   1.5758914e-03
   2.2160000e+03   2.5210836e+03   1.2803456e-03
   2.2170000e+03   2.5221700e+03   1.0083790e-03
   2.2180000e+03   2.5232574e+03   7.6811675e-04
   2.2190000e+03   2.5243457e+03   5.5824493e-04
   2.2200000e+03   2.5254348e+03   3.9332872e-04
   2.2210000e+03   2.5265249e+03   2.5638604e-04
   2.2220000e+03   2.5276159e+03   1.6068646e-04
   2.4700000e+03   1.1371608e+03   8.9387203e-03
   2.4710000e+03   1.1376824e+03   8.7964011e-03
   2.4720000e+03   1.1382041e+03   9.3585342e-03
   2.4730000e+03   1.1387258e+03   9.9161158e-03
   2.4740000e+03   1.1392475e+03   1.2657832e-02
   2.4750000e+03   1.1397692e+03   1.3968886e-02
   2.4760000e+03   1.1402909e+03   1.1321734e-02
   2.4770000e+03   1.1408126e+03   1.0000810e-02
   2.4780000e+03   1.1413342e+03   1.0161733e-02
   2.4790000e+03   1.1418559e+03   9.7557761e-03
   2.4800000e+03   1.1423776e+03   8.4892224e-03
   2.4810000e+03   1.1428993e+03   9.7619697e-03
   2.4820000e+03   1.1434210e+03   1.1151144e-02
   2.4830000e+03   1.1439427e+03   1.0776215e-02
   2.4840000e+03   1.1444644e+03   9.9764445e-03
   2.4850000e+03   1.1449860e+03   7.6460650e-03
   2.4860000e+03   1.1455077e+03   6.3631075e-03
   2.4870000e+03   1.1460294e+03   6.8844217e-03
   2.4880000e+03   1.1465511e+03   7.7557622e-03
   2.4890000e+03   1.1470728e+03   8.6238760e-03
   2.4900000e+03   1.1475945e+03   6.6407482e-03
   2.4910000e+03   1.1481162e+03   4.5267956e-03
   2.4920000e+03   1.1486378e+03   4.5072521e-03
   2.4930000e+03   1.1491595e+03   5.0401605e-03
   2.4940000e+03   1.1496812e+03   4.9899023e-03
   2.4950000e+03   1.1502029e+03   4.1689182e-03
   2.4960000e+03   1.1507246e+03   3.6640166e-03
   2.4970000e+03   1.1512463e+03   3.8064147e-03
   2.4980000e+03   1.1517680e+03   3.6316515e-03
   2.4990000e+03   1.1522897e+03   3.6721760e-03
   2.5000000e+03   1.1528113e+03   3.9453443e-03
   2.5010000e+03   1.1533330e+03   4.2633923e-03
   2.5020000e+03   1.1538547e+03   5.0782970e-03
   2.5030000e+03   1.1543764e+03   5.0126637e-03
   2.5040000e+03   1.1548981e+03   4.6698392e-03
   2.5050000e+03   1.1554198e+03   6.6178212e-03
   2.5060000e+03   1.1559415e+03   8.7769157e-03
   2.5070000e+03   1.1564631e+03   8.1121597e-03
   2.5080000e+03   1.1569848e+03   8.3697005e-03
   2.5090000e+03   1.1575065e+03   9.8543272e-03
   2.5100000e+03   1.1580282e+03   1.0492306e-02
   2.5110000e+03   1.1585499e+03   1.0514044e-02
   2.5120000e+03   1.1590716e+03   1.0943925e-02
   2.5130000e+03   1.1595933e+03   1.1473643e-02
   2.5140000e+03   1.1601149e+03   1.2592327e-02
   2.5150000e+03   1.1606366e+03   1.2754667e-02
   2.5160000e+03   1.1611583e+03   1.0212254e-02
   2.5170000e+03   1.1616800e+03   9.8431148e-03
   2.5180000e+03   1.1622017e+03   1.0515321e-02
   2.5190000e+03   1.1627234e+03   1.3151047e-02
   2.5200000e+03   1.1632451e+03   1.6612199e-02
   2.5210000e+03   1.1637667e+03   1.4552502e-02
   2.5220000e+03   1.1642884e+03   1.0560073e-02
   2.5230000e+03   1.1648101e+03   9.8548394e-03
   2.5240000e+03   1.1653318e+03   1.1656730e-02
   2.5250000e+03   1.1658535e+03   1.3695306e-02
   2.5260000e+03   1.1663752e+03   1.5456107e-02
   2.5270000e+03   1.1668969e+03   1.4380683e-02
   2.5280000e+03   1.1674185e+03   1.1323564e-02
   2.5290000e+03   1.1679402e+03   9.7575059e-03
   2.5300000e+03   1.1684619e+03   9.6074516e-03
   2.5310000e+03   1.1689836e+03   1.0966000e-02
   2.5320000e+03   1.1695053e+03   1.2882614e-02
   2.5330000e+03   1.1700270e+03   1.4124068e-02
   2.5340000e+03   1.1705487e+03   1.1925081e-02
   2.5350000e+03   1.1710703e+03   8.9181277e-03
   2.5360000e+03   1.1715920e+03   8.2211611e-03
   2.5370000e+03   1.1721137e+03   8.4879543e-03
   2.5380000e+03   1.1726354e+03   9.6829398e-03
   2.5390000e+03   1.1731571e+03   1.1098967e-02
   2.5400000e+03   1.1736788e+03   1.0477289e-02
   2.5410000e+03   1.1742005e+03   7.8171878e-03
   2.5420000e+03   1.1747222e+03   6.9499422e-03
   2.5430000e+03   1.1752438e+03   7.2182778e-03
   2.5440000e+03   1.1757655e+03   8.1534501e-03
   2.5450000e+03   1.1762872e+03   9.9593799e-03
   2.5460000e+03   1.1768089e+03   1.0243512e-02
   2.5470000e+03   1.1773306e+03   7.6403641e-03
   2.5480000e+03   1.1778523e+03   5.4806060e-03
   2.5490000e+03   1.1783740e+03   5.5565076e-03
   2.5500000e+03   1.1788956e+03   6.2210714e-03
   2.5510000e+03   1.1794173e+03   6.9886264e-03
   2.5520000e+03   1.1799390e+03   7.5751855e-03
   2.5530000e+03   1.1804607e+03   6.8297090e-03
   2.5540000e+03   1.1809824e+03   4.9332091e-03
   2.5550000e+03   1.1815041e+03   4.2711538e-03
   2.5560000e+03   1.1820258e+03   4.9585109e-03
   2.5570000e+03   1.1825474e+03   6.0898905e-03
   2.5580000e+03   1.1830691e+03   6.9923270e-03
   2.5590000e+03   1.1835908e+03   6.7342306e-03
   2.5600000e+03   1.1841125e+03   4.9114760e-03
   2.5610000e+03   1.1846342e+03   3.7453687e-03
   2.5620000e+03   1.1851559e+03   3.8218538e-03
   2.5630000e+03   1.1856776e+03   4.1332969e-03
   2.5640000e+03   1.1861992e+03   5.1019231e-03
   2.5650000e+03   1.1867209e+03   5.8056390e-03
   2.5660000e+03   1.1872426e+03   5.0211197e-03
   2.5670000e+03   1.1877643e+03   4.0298758e-03
   2.5680000e+03   1.1882860e+03   3.7382576e-03
   2.5690000e+03   1.1888077e+03   3.7909231e-03
   2.5700000e+03   1.1893294e+03   4.2275501e-03
   2.5710000e+03   1.1898510e+03   4.9746499e-03
   2.5720000e+03   1.1903727e+03   5.0571006e-03
   2.5730000e+03   1.1908944e+03   4.0636853e-03
   2.5740000e+03   1.1914161e+03   3.4948330e-03
   2.5750000e+03   1.1919378e+03   3.4681854e-03
   2.5760000e+03   1.1924595e+03   3.6604446e-03
   2.5770000e+03   1.1929812e+03   3.9119452e-03
   2.5780000e+03   1.1935029e+03   3.9743484e-03
   2.5790000e+03   1.1940245e+03   3.5991826e-03
   2.5800000e+03   1.1945462e+03   3.3144087e-03
   2.5810000e+03   1.1950679e+03   3.2987887e-03
   2.5820000e+03   1.1955896e+03   3.3696509e-03
   2.5830000e+03   1.1961113e+03   3.5207728e-03
   2.5840000e+03   1.1966330e+03   3.5812253e-03
   2.5850000e+03   1.1971547e+03   3.1951971e-03
   2.5860000e+03   1.1976763e+03   2.7955498e-03
   2.5870000e+03   1.1981980e+03   2.8497670e-03
   2.5880000e+03   1.1987197e+03   2.9919484e-03
   2.5890000e+03   1.1992414e+03   3.0911814e-03
   2.5900000e+03   1.1997631e+03   3.1251236e-03
   2.5910000e+03   1.2002848e+03   2.8215765e-03
   2.5920000e+03   1.2008065e+03   2.4277366e-03
   2.5930000e+03   1.2013281e+03   2.2808856e-03
   2.5940000e+03   1.2018498e+03   2.4405669e-03
   2.5950000e+03   1.2023715e+03   2.6721115e-03
   2.5960000e+03   1.2028932e+03   2.7247178e-03
   2.5970000e+03   1.2034149e+03   2.5653933e-03
   2.5980000e+03   1.2039366e+03   2.2392712e-03
   2.5990000e+03   1.2044583e+03   2.0296827e-03
   2.6000000e+03   1.2049799e+03   2.0767766e-03
   2.6010000e+03   1.2055016e+03   2.2884680e-03
   2.6020000e+03   1.2060233e+03   2.5325693e-03
   2.6030000e+03   1.2065450e+03   2.5028552e-03
   2.6040000e+03   1.2070667e+03   2.2187501e-03
   2.6050000e+03   1.2075884e+03   2.0421513e-03
   2.6060000e+03   1.2081101e+03   1.9639838e-03
   2.6070000e+03   1.2086317e+03   1.9155065e-03
   2.6080000e+03   1.2091534e+03   1.9106691e-03
   2.6090000e+03   1.2096751e+03   1.9662638e-03
   2.6100000e+03   1.2101968e+03   1.9308423e-03
   2.6110000e+03   1.2107185e+03   1.7818370e-03
   2.6120000e+03   1.2112402e+03   1.6901414e-03
   2.6130000e+03   1.2117619e+03   1.6394283e-03
   2.6140000e+03   1.2122835e+03   1.6073986e-03
   2.6150000e+03   1.2128052e+03   1.5281155e-03
   2.6160000e+03   1.2133269e+03   1.4375500e-03
   2.6170000e+03   1.2138486e+03   1.4623071e-03
   2.6180000e+03   1.2143703e+03   1.4618934e-03
   2.6190000e+03   1.2148920e+03   1.4107017e-03
   2.6200000e+03   1.2154137e+03   1.3709443e-03
   2.6210000e+03   1.2159354e+03   1.2798966e-03
   2.6220000e+03   1.2164570e+03   1.1325291e-03
   2.6440000e+03   1.3394790e+03   8.2850385e-02
   2.6450000e+03   1.3376580e+03   7.2796437e-02
