   1.1150000e+03   1.0613272e+03   1.0226307e-04
   1.1160000e+03   1.0618076e+03   1.1288626e-04
   1.1170000e+03   1.0622883e+03   1.1483006e-04
   1.1180000e+03   1.0627695e+03   1.3026963e-04
   1.1190000e+03   1.0632511e+03   1.4041023e-04
   1.1200000e+03   1.0637331e+03   1.4008251e-04
   1.1210000e+03   1.0642155e+03   1.4503372e-04
   1.1220000e+03   1.0646983e+03   1.4310758e-04
   1.1230000e+03   1.0651816e+03   1.5104689e-04
   1.1240000e+03   1.0656652e+03   1.6602158e-04
   1.1250000e+03   1.0661493e+03   1.6751021e-04
   1.1260000e+03   1.0666338e+03   1.8331171e-04
   1.1270000e+03   1.0671187e+03   1.9743504e-04
   1.1280000e+03   1.0676041e+03   1.9078054e-04
   1.1290000e+03   1.0680898e+03   1.9669170e-04
   1.1300000e+03   1.0685760e+03   2.0425884e-04
   1.1310000e+03   1.0690626e+03   2.1061415e-04
   1.1320000e+03   1.0695496e+03   2.3309469e-04
   1.1330000e+03   1.0700370e+03   2.4738837e-04
   1.1340000e+03   1.0705249e+03   2.6233110e-04
   1.1350000e+03   1.0710132e+03   2.7918930e-04
   1.1360000e+03   1.0715019e+03   2.7671327e-04
   1.1370000e+03   1.0719910e+03   2.7606097e-04
   1.1380000e+03   1.0724806e+03   2.9197470e-04
   1.1390000e+03   1.0729705e+03   3.1000498e-04
   1.1400000e+03   1.0734609e+03   3.3863467e-04
   1.1410000e+03   1.0739518e+03   3.6730137e-04
   1.1420000e+03   1.0744430e+03   3.9334864e-04
   1.1430000e+03   1.0749347e+03   3.9328372e-04
   1.1440000e+03   1.0754268e+03   3.7854049e-04
   1.1450000e+03   1.0759193e+03   3.9267082e-04
   1.1460000e+03   1.0764122e+03   4.2587169e-04
   1.1470000e+03   1.0769056e+03   4.5101428e-04
   1.1480000e+03   1.0773994e+03   4.8421488e-04
   1.1490000e+03   1.0778937e+03   5.1108523e-04
   1.1500000e+03   1.0783883e+03   5.2576972e-04
   1.1510000e+03   1.0788834e+03   5.1928021e-04
   1.1520000e+03   1.0793790e+03   5.2111246e-04
   1.1530000e+03   1.0798749e+03   5.2810079e-04
   1.1540000e+03   1.0803713e+03   5.2341109e-04
   1.1550000e+03   1.0808681e+03   5.4388240e-04
   1.1560000e+03   1.0813654e+03   5.8198391e-04
   1.1570000e+03   1.0818631e+03   6.0517966e-04
   1.1580000e+03   1.0823612e+03   6.1227600e-04
   1.1590000e+03   1.0828597e+03   6.0654890e-04
   1.1600000e+03   1.0833587e+03   6.3802433e-04
   1.1610000e+03   1.0838581e+03   6.8890907e-04
   1.1620000e+03   1.0843580e+03   7.1068771e-04
   1.1630000e+03   1.0848583e+03   7.3797309e-04
   1.1640000e+03   1.0853590e+03   7.7978907e-04
   1.1650000e+03   1.0858601e+03   8.4432342e-04
   1.1660000e+03   1.0863617e+03   8.4749764e-04
   1.1670000e+03   1.0868638e+03   8.3507957e-04
   1.1680000e+03   1.0873663e+03   8.5231553e-04
   1.1690000e+03   1.0878692e+03   8.8767123e-04
   1.1700000e+03   1.0883725e+03   9.4756119e-04
   1.1710000e+03   1.0888763e+03   1.0177382e-03
   1.1720000e+03   1.0893805e+03   1.1059887e-03
   1.1730000e+03   1.0898852e+03   1.1432440e-03
   1.1740000e+03   1.0903903e+03   1.0769530e-03
   1.1750000e+03   1.0908959e+03   1.0356025e-03
   1.1760000e+03   1.0914019e+03   1.1102622e-03
   1.1770000e+03   1.0919083e+03   1.1984300e-03
   1.1780000e+03   1.0924152e+03   1.3051290e-03
   1.1790000e+03   1.0929225e+03   1.4165662e-03
   1.1800000e+03   1.0934303e+03   1.4555666e-03
   1.1810000e+03   1.0939385e+03   1.3767496e-03
   1.1820000e+03   1.0944472e+03   1.2935123e-03
   1.1830000e+03   1.0949563e+03   1.3668022e-03
   1.1840000e+03   1.0954658e+03   1.5130683e-03
   1.1850000e+03   1.0959758e+03   1.6489757e-03
   1.1860000e+03   1.0964863e+03   1.7152240e-03
   1.1870000e+03   1.0969971e+03   1.7024314e-03
   1.1880000e+03   1.0975085e+03   1.7211713e-03
   1.1890000e+03   1.0980203e+03   1.7024909e-03
   1.1900000e+03   1.0985325e+03   1.7379572e-03
   1.1910000e+03   1.0990452e+03   1.9196072e-03
   1.1920000e+03   1.0995583e+03   2.0222873e-03
   1.1930000e+03   1.1000719e+03   1.9791313e-03
   1.1940000e+03   1.1005860e+03   1.9946206e-03
   1.1950000e+03   1.1011005e+03   2.0971476e-03
   1.1960000e+03   1.1016154e+03   2.1732350e-03
   1.1970000e+03   1.1021308e+03   2.2669658e-03
   1.1980000e+03   1.1026466e+03   2.3563604e-03
   1.1990000e+03   1.1031629e+03   2.2951861e-03
   1.2000000e+03   1.1036797e+03   2.2234732e-03
   1.2010000e+03   1.1041969e+03   2.3348765e-03
   1.2020000e+03   1.1047146e+03   2.5314520e-03
   1.2030000e+03   1.1052327e+03   2.6306973e-03
   1.2040000e+03   1.1057513e+03   2.6303853e-03
   1.2050000e+03   1.1062703e+03   2.5369767e-03
   1.2060000e+03   1.1067898e+03   2.3798475e-03
   1.2070000e+03   1.1073098e+03   2.3836814e-03
   1.2080000e+03   1.1078302e+03   2.6392784e-03
   1.2090000e+03   1.1083511e+03   2.9936487e-03
   1.2100000e+03   1.1088724e+03   3.3632963e-03
   1.2110000e+03   1.1093942e+03   3.3129471e-03
   1.2120000e+03   1.1099164e+03   2.7695828e-03
   1.2130000e+03   1.1104391e+03   2.5200473e-03
   1.2140000e+03   1.1109623e+03   2.8188948e-03
   1.2150000e+03   1.1114860e+03   3.2981541e-03
   1.2160000e+03   1.1120101e+03   3.7931581e-03
   1.2170000e+03   1.1125346e+03   4.0233856e-03
   1.2180000e+03   1.1130597e+03   3.4722540e-03
   1.2190000e+03   1.1135851e+03   3.0424825e-03
   1.2200000e+03   1.1141111e+03   3.1564728e-03
   1.2210000e+03   1.1146375e+03   3.5538359e-03
   1.2220000e+03   1.1151644e+03   4.3504691e-03
   1.2230000e+03   1.1156918e+03   4.8947073e-03
   1.2240000e+03   1.1162196e+03   4.3601047e-03
   1.2250000e+03   1.1167479e+03   3.8076306e-03
   1.2260000e+03   1.1172766e+03   3.7998847e-03
   1.2270000e+03   1.1178059e+03   4.0367872e-03
   1.2280000e+03   1.1183356e+03   4.7749551e-03
   1.2290000e+03   1.1188657e+03   5.4912412e-03
   1.2300000e+03   1.1193964e+03   5.0691054e-03
   1.2310000e+03   1.1199275e+03   4.3212147e-03
   1.2320000e+03   1.1204591e+03   4.3643661e-03
   1.2330000e+03   1.1209911e+03   4.7993385e-03
   1.2340000e+03   1.1215236e+03   5.5430727e-03
   1.2350000e+03   1.1220566e+03   6.3615627e-03
   1.2360000e+03   1.1225901e+03   6.3887255e-03
   1.2370000e+03   1.1231240e+03   5.0934385e-03
   1.2380000e+03   1.1236585e+03   4.6087330e-03
   1.2390000e+03   1.1241934e+03   5.6942986e-03
   1.2400000e+03   1.1247287e+03   6.9325711e-03
   1.2410000e+03   1.1252646e+03   7.7491202e-03
   1.2420000e+03   1.1258009e+03   8.1133073e-03
   1.2430000e+03   1.1263377e+03   6.4848382e-03
   1.2440000e+03   1.1268750e+03   4.8889498e-03
   1.2450000e+03   1.1274128e+03   5.2536837e-03
   1.2460000e+03   1.1279510e+03   6.8405588e-03
   1.2470000e+03   1.1284897e+03   9.0839261e-03
   1.2480000e+03   1.1290289e+03   1.0599105e-02
   1.2490000e+03   1.1295686e+03   8.8145635e-03
   1.2500000e+03   1.1301088e+03   6.2295721e-03
   1.2510000e+03   1.1306494e+03   6.2445494e-03
   1.2520000e+03   1.1311905e+03   7.1151801e-03
   1.2530000e+03   1.1317322e+03   9.5359854e-03
   1.2540000e+03   1.1322742e+03   1.4051302e-02
   1.2550000e+03   1.1328168e+03   1.3760541e-02
   1.2560000e+03   1.1333599e+03   9.4094174e-03
   1.2570000e+03   1.1339034e+03   7.1044209e-03
   1.2580000e+03   1.1344475e+03   7.3591082e-03
   1.2590000e+03   1.1349920e+03   8.9816392e-03
   1.2600000e+03   1.1355370e+03   1.2119603e-02
   1.2610000e+03   1.1360825e+03   1.5483847e-02
   1.2620000e+03   1.1366285e+03   1.2725850e-02
   1.2630000e+03   1.2169686e+03   1.0670629e-03
   1.2640000e+03   1.2174755e+03   1.1250848e-03
   1.2650000e+03   1.2179830e+03   1.1784436e-03
   1.2660000e+03   1.2184908e+03   1.1371832e-03
   1.2670000e+03   1.2189990e+03   1.0552098e-03
   1.2680000e+03   1.2195077e+03   9.4784884e-04
   1.2690000e+03   1.2200168e+03   8.6703174e-04
   1.2700000e+03   1.2205263e+03   8.3845452e-04
   1.2710000e+03   1.2210363e+03   8.7247516e-04
   1.2720000e+03   1.2215466e+03   9.0986029e-04
   1.2730000e+03   1.2220574e+03   8.8239436e-04
   1.2740000e+03   1.2225686e+03   8.1681595e-04
   1.2750000e+03   1.2230802e+03   7.4641302e-04
   1.2760000e+03   1.2235923e+03   6.8985296e-04
   1.2770000e+03   1.2241048e+03   6.4957830e-04
   1.2780000e+03   1.2246177e+03   6.3944538e-04
   1.2790000e+03   1.2251310e+03   6.5329220e-04
   1.2800000e+03   1.2256448e+03   6.3740647e-04
   1.2810000e+03   1.2261590e+03   5.9564272e-04
   1.2820000e+03   1.2266736e+03   5.6288938e-04
   1.2830000e+03   1.2271886e+03   5.2787650e-04
   1.2840000e+03   1.2277041e+03   4.9221976e-04
   1.2850000e+03   1.2282200e+03   4.5397572e-04
   1.2860000e+03   1.2287364e+03   4.4751633e-04
   1.2870000e+03   1.2292531e+03   4.6211508e-04
   1.2880000e+03   1.2297703e+03   4.6314154e-04
   1.2890000e+03   1.2302879e+03   4.6709046e-04
   1.2900000e+03   1.2308060e+03   4.3982488e-04
   1.2910000e+03   1.2313245e+03   4.0318716e-04
   1.2920000e+03   1.2318434e+03   3.7394592e-04
   1.2930000e+03   1.2323628e+03   3.7803917e-04
   1.2940000e+03   1.2328825e+03   3.9247002e-04
   1.2950000e+03   1.2334028e+03   3.7366291e-04
   1.2960000e+03   1.2339234e+03   3.4307918e-04
   1.2970000e+03   1.2344445e+03   3.1741763e-04
   1.2980000e+03   1.2349660e+03   2.9116882e-04
   1.2990000e+03   1.2354880e+03   2.7564746e-04
   1.3000000e+03   1.2360104e+03   2.8587700e-04
   1.3010000e+03   1.2365332e+03   2.9125481e-04
   1.3020000e+03   1.2370565e+03   2.6861266e-04
   1.3030000e+03   1.2375802e+03   2.4303509e-04
   1.3040000e+03   1.2381043e+03   2.2775764e-04
   1.3050000e+03   1.2386289e+03   2.0660147e-04
   1.3060000e+03   1.2391539e+03   1.8977180e-04
   1.3070000e+03   1.2396794e+03   1.9322258e-04
   1.3080000e+03   1.2402053e+03   1.9965207e-04
   1.3090000e+03   1.2407316e+03   1.8744965e-04
   1.3100000e+03   1.2412584e+03   1.6661009e-04
   1.3110000e+03   1.2417857e+03   1.5617757e-04
   1.3120000e+03   1.2423133e+03   1.4277678e-04
   1.3130000e+03   1.2428414e+03   1.3576661e-04
   1.3140000e+03   1.2433700e+03   1.4013482e-04
   1.3150000e+03   1.2438990e+03   1.3796491e-04
   1.3160000e+03   1.2444284e+03   1.2714834e-04
   1.3170000e+03   1.2449583e+03   1.1622991e-04
   1.3180000e+03   1.2454886e+03   1.0225877e-04
   1.4030000e+03   1.3037674e+03   1.5238633e-04
   1.4040000e+03   1.3043473e+03   1.9208442e-04
   1.4050000e+03   1.3049277e+03   2.2552101e-04
   1.4060000e+03   1.3055087e+03   2.4438378e-04
   1.4070000e+03   1.3060901e+03   1.2761340e-04
   1.4160000e+03   1.3113457e+03   1.2584335e-04
   1.4170000e+03   1.3119322e+03   2.5458503e-04
   1.4180000e+03   1.3125192e+03   4.1906889e-04
   1.4190000e+03   1.3131067e+03   5.9133040e-04
   1.4200000e+03   1.3136947e+03   6.9575383e-04
   1.4210000e+03   1.3142832e+03   9.9709867e-04
   1.4220000e+03   1.3148722e+03   1.2205429e-03
   1.4230000e+03   1.3154618e+03   1.4011376e-03
   1.4240000e+03   1.3160518e+03   1.7539025e-03
   1.4250000e+03   1.3166423e+03   2.0559186e-03
   1.4260000e+03   1.3172334e+03   2.6139407e-03
   1.4270000e+03   1.3178250e+03   3.0408536e-03
   1.4280000e+03   1.3184171e+03   3.3094052e-03
   1.4290000e+03   1.3190097e+03   3.8327725e-03
   1.4300000e+03   1.3196028e+03   4.4024948e-03
   1.4310000e+03   1.3201964e+03   4.7645960e-03
   1.4320000e+03   1.3207905e+03   5.7521325e-03
   1.4330000e+03   1.3213852e+03   6.4031129e-03
   1.4340000e+03   1.3219804e+03   7.2074224e-03
   1.4350000e+03   1.3225760e+03   8.8915025e-03
   1.4360000e+03   1.3231722e+03   8.7805771e-03
   1.4370000e+03   1.3237690e+03   9.7415413e-03
   1.4380000e+03   1.3243662e+03   1.1161664e-02
   1.4390000e+03   1.3249640e+03   1.1810864e-02
   1.4400000e+03   1.3255622e+03   1.3655553e-02
   1.4410000e+03   1.3261610e+03   1.4774105e-02
   1.4420000e+03   1.3267604e+03   1.4917063e-02
   1.4430000e+03   1.3273602e+03   1.7716115e-02
   1.4440000e+03   1.3279606e+03   1.9348700e-02
   1.4450000e+03   1.3285614e+03   2.2220666e-02
   1.4460000e+03   1.3291629e+03   2.4284643e-02
   1.4470000e+03   1.3297648e+03   2.5095954e-02
   1.4480000e+03   1.3303672e+03   2.8325093e-02
   1.4490000e+03   1.3309702e+03   2.9550615e-02
   1.4500000e+03   1.3315737e+03   3.0541160e-02
   1.4510000e+03   1.3321778e+03   3.4788991e-02
   1.4520000e+03   1.3327823e+03   4.1690683e-02
   1.4530000e+03   1.3333874e+03   4.6064996e-02
   1.4540000e+03   1.3339930e+03   4.6238302e-02
   1.4550000e+03   1.3345992e+03   4.9181248e-02
   1.4560000e+03   1.3352058e+03   5.4078789e-02
   1.4570000e+03   1.3358130e+03   5.4625278e-02
   1.4580000e+03   1.3364208e+03   5.9828210e-02
   1.4590000e+03   1.3370290e+03   6.6392190e-02
   1.4600000e+03   1.3376378e+03   7.3688184e-02
   1.4610000e+03   1.3382471e+03   7.4120316e-02
   1.4620000e+03   1.3388570e+03   7.4907960e-02
   1.4630000e+03   1.3381561e+03   7.6041338e-02
   1.4640000e+03   1.3386642e+03   7.2951251e-02
   1.4650000e+03   1.3391728e+03   7.7977565e-02
   1.4660000e+03   1.3396817e+03   8.5263158e-02
   1.4670000e+03   1.3401911e+03   8.3682302e-02
   1.4680000e+03   1.3407008e+03   8.9215574e-02
   1.4690000e+03   1.3412110e+03   1.0000251e-01
   1.4700000e+03   1.3417216e+03   1.0821569e-01
   1.4710000e+03   1.3422326e+03   9.5842007e-02
   1.4720000e+03   1.3427440e+03   1.0205051e-01
   1.4730000e+03   1.3432558e+03   1.0267700e-01
   1.4740000e+03   1.3437680e+03   1.1648805e-01
   1.4750000e+03   1.3442806e+03   1.1690889e-01
   1.4760000e+03   1.3447936e+03   1.1350811e-01
   1.4770000e+03   1.3453071e+03   1.2860834e-01
   1.4780000e+03   1.3458209e+03   1.2859383e-01
   1.4790000e+03   1.3463352e+03   1.0985538e-01
   1.4800000e+03   1.3468499e+03   1.1175621e-01
   1.4810000e+03   1.3473650e+03   1.1812064e-01
   1.4820000e+03   1.3478805e+03   1.4554963e-01
   1.4830000e+03   1.3483964e+03   1.4523669e-01
   1.4840000e+03   1.3489127e+03   1.3089421e-01
   1.4850000e+03   1.3494295e+03   1.4038832e-01
   1.4860000e+03   1.3499466e+03   1.4186088e-01
   1.4870000e+03   1.3504642e+03   1.2768145e-01
   1.4880000e+03   1.3509822e+03   1.3139586e-01
   1.4890000e+03   1.3515006e+03   1.3127182e-01
   1.4900000e+03   1.3520194e+03   1.3072002e-01
   1.4910000e+03   1.3525386e+03   1.3952453e-01
   1.4920000e+03   1.3530583e+03   1.3294684e-01
   1.4930000e+03   1.3535783e+03   1.2094786e-01
   1.4940000e+03   1.3540988e+03   1.1598292e-01
   1.4950000e+03   1.3546197e+03   1.0332385e-01
   1.4960000e+03   1.3551410e+03   1.0223324e-01
   1.4970000e+03   1.3556628e+03   1.0207933e-01
   1.4980000e+03   1.3561849e+03   1.0354909e-01
   1.4990000e+03   1.3567075e+03   1.0740510e-01
   1.5000000e+03   1.3572305e+03   1.0630412e-01
   1.5010000e+03   1.3577539e+03   1.1283528e-01
   1.5020000e+03   1.3582778e+03   1.2715837e-01
   1.5030000e+03   1.3588020e+03   1.4298347e-01
   1.5040000e+03   1.3593267e+03   1.6299485e-01
   1.5050000e+03   1.3598518e+03   1.8700636e-01
   1.5060000e+03   1.3603773e+03   2.2224226e-01
   1.5070000e+03   1.3609033e+03   2.3892064e-01
   1.5080000e+03   1.3614297e+03   2.0651600e-01
   1.5090000e+03   1.3619565e+03   1.1462279e-01
   1.5100000e+03   1.3624837e+03   4.0394258e-02
   1.5110000e+03   1.3630113e+03   1.7657275e-02
   1.5120000e+03   1.3635394e+03   1.7014949e-02
   1.5130000e+03   1.3640679e+03   2.2409241e-02
   1.5140000e+03   1.3645968e+03   2.7835600e-02
   1.5150000e+03   1.3651262e+03   4.0281893e-02
   1.5160000e+03   1.3656560e+03   5.3494442e-02
   1.5170000e+03   1.3661862e+03   7.4940973e-02
   1.5180000e+03   1.3667168e+03   8.7491801e-02
   1.5190000e+03   1.3672479e+03   9.5712539e-02
   1.5200000e+03   1.3677794e+03   1.1626294e-01
   1.5210000e+03   1.3683113e+03   1.3030271e-01
   1.5220000e+03   1.3688436e+03   1.5492768e-01
   1.5230000e+03   1.3693764e+03   1.6097764e-01
   1.5240000e+03   1.3699096e+03   1.6740302e-01
   1.5250000e+03   1.3704433e+03   1.7955141e-01
   1.5260000e+03   1.3709773e+03   1.7920582e-01
   1.5270000e+03   1.3715119e+03   1.9001611e-01
   1.5280000e+03   1.3720468e+03   1.8561216e-01
   1.5290000e+03   1.3725822e+03   1.9301987e-01
   1.5300000e+03   1.3731180e+03   1.9559841e-01
   1.5310000e+03   1.3736542e+03   1.9420560e-01
   1.5320000e+03   1.3741909e+03   1.9221425e-01
   1.5330000e+03   1.3747280e+03   1.8703547e-01
   1.5340000e+03   1.3752655e+03   1.9419729e-01
   1.5350000e+03   1.3758035e+03   1.8271305e-01
   1.5360000e+03   1.3763419e+03   1.8319429e-01
   1.5370000e+03   1.3768808e+03   1.7313937e-01
   1.5380000e+03   1.3774201e+03   1.7166851e-01
   1.5390000e+03   1.3779598e+03   1.6258529e-01
   1.5400000e+03   1.3784999e+03   1.5494074e-01
   1.5410000e+03   1.3790405e+03   1.4513409e-01
   1.5420000e+03   1.3795816e+03   1.3513805e-01
   1.5430000e+03   1.3801231e+03   1.1986810e-01
   1.5440000e+03   1.3806650e+03   1.1431224e-01
   1.5450000e+03   1.3812073e+03   1.0945999e-01
   1.5460000e+03   1.3817501e+03   1.0165616e-01
   1.5470000e+03   1.3822934e+03   9.6896240e-02
   1.5480000e+03   1.3828371e+03   8.9661105e-02
   1.5490000e+03   1.3833812e+03   8.4225046e-02
   1.5500000e+03   1.3839257e+03   7.7997692e-02
   1.5510000e+03   1.3844708e+03   7.3130911e-02
   1.5520000e+03   1.3850162e+03   6.6563690e-02
   1.5530000e+03   1.3855621e+03   6.1454058e-02
   1.5540000e+03   1.3861084e+03   5.5488732e-02
   1.5550000e+03   1.3866552e+03   5.1022305e-02
   1.5560000e+03   1.3872025e+03   4.6120468e-02
   1.5570000e+03   1.3877501e+03   4.1724104e-02
   1.5580000e+03   1.3882982e+03   3.7134628e-02
   1.5590000e+03   1.3888468e+03   3.3077155e-02
   1.5600000e+03   1.3893958e+03   2.9482846e-02
   1.5610000e+03   1.3899453e+03   2.6117571e-02
   1.5620000e+03   1.3904952e+03   2.2875878e-02
   1.5630000e+03   1.3910456e+03   2.0120681e-02
   1.5640000e+03   1.3915964e+03   1.7386508e-02
   1.5650000e+03   1.3921476e+03   1.5146750e-02
   1.5660000e+03   1.3926993e+03   1.3112026e-02
   1.5670000e+03   1.3932515e+03   1.1132799e-02
   1.5680000e+03   1.3938041e+03   9.5492240e-03
   1.5690000e+03   1.3943572e+03   8.0860127e-03
   1.5700000e+03   1.3949107e+03   6.7852344e-03
   1.5710000e+03   1.3954646e+03   5.5270316e-03
   1.5720000e+03   1.3960190e+03   4.2819853e-03
   1.5730000e+03   1.3965739e+03   3.0843930e-03
   1.5740000e+03   1.3971292e+03   2.1345654e-03
   1.5750000e+03   1.3976850e+03   1.4379384e-03
   1.5760000e+03   1.3982412e+03   8.8881543e-04
   1.5770000e+03   1.3987979e+03   6.3133059e-04
   1.5780000e+03   1.3993551e+03   4.3986593e-04
   1.5790000e+03   1.3999127e+03   2.9216306e-04
   1.5800000e+03   1.4004707e+03   2.2494005e-04
   1.5810000e+03   1.4010292e+03   1.9511006e-04
   1.5820000e+03   1.4015882e+03   1.7172959e-04
   2.1520000e+03   2.4533729e+03   1.0520005e-04
   2.1530000e+03   2.4544033e+03   1.2189768e-04
   2.1540000e+03   2.4554345e+03   1.4433820e-04
   2.1550000e+03   2.4564666e+03   1.6956217e-04
   2.1560000e+03   2.4574995e+03   2.0183219e-04
   2.1570000e+03   2.4585333e+03   2.3385257e-04
   2.1580000e+03   2.4595679e+03   2.7048386e-04
   2.1590000e+03   2.4606033e+03   3.0981526e-04
   2.1600000e+03   2.4616396e+03   3.5017556e-04
   2.1610000e+03   2.4626768e+03   4.0921581e-04
   2.1620000e+03   2.4637148e+03   4.7249817e-04
   2.1630000e+03   2.4647537e+03   5.4637530e-04
   2.1640000e+03   2.4657934e+03   6.1884689e-04
   2.1650000e+03   2.4668340e+03   6.9597423e-04
   2.1660000e+03   2.4678755e+03   7.8037660e-04
   2.1670000e+03   2.4689178e+03   8.6510669e-04
   2.1680000e+03   2.4699610e+03   9.7004629e-04
   2.1690000e+03   2.4710050e+03   1.0525483e-03
   2.1700000e+03   2.4720499e+03   1.1411031e-03
   2.1710000e+03   2.4730956e+03   1.2486129e-03
   2.1720000e+03   2.4741422e+03   1.3432148e-03
   2.1730000e+03   2.4751897e+03   1.4471485e-03
   2.1740000e+03   2.4762381e+03   1.5323629e-03
   2.1750000e+03   2.4772873e+03   1.6316007e-03
   2.1760000e+03   2.4783373e+03   1.7483789e-03
   2.1770000e+03   2.4793883e+03   1.8050703e-03
   2.1780000e+03   2.4804401e+03   2.0466585e-03
   2.1790000e+03   2.4814928e+03   2.2761642e-03
   2.1800000e+03   2.4825463e+03   2.3353236e-03
   2.1810000e+03   2.4836007e+03   2.4089213e-03
   2.1820000e+03   2.4846560e+03   2.4815856e-03
   2.1830000e+03   2.4857122e+03   2.4792226e-03
   2.1840000e+03   2.4867693e+03   2.5058487e-03
   2.1850000e+03   2.4878272e+03   2.5255790e-03
   2.1860000e+03   2.4888860e+03   2.4691011e-03
   2.1870000e+03   2.4899456e+03   2.4071080e-03
   2.1880000e+03   2.4910062e+03   2.3486583e-03
   2.1890000e+03   2.4920676e+03   2.1787068e-03
   2.1900000e+03   2.4931299e+03   1.9927375e-03
   2.1910000e+03   2.4941931e+03   1.9931462e-03
   2.1920000e+03   2.4952572e+03   2.2109603e-03
   2.1930000e+03   2.4963221e+03   2.5893273e-03
   2.1940000e+03   2.4973880e+03   3.1510329e-03
   2.1950000e+03   2.4984547e+03   3.4955827e-03
   2.1960000e+03   2.4995223e+03   2.4332690e-03
   2.1970000e+03   2.5005908e+03   9.1272125e-04
   2.1980000e+03   2.5016602e+03   5.9517930e-04
   2.1990000e+03   2.5027305e+03   8.8318437e-04
   2.2000000e+03   2.5038016e+03   1.3326103e-03
   2.2010000e+03   2.5048737e+03   1.9307826e-03
   2.2020000e+03   2.5059466e+03   2.5270466e-03
   2.2030000e+03   2.5070204e+03   2.9948045e-03
   2.2040000e+03   2.5080952e+03   3.3332529e-03
   2.2050000e+03   2.5091708e+03   3.5416117e-03
   2.2060000e+03   2.5102473e+03   3.6321242e-03
   2.2070000e+03   2.5113247e+03   3.6249784e-03
   2.2080000e+03   2.5124030e+03   3.4611369e-03
   2.2090000e+03   2.5134822e+03   3.2202064e-03
   2.2100000e+03   2.5145623e+03   2.9692134e-03
   2.2110000e+03   2.5156433e+03   2.7433495e-03
   2.2120000e+03   2.5167252e+03   2.4877738e-03
   2.2130000e+03   2.5178080e+03   2.1994940e-03
   2.2140000e+03   2.5188918e+03   1.8913846e-03
   2.2150000e+03   2.5199764e+03   1.5818871e-03
   2.2160000e+03   2.5210619e+03   1.2860566e-03
   2.2170000e+03   2.5221483e+03   1.0134637e-03
   2.2180000e+03   2.5232356e+03   7.7268975e-04
   2.2190000e+03   2.5243239e+03   5.6197709e-04
   2.2200000e+03   2.5254130e+03   3.9640240e-04
   2.2210000e+03   2.5265031e+03   2.5869659e-04
   2.2220000e+03   2.5275941e+03   1.6219731e-04
   2.4700000e+03   1.1371507e+03   8.9673309e-03
   2.4710000e+03   1.1376723e+03   8.7859465e-03
   2.4720000e+03   1.1381940e+03   9.3556345e-03
   2.4730000e+03   1.1387157e+03   9.8883033e-03
   2.4740000e+03   1.1392374e+03   1.2586306e-02
   2.4750000e+03   1.1397591e+03   1.3995191e-02
   2.4760000e+03   1.1402808e+03   1.1377295e-02
   2.4770000e+03   1.1408025e+03   1.0002795e-02
   2.4780000e+03   1.1413241e+03   1.0160566e-02
   2.4790000e+03   1.1418458e+03   9.7774227e-03
   2.4800000e+03   1.1423675e+03   8.4985527e-03
   2.4810000e+03   1.1428892e+03   9.7202174e-03
   2.4820000e+03   1.1434109e+03   1.1143835e-02
   2.4830000e+03   1.1439326e+03   1.0787340e-02
   2.4840000e+03   1.1444543e+03   1.0006150e-02
   2.4850000e+03   1.1449759e+03   7.6952076e-03
   2.4860000e+03   1.1454976e+03   6.3616212e-03
   2.4870000e+03   1.1460193e+03   6.8717992e-03
   2.4880000e+03   1.1465410e+03   7.7242469e-03
   2.4890000e+03   1.1470627e+03   8.6358613e-03
   2.4900000e+03   1.1475844e+03   6.7030680e-03
   2.4910000e+03   1.1481061e+03   4.5382707e-03
   2.4920000e+03   1.1486277e+03   4.5006594e-03
   2.4930000e+03   1.1491494e+03   5.0323195e-03
   2.4940000e+03   1.1496711e+03   5.0008342e-03
   2.4950000e+03   1.1501928e+03   4.1839408e-03
   2.4960000e+03   1.1507145e+03   3.6660626e-03
   2.4970000e+03   1.1512362e+03   3.8058745e-03
   2.4980000e+03   1.1517579e+03   3.6340310e-03
   2.4990000e+03   1.1522796e+03   3.6682512e-03
   2.5000000e+03   1.1528012e+03   3.9421789e-03
   2.5010000e+03   1.1533229e+03   4.2494746e-03
   2.5020000e+03   1.1538446e+03   5.0683185e-03
   2.5030000e+03   1.1543663e+03   5.0208590e-03
   2.5040000e+03   1.1548880e+03   4.6657407e-03
   2.5050000e+03   1.1554097e+03   6.5593675e-03
   2.5060000e+03   1.1559314e+03   8.7568256e-03
   2.5070000e+03   1.1564530e+03   8.1375013e-03
   2.5080000e+03   1.1569747e+03   8.3417435e-03
   2.5090000e+03   1.1574964e+03   9.8273240e-03
   2.5100000e+03   1.1580181e+03   1.0496268e-02
   2.5110000e+03   1.1585398e+03   1.0509138e-02
   2.5120000e+03   1.1590615e+03   1.0927516e-02
   2.5130000e+03   1.1595832e+03   1.1465322e-02
   2.5140000e+03   1.1601048e+03   1.2564506e-02
   2.5150000e+03   1.1606265e+03   1.2787867e-02
   2.5160000e+03   1.1611482e+03   1.0254251e-02
   2.5170000e+03   1.1616699e+03   9.8309118e-03
   2.5180000e+03   1.1621916e+03   1.0495035e-02
   2.5190000e+03   1.1627133e+03   1.3065552e-02
   2.5200000e+03   1.1632350e+03   1.6593742e-02
   2.5210000e+03   1.1637566e+03   1.4634438e-02
   2.5220000e+03   1.1642783e+03   1.0609165e-02
   2.5230000e+03   1.1648000e+03   9.8378873e-03
   2.5240000e+03   1.1653217e+03   1.1613032e-02
   2.5250000e+03   1.1658434e+03   1.3662381e-02
   2.5260000e+03   1.1663651e+03   1.5433868e-02
   2.5270000e+03   1.1668868e+03   1.4429204e-02
   2.5280000e+03   1.1674084e+03   1.1382100e-02
   2.5290000e+03   1.1679301e+03   9.7707679e-03
   2.5300000e+03   1.1684518e+03   9.5974061e-03
   2.5310000e+03   1.1689735e+03   1.0930028e-02
   2.5320000e+03   1.1694952e+03   1.2841013e-02
   2.5330000e+03   1.1700169e+03   1.4132271e-02
   2.5340000e+03   1.1705386e+03   1.1990347e-02
   2.5350000e+03   1.1710602e+03   8.9532690e-03
   2.5360000e+03   1.1715819e+03   8.2232535e-03
   2.5370000e+03   1.1721036e+03   8.4727178e-03
   2.5380000e+03   1.1726253e+03   9.6566017e-03
   2.5390000e+03   1.1731470e+03   1.1082031e-02
   2.5400000e+03   1.1736687e+03   1.0517773e-02
   2.5410000e+03   1.1741904e+03   7.8617336e-03
   2.5420000e+03   1.1747121e+03   6.9480173e-03
   2.5430000e+03   1.1752337e+03   7.2093390e-03
   2.5440000e+03   1.1757554e+03   8.1230956e-03
   2.5450000e+03   1.1762771e+03   9.9272418e-03
   2.5460000e+03   1.1767988e+03   1.0268407e-02
   2.5470000e+03   1.1773205e+03   7.7039189e-03
   2.5480000e+03   1.1778422e+03   5.4972375e-03
   2.5490000e+03   1.1783639e+03   5.5450612e-03
   2.5500000e+03   1.1788855e+03   6.2085311e-03
   2.5510000e+03   1.1794072e+03   6.9751238e-03
   2.5520000e+03   1.1799289e+03   7.5708441e-03
   2.5530000e+03   1.1804506e+03   6.8594228e-03
   2.5540000e+03   1.1809723e+03   4.9638239e-03
   2.5550000e+03   1.1814940e+03   4.2658119e-03
   2.5560000e+03   1.1820157e+03   4.9412428e-03
   2.5570000e+03   1.1825373e+03   6.0672609e-03
   2.5580000e+03   1.1830590e+03   6.9808096e-03
   2.5590000e+03   1.1835807e+03   6.7589492e-03
   2.5600000e+03   1.1841024e+03   4.9497441e-03
   2.5610000e+03   1.1846241e+03   3.7516592e-03
   2.5620000e+03   1.1851458e+03   3.8183444e-03
   2.5630000e+03   1.1856675e+03   4.1209388e-03
   2.5640000e+03   1.1861891e+03   5.0795393e-03
   2.5650000e+03   1.1867108e+03   5.8054421e-03
   2.5660000e+03   1.1872325e+03   5.0436812e-03
   2.5670000e+03   1.1877542e+03   4.0409708e-03
   2.5680000e+03   1.1882759e+03   3.7393818e-03
   2.5690000e+03   1.1887976e+03   3.7874494e-03
   2.5700000e+03   1.1893193e+03   4.2167090e-03
   2.5710000e+03   1.1898409e+03   4.9610566e-03
   2.5720000e+03   1.1903626e+03   5.0688886e-03
   2.5730000e+03   1.1908843e+03   4.0844643e-03
   2.5740000e+03   1.1914060e+03   3.4990278e-03
   2.5750000e+03   1.1919277e+03   3.4658591e-03
   2.5760000e+03   1.1924494e+03   3.6551103e-03
   2.5770000e+03   1.1929711e+03   3.9060614e-03
   2.5780000e+03   1.1934928e+03   3.9776148e-03
   2.5790000e+03   1.1940144e+03   3.6076053e-03
   2.5800000e+03   1.1945361e+03   3.3166145e-03
   2.5810000e+03   1.1950578e+03   3.2973999e-03
   2.5820000e+03   1.1955795e+03   3.3677987e-03
   2.5830000e+03   1.1961012e+03   3.5187858e-03
   2.5840000e+03   1.1966229e+03   3.5845315e-03
   2.5850000e+03   1.1971446e+03   3.2058174e-03
   2.5860000e+03   1.1976662e+03   2.7982104e-03
   2.5870000e+03   1.1981879e+03   2.8465598e-03
   2.5880000e+03   1.1987096e+03   2.9904050e-03
   2.5890000e+03   1.1992313e+03   3.0888562e-03
   2.5900000e+03   1.1997530e+03   3.1266095e-03
   2.5910000e+03   1.2002747e+03   2.8291225e-03
   2.5920000e+03   1.2007964e+03   2.4332707e-03
   2.5930000e+03   1.2013180e+03   2.2806782e-03
   2.5940000e+03   1.2018397e+03   2.4365221e-03
   2.5950000e+03   1.2023614e+03   2.6686495e-03
   2.5960000e+03   1.2028831e+03   2.7252194e-03
   2.5970000e+03   1.2034048e+03   2.5716204e-03
   2.5980000e+03   1.2039265e+03   2.2457520e-03
   2.5990000e+03   1.2044482e+03   2.0319089e-03
   2.6000000e+03   1.2049698e+03   2.0744050e-03
   2.6010000e+03   1.2054915e+03   2.2826489e-03
   2.6020000e+03   1.2060132e+03   2.5291937e-03
   2.6030000e+03   1.2065349e+03   2.5074384e-03
   2.6040000e+03   1.2070566e+03   2.2237467e-03
   2.6050000e+03   1.2075783e+03   2.0436637e-03
   2.6060000e+03   1.2081000e+03   1.9648923e-03
   2.6070000e+03   1.2086216e+03   1.9158010e-03
   2.6080000e+03   1.2091433e+03   1.9100962e-03
   2.6090000e+03   1.2096650e+03   1.9659936e-03
   2.6100000e+03   1.2101867e+03   1.9330415e-03
   2.6110000e+03   1.2107084e+03   1.7842543e-03
   2.6120000e+03   1.2112301e+03   1.6915425e-03
   2.6130000e+03   1.2117518e+03   1.6403886e-03
   2.6140000e+03   1.2122734e+03   1.6084143e-03
   2.6150000e+03   1.2127951e+03   1.5308308e-03
   2.6160000e+03   1.2133168e+03   1.4378875e-03
   2.6170000e+03   1.2138385e+03   1.4612078e-03
   2.6180000e+03   1.2143602e+03   1.4630065e-03
   2.6190000e+03   1.2148819e+03   1.4116024e-03
   2.6200000e+03   1.2154036e+03   1.3717204e-03
   2.6210000e+03   1.2159253e+03   1.2824314e-03
   2.6220000e+03   1.2164469e+03   1.1349194e-03
   2.6440000e+03   1.3394668e+03   8.2740385e-02
   2.6450000e+03   1.3376479e+03   7.2501015e-02
