%! This file is the old "azfwocm_jn98.txt" file with some gas info
%! added (2 August 2000) to the header before the (unchanged) main
%! data block.
%!
%! alpha:  3.1512297119580056E-02  6.6728680529010737E-02
%! 3.9241615312540203E-02  2.9047926354623648E-02  4.1561877744284582E-02
%!
%! New data header line (added 2 August 2000):
%!    NGAS    IDGAS1 IDGAS2 IDGAS3 ... IDGAS<NGAS>
%!
%! layer fixed       water         ozone    carbon monoxide  methane
%!---  -----------  -----------  -----------  -----------  -----------
% 5    2  1  3  5  6
   1  7.01411E-11  1.57304E-13  2.53959E-14  1.86923E-13  2.46615E-14
   2  1.42528E-10  3.25462E-13  5.18081E-14  3.79356E-13  5.03696E-14
   3  2.17232E-10  5.05225E-13  7.92774E-14  5.77460E-13  7.71687E-14
   4  2.94327E-10  6.97392E-13  1.07846E-13  7.81403E-13  1.05105E-13
   5  3.73891E-10  9.02819E-13  1.37558E-13  9.91358E-13  1.34227E-13
   6  4.56002E-10  1.12242E-12  1.68459E-13  1.20750E-12  1.64585E-13
   7  5.40741E-10  1.35718E-12  2.00597E-13  1.43001E-12  1.96231E-13
   8  6.28193E-10  1.60814E-12  2.34021E-13  1.65908E-12  2.29220E-13
   9  7.18446E-10  1.87641E-12  2.68783E-13  1.89491E-12  2.63609E-13
  10  8.11587E-10  2.16320E-12  3.04936E-13  2.13768E-12  2.99457E-13
  11  9.07710E-10  2.46977E-12  3.42536E-13  2.38761E-12  3.36827E-13
  12  1.00691E-09  2.79750E-12  3.81641E-13  2.64491E-12  3.75783E-13
  13  1.10929E-09  3.14785E-12  4.22311E-13  2.90978E-12  4.16392E-13
  14  1.21494E-09  3.52237E-12  4.64608E-13  3.18247E-12  4.58724E-13
  15  1.32398E-09  3.92274E-12  5.08599E-13  3.46319E-12  5.02853E-13
  16  1.43650E-09  4.35073E-12  5.54349E-13  3.75219E-12  5.48854E-13
  17  1.55263E-09  4.80826E-12  6.01931E-13  4.04971E-12  5.96808E-13
  18  1.67248E-09  5.29736E-12  6.51417E-13  4.35599E-12  6.46796E-13
  19  1.79616E-09  5.82021E-12  7.02884E-13  4.67130E-12  6.98906E-13
  20  1.92381E-09  6.37914E-12  7.56411E-13  4.99591E-12  7.53228E-13
  21  2.05554E-09  6.97664E-12  8.12079E-13  5.33008E-12  8.09854E-13
  22  2.19149E-09  7.61537E-12  8.69976E-13  5.67410E-12  8.68884E-13
  23  2.33178E-09  8.29817E-12  9.30190E-13  6.02826E-12  9.30419E-13
  24  2.47658E-09  9.02809E-12  9.92814E-13  6.39286E-12  9.94565E-13
  25  2.62600E-09  9.80838E-12  1.05794E-12  6.76821E-12  1.06143E-12
  26  2.78021E-09  1.06425E-11  1.12568E-12  7.15462E-12  1.13114E-12
  27  2.93936E-09  1.15342E-11  1.19613E-12  7.55241E-12  1.20380E-12
  28  3.10360E-09  1.24874E-11  1.26939E-12  7.96194E-12  1.27955E-12
  29  3.27310E-09  1.35064E-11  1.34559E-12  8.38353E-12  1.35852E-12
  30  3.44803E-09  1.45958E-11  1.42484E-12  8.81755E-12  1.44083E-12
  31  3.62855E-09  1.57603E-11  1.50726E-12  9.26436E-12  1.52664E-12
  32  3.81486E-09  1.70051E-11  1.59298E-12  9.72434E-12  1.61608E-12
  33  4.00713E-09  1.83359E-11  1.68213E-12  1.01979E-11  1.70933E-12
  34  4.20556E-09  1.97584E-11  1.77485E-12  1.06854E-11  1.80653E-12
  35  4.41033E-09  2.12792E-11  1.87128E-12  1.11872E-11  1.90786E-12
  36  4.62167E-09  2.29049E-11  1.97157E-12  1.17039E-11  2.01348E-12
  37  4.83977E-09  2.46427E-11  2.07587E-12  1.22358E-11  2.12359E-12
  38  5.06485E-09  2.65005E-11  2.18434E-12  1.27833E-11  2.23837E-12
  39  5.29714E-09  2.84865E-11  2.29716E-12  1.33470E-11  2.35803E-12
  40  5.53686E-09  3.06095E-11  2.41449E-12  1.39273E-11  2.48276E-12
  41  5.78426E-09  3.28790E-11  2.53652E-12  1.45248E-11  2.61278E-12
  42  6.03958E-09  3.53052E-11  2.66343E-12  1.51398E-11  2.74832E-12
  43  6.30307E-09  3.78987E-11  2.79542E-12  1.57729E-11  2.88962E-12
  44  6.57500E-09  4.06712E-11  2.93270E-12  1.64248E-11  3.03691E-12
  45  6.85563E-09  4.36351E-11  3.07546E-12  1.70958E-11  3.19045E-12
  46  7.14525E-09  4.68034E-11  3.22395E-12  1.77866E-11  3.35051E-12
  47  7.44414E-09  5.01904E-11  3.37837E-12  1.84977E-11  3.51735E-12
  48  7.75260E-09  5.38111E-11  3.53897E-12  1.92299E-11  3.69128E-12
  49  8.07093E-09  5.76817E-11  3.70601E-12  1.99836E-11  3.87260E-12
  50  8.39945E-09  6.18194E-11  3.87972E-12  2.07595E-11  4.06160E-12
  51  8.73849E-09  6.62425E-11  4.06039E-12  2.15583E-11  4.25863E-12
  52  9.08839E-09  7.09709E-11  4.24829E-12  2.23806E-11  4.46401E-12
  53  9.44949E-09  7.60256E-11  4.44371E-12  2.32272E-11  4.67812E-12
  54  9.82215E-09  8.14291E-11  4.64695E-12  2.40987E-11  4.90131E-12
  55  1.02067E-08  8.72054E-11  4.85833E-12  2.49959E-11  5.13397E-12
  56  1.06036E-08  9.33804E-11  5.07816E-12  2.59196E-11  5.37650E-12
  57  1.10132E-08  9.99814E-11  5.30679E-12  2.68704E-11  5.62933E-12
  58  1.14360E-08  1.07038E-10  5.54458E-12  2.78493E-11  5.89289E-12
  59  1.18722E-08  1.14581E-10  5.79188E-12  2.88571E-11  6.16763E-12
  60  1.23224E-08  1.22646E-10  6.04907E-12  2.98945E-11  6.45403E-12
  61  1.27871E-08  1.31266E-10  6.31656E-12  3.09626E-11  6.75259E-12
  62  1.32666E-08  1.40481E-10  6.59476E-12  3.20621E-11  7.06381E-12
  63  1.37614E-08  1.50333E-10  6.88409E-12  3.31940E-11  7.38825E-12
  64  1.42721E-08  1.60864E-10  7.18500E-12  3.43593E-11  7.72645E-12
  65  1.47992E-08  1.72122E-10  7.49795E-12  3.55589E-11  8.07900E-12
  66  1.53431E-08  1.84156E-10  7.82343E-12  3.67939E-11  8.44652E-12
  67  1.59044E-08  1.97021E-10  8.16193E-12  3.80653E-11  8.82963E-12
  68  1.64837E-08  2.10774E-10  8.51398E-12  3.93741E-11  9.22900E-12
  69  1.70816E-08  2.25476E-10  8.88012E-12  4.07216E-11  9.64532E-12
  70  1.76986E-08  2.41192E-10  9.26091E-12  4.21087E-11  1.00793E-11
  71  1.83353E-08  2.57993E-10  9.65695E-12  4.35367E-11  1.05317E-11
  72  1.89925E-08  2.75953E-10  1.00688E-11  4.50069E-11  1.10033E-11
  73  1.96706E-08  2.95153E-10  1.04972E-11  4.65203E-11  1.14949E-11
  74  2.03705E-08  3.15677E-10  1.09427E-11  4.80784E-11  1.20074E-11
  75  2.10928E-08  3.37618E-10  1.14061E-11  4.96824E-11  1.25416E-11
  76  2.18382E-08  3.61073E-10  1.18879E-11  5.13336E-11  1.30985E-11
  77  2.26075E-08  3.86146E-10  1.23891E-11  5.30335E-11  1.36791E-11
  78  2.34014E-08  4.12950E-10  1.29103E-11  5.47836E-11  1.42842E-11
  79  2.42207E-08  4.41603E-10  1.34524E-11  5.65852E-11  1.49151E-11
  80  2.50662E-08  4.72233E-10  1.40162E-11  5.84399E-11  1.55727E-11
  81  2.59388E-08  5.04977E-10  1.46026E-11  6.03493E-11  1.62582E-11
  82  2.68394E-08  5.39980E-10  1.52124E-11  6.23149E-11  1.69729E-11
  83  2.77688E-08  5.77399E-10  1.58466E-11  6.43385E-11  1.77178E-11
  84  2.87279E-08  6.17400E-10  1.65062E-11  6.64217E-11  1.84944E-11
  85  2.97177E-08  6.60161E-10  1.71922E-11  6.85664E-11  1.93039E-11
  86  3.07393E-08  7.05873E-10  1.79057E-11  7.07742E-11  2.01478E-11
  87  3.17935E-08  7.54740E-10  1.86477E-11  7.30471E-11  2.10275E-11
  88  3.28815E-08  8.06978E-10  1.94194E-11  7.53871E-11  2.19445E-11
  89  3.40043E-08  8.62821E-10  2.02220E-11  7.77959E-11  2.29004E-11
  90  3.51630E-08  9.22518E-10  2.10567E-11  8.02758E-11  2.38969E-11
  91  3.63589E-08  9.86334E-10  2.19248E-11  8.28288E-11  2.49357E-11
  92  3.75930E-08  1.05455E-09  2.28277E-11  8.54570E-11  2.60186E-11
  93  3.88667E-08  1.12748E-09  2.37667E-11  8.81627E-11  2.71474E-11
  94  4.01811E-08  1.20544E-09  2.47433E-11  9.09481E-11  2.83241E-11
  95  4.15376E-08  1.28878E-09  2.57589E-11  9.38156E-11  2.95508E-11
  96  4.29375E-08  1.37787E-09  2.68152E-11  9.67676E-11  3.08295E-11
  97  4.43823E-08  1.47311E-09  2.79138E-11  9.98067E-11  3.21625E-11
  98  4.58733E-08  1.57492E-09  2.90564E-11  1.02935E-10  3.35521E-11
  99  4.74120E-08  1.68375E-09  3.02447E-11  1.06156E-10  3.50006E-11
 100  4.90000E-08  1.80010E-09  3.14805E-11  1.09472E-10  3.65106E-11
 101  5.06388E-08  1.92447E-09  3.27658E-11  1.12885E-10  3.80847E-11
 102  5.23301E-08  2.05743E-09  3.41026E-11  1.16399E-10  3.97256E-11
 103  5.40756E-08  2.19956E-09  3.54928E-11  1.20017E-10  4.14361E-11
 104  5.58769E-08  2.35150E-09  3.69387E-11  1.23741E-10  4.32193E-11
 105  5.77359E-08  2.51392E-09  3.84424E-11  1.27576E-10  4.50780E-11
 106  5.96544E-08  2.68755E-09  4.00063E-11  1.31523E-10  4.70157E-11
 107  6.16343E-08  2.87316E-09  4.16329E-11  1.35586E-10  4.90356E-11
 108  6.36776E-08  3.07159E-09  4.33245E-11  1.39769E-10  5.11412E-11
 109  6.57863E-08  3.28370E-09  4.50838E-11  1.44076E-10  5.33362E-11
 110  6.79625E-08  3.51045E-09  4.69135E-11  1.48509E-10  5.56243E-11
 111  7.02084E-08  3.75285E-09  4.88165E-11  1.53073E-10  5.80096E-11
 112  7.25262E-08  4.01197E-09  5.07956E-11  1.57772E-10  6.04960E-11
 113  7.49182E-08  4.28898E-09  5.28539E-11  1.62609E-10  6.30880E-11
 114  7.73868E-08  4.58510E-09  5.49946E-11  1.67588E-10  6.57900E-11
 115  7.99344E-08  4.90165E-09  5.72210E-11  1.72715E-10  6.86066E-11
 116  8.25636E-08  5.24005E-09  5.95365E-11  1.77992E-10  7.15427E-11
 117  8.52769E-08  5.60180E-09  6.19446E-11  1.83425E-10  7.46035E-11
 118  8.80771E-08  5.98851E-09  6.44492E-11  1.89019E-10  7.77942E-11
 119  9.09670E-08  6.40190E-09  6.70539E-11  1.94777E-10  8.11202E-11
 120  9.39493E-08  6.84383E-09  6.97629E-11  2.00704E-10  8.45875E-11
 121  9.70272E-08  7.31625E-09  7.25804E-11  2.06807E-10  8.82018E-11
 122  1.00204E-07  7.82126E-09  7.55105E-11  2.13089E-10  9.19696E-11
 123  1.03482E-07  8.36113E-09  7.85580E-11  2.19557E-10  9.58972E-11
 124  1.06865E-07  8.93825E-09  8.17274E-11  2.26215E-10  9.99915E-11
 125  1.10356E-07  9.55520E-09  8.50237E-11  2.33069E-10  1.04260E-10
 126  1.13959E-07  1.02147E-08  8.84519E-11  2.40126E-10  1.08709E-10
 127  1.17677E-07  1.09197E-08  9.20173E-11  2.47390E-10  1.13347E-10
 128  1.21515E-07  1.16734E-08  9.57254E-11  2.54868E-10  1.18182E-10
 129  1.25475E-07  1.24791E-08  9.95819E-11  2.62567E-10  1.23222E-10
 130  1.29562E-07  1.33404E-08  1.03593E-10  2.70493E-10  1.28476E-10
 131  1.33780E-07  1.42611E-08  1.07764E-10  2.78653E-10  1.33952E-10
 132  1.38133E-07  1.52454E-08  1.12102E-10  2.87053E-10  1.39662E-10
 133  1.42626E-07  1.62975E-08  1.16614E-10  2.95700E-10  1.45613E-10
 134  1.47262E-07  1.74223E-08  1.21307E-10  3.04602E-10  1.51817E-10
 135  1.52046E-07  1.86247E-08  1.26187E-10  3.13767E-10  1.58285E-10
 136  1.56984E-07  1.99100E-08  1.31263E-10  3.23202E-10  1.65027E-10
 137  1.62080E-07  2.12841E-08  1.36541E-10  3.32915E-10  1.72055E-10
 138  1.67339E-07  2.27530E-08  1.42031E-10  3.42914E-10  1.79381E-10
 139  1.72766E-07  2.43232E-08  1.47741E-10  3.53208E-10  1.87018E-10
 140  1.78367E-07  2.60018E-08  1.53680E-10  3.63806E-10  1.94979E-10
 141  1.84148E-07  2.77962E-08  1.59855E-10  3.74715E-10  2.03279E-10
 142  1.90113E-07  2.97145E-08  1.66279E-10  3.85946E-10  2.11930E-10
 143  1.96270E-07  3.17651E-08  1.72959E-10  3.97509E-10  2.20948E-10
 144  2.02623E-07  3.39572E-08  1.79906E-10  4.09412E-10  2.30350E-10
 145  2.09180E-07  3.63006E-08  1.87132E-10  4.21666E-10  2.40150E-10
 146  2.15947E-07  3.88057E-08  1.94646E-10  4.34281E-10  2.50366E-10
 147  2.22931E-07  4.14837E-08  2.02462E-10  4.47268E-10  2.61015E-10
 148  2.30138E-07  4.43464E-08  2.10590E-10  4.60637E-10  2.72117E-10
 149  2.37575E-07  4.74067E-08  2.19044E-10  4.74401E-10  2.83690E-10
 150  2.45251E-07  5.06782E-08  2.27836E-10  4.88570E-10  2.95753E-10
 151  2.53173E-07  5.41754E-08  2.36979E-10  5.03157E-10  3.08329E-10
 152  2.61348E-07  5.79140E-08  2.46489E-10  5.18174E-10  3.21439E-10
 153  2.69785E-07  6.19105E-08  2.56380E-10  5.33634E-10  3.35104E-10
 154  2.78492E-07  6.61828E-08  2.66666E-10  5.49549E-10  3.49350E-10
 155  2.87478E-07  7.07499E-08  2.77363E-10  5.65933E-10  3.64200E-10
 156  2.96752E-07  7.56322E-08  2.88489E-10  5.82801E-10  3.79681E-10
 157  3.06322E-07  8.08514E-08  3.00061E-10  6.00165E-10  3.95818E-10
 158  3.16199E-07  8.64308E-08  3.12095E-10  6.18041E-10  4.12640E-10
 159  3.26392E-07  9.23951E-08  3.24611E-10  6.36444E-10  4.30177E-10
 160  3.36911E-07  9.87710E-08  3.37628E-10  6.55390E-10  4.48457E-10
 161  3.47767E-07  1.05587E-07  3.51166E-10  6.74893E-10  4.67513E-10
 162  3.58970E-07  1.12873E-07  3.65245E-10  6.94972E-10  4.87378E-10
 163  3.70533E-07  1.20662E-07  3.79889E-10  7.15643E-10  5.08086E-10
 164  3.82465E-07  1.28989E-07  3.95118E-10  7.36922E-10  5.29672E-10
 165  3.94780E-07  1.37890E-07  4.10956E-10  7.58829E-10  5.52175E-10
 166  4.07488E-07  1.47405E-07  4.27429E-10  7.81382E-10  5.75633E-10
 167  4.20604E-07  1.57577E-07  4.44561E-10  8.04599E-10  6.00086E-10
 168  4.34139E-07  1.68451E-07  4.62378E-10  8.28501E-10  6.25577E-10
 169  4.48108E-07  1.80075E-07  4.80909E-10  8.53107E-10  6.52150E-10
 170  4.62524E-07  1.92501E-07  5.00181E-10  8.78438E-10  6.79850E-10
 171  4.77401E-07  2.05785E-07  5.20225E-10  9.04516E-10  7.08726E-10
 172  4.92755E-07  2.19985E-07  5.41070E-10  9.31363E-10  7.38827E-10
 173  5.08600E-07  2.35166E-07  5.62750E-10  9.59001E-10  7.70206E-10
 174  5.24952E-07  2.51394E-07  5.85298E-10  9.87453E-10  8.02916E-10
 175  5.41828E-07  2.68741E-07  6.08748E-10  1.01674E-09  8.37015E-10
 176  5.59245E-07  2.87286E-07  6.33137E-10  1.04690E-09  8.72560E-10
 177  5.77219E-07  3.07110E-07  6.58501E-10  1.07794E-09  9.09615E-10
 178  5.95768E-07  3.28303E-07  6.84881E-10  1.10990E-09  9.48241E-10
 179  6.14911E-07  3.50958E-07  7.12317E-10  1.14280E-09  9.88507E-10
 180  6.34667E-07  3.75176E-07  7.40850E-10  1.17667E-09  1.03048E-09
 181  6.55055E-07  4.01065E-07  7.70526E-10  1.21154E-09  1.07424E-09
 182  6.76096E-07  4.28741E-07  8.01389E-10  1.24743E-09  1.11985E-09
 183  6.97811E-07  4.58327E-07  8.33487E-10  1.28439E-09  1.16740E-09
 184  7.20221E-07  4.89954E-07  8.66870E-10  1.32243E-09  1.21697E-09
 185  7.43348E-07  5.23763E-07  9.01589E-10  1.36159E-09  1.26863E-09
 186  7.67216E-07  5.59906E-07  9.37698E-10  1.40191E-09  1.32250E-09
 187  7.91848E-07  5.98543E-07  9.75251E-10  1.44342E-09  1.37865E-09
 188  8.17268E-07  6.39846E-07  1.01431E-09  1.48615E-09  1.43718E-09
 189  8.43503E-07  6.83999E-07  1.05493E-09  1.53014E-09  1.49819E-09
 190  8.70577E-07  7.31198E-07  1.09717E-09  1.57543E-09  1.56180E-09
 191  8.98518E-07  7.81655E-07  1.14111E-09  1.62205E-09  1.62810E-09
 192  9.27353E-07  8.35594E-07  1.18680E-09  1.67004E-09  1.69722E-09
 193  9.57111E-07  8.93254E-07  1.23433E-09  1.71945E-09  1.76927E-09
 194  9.87822E-07  9.54894E-07  1.28375E-09  1.77032E-09  1.84438E-09
 195  1.01952E-06  1.02079E-06  1.33516E-09  1.82268E-09  1.92267E-09
 196  1.05223E-06  1.09123E-06  1.38862E-09  1.87659E-09  2.00429E-09
 197  1.08598E-06  1.16653E-06  1.44422E-09  1.93209E-09  2.08937E-09
 198  1.12082E-06  1.24702E-06  1.50204E-09  1.98922E-09  2.17807E-09
 199  1.15677E-06  1.33308E-06  1.56218E-09  2.04804E-09  2.27052E-09
 200  1.19387E-06  1.42507E-06  1.62473E-09  2.10859E-09  2.36690E-09
 201  1.23216E-06  1.52340E-06  1.68978E-09  2.17092E-09  2.46737E-09
 202  1.27168E-06  1.62853E-06  1.75743E-09  2.23510E-09  2.57211E-09
 203  1.31246E-06  1.74090E-06  1.82779E-09  2.30116E-09  2.68129E-09
 204  1.35455E-06  1.86104E-06  1.90097E-09  2.36917E-09  2.79510E-09
 205  1.39799E-06  1.98946E-06  1.97708E-09  2.43919E-09  2.91374E-09
 206  1.44281E-06  2.12674E-06  2.05623E-09  2.51127E-09  3.03742E-09
 207  1.48907E-06  2.27350E-06  2.13855E-09  2.58547E-09  3.16634E-09
 208  1.53681E-06  2.43038E-06  2.22416E-09  2.66186E-09  3.30074E-09
 209  1.58608E-06  2.59809E-06  2.31320E-09  2.74050E-09  3.44084E-09
 210  1.63693E-06  2.77737E-06  2.40580E-09  2.82146E-09  3.58689E-09
 211  1.68940E-06  2.96903E-06  2.50211E-09  2.90481E-09  3.73913E-09
 212  1.74356E-06  3.17391E-06  2.60228E-09  2.99061E-09  3.89783E-09
 213  1.79945E-06  3.39292E-06  2.70645E-09  3.07895E-09  4.06327E-09
 214  1.85713E-06  3.62705E-06  2.81479E-09  3.16988E-09  4.23573E-09
 215  1.91665E-06  3.87734E-06  2.92747E-09  3.26350E-09  4.41551E-09
 216  1.97808E-06  4.14490E-06  3.04466E-09  3.35987E-09  4.60292E-09
 217  2.04148E-06  4.43092E-06  3.16654E-09  3.45909E-09  4.79828E-09
 218  2.10690E-06  4.73667E-06  3.29329E-09  3.56123E-09  5.00194E-09
 219  2.17442E-06  5.06353E-06  3.42512E-09  3.66638E-09  5.21423E-09
 220  2.24411E-06  5.41294E-06  3.56223E-09  3.77463E-09  5.43554E-09
 221  2.31602E-06  5.78646E-06  3.70482E-09  3.88607E-09  5.66623E-09
 222  2.39023E-06  6.18576E-06  3.85312E-09  4.00079E-09  5.90672E-09
 223  2.46683E-06  6.61261E-06  4.00735E-09  4.11890E-09  6.15741E-09
 224  2.54587E-06  7.06892E-06  4.16776E-09  4.24048E-09  6.41874E-09
 225  2.62744E-06  7.55671E-06  4.33458E-09  4.36566E-09  6.69116E-09
 226  2.71163E-06  8.07816E-06  4.50809E-09  4.49452E-09  6.97514E-09
 227  2.79851E-06  8.63560E-06  4.68853E-09  4.62717E-09  7.27118E-09
 228  2.88817E-06  9.23151E-06  4.87620E-09  4.76374E-09  7.57977E-09
 229  2.98070E-06  9.86853E-06  5.07138E-09  4.90433E-09  7.90147E-09
 230  3.07620E-06  1.05495E-05  5.27437E-09  5.04907E-09  8.23681E-09
 231  3.17475E-06  1.12775E-05  5.48549E-09  5.19807E-09  8.58639E-09
 232  3.27646E-06  1.20557E-05  5.70505E-09  5.35147E-09  8.95080E-09
 233  3.38142E-06  1.28876E-05  5.93340E-09  5.50938E-09  9.33067E-09
 234  3.48974E-06  1.37769E-05  6.17089E-09  5.67195E-09  9.72667E-09
 235  3.60153E-06  1.47276E-05  6.41789E-09  5.83932E-09  1.01395E-08
 236  3.71690E-06  1.57439E-05  6.67477E-09  6.01161E-09  1.05698E-08
 237  3.83596E-06  1.68303E-05  6.94193E-09  6.18898E-09  1.10184E-08
 238  3.95884E-06  1.79917E-05  7.21978E-09  6.37158E-09  1.14860E-08
 239  4.08565E-06  1.92332E-05  7.50876E-09  6.55957E-09  1.19735E-08
 240  4.21652E-06  2.05604E-05  7.80930E-09  6.75309E-09  1.24816E-08
 241  4.35157E-06  2.19792E-05  8.12186E-09  6.95232E-09  1.30113E-08
 242  4.49096E-06  2.34958E-05  8.44694E-09  7.15742E-09  1.35635E-08
 243  4.63480E-06  2.51172E-05  8.78503E-09  7.36856E-09  1.41391E-08
 244  4.78325E-06  2.68504E-05  9.13664E-09  7.58593E-09  1.47392E-08
 245  4.93645E-06  2.87032E-05  9.50233E-09  7.80970E-09  1.53647E-08
 246  5.09456E-06  3.06839E-05  9.88266E-09  8.04007E-09  1.60168E-08
 247  5.25772E-06  3.28013E-05  1.02782E-08  8.27723E-09  1.66965E-08
 248  5.42612E-06  3.50647E-05  1.06896E-08  8.52138E-09  1.74051E-08
 249  5.59990E-06  3.74844E-05  1.11174E-08  8.77273E-09  1.81438E-08
 250  5.77924E-06  4.00710E-05  1.15624E-08  9.03148E-09  1.89138E-08
 251  5.96433E-06  4.28361E-05  1.20252E-08  9.29786E-09  1.97165E-08
 252  6.15534E-06  4.57921E-05  1.25065E-08  9.57209E-09  2.05532E-08
 253  6.35247E-06  4.89520E-05  1.30070E-08  9.85441E-09  2.14255E-08
 254  6.55591E-06  5.23299E-05  1.35276E-08  1.01450E-08  2.23347E-08
 255  6.76586E-06  5.59410E-05  1.40690E-08  1.04442E-08  2.32826E-08
 256  6.98253E-06  5.98012E-05  1.46321E-08  1.07523E-08  2.42707E-08
 257  7.20614E-06  6.39278E-05  1.52177E-08  1.10694E-08  2.53007E-08
 258  7.43691E-06  6.83391E-05  1.58268E-08  1.13958E-08  2.63744E-08
 259  7.67507E-06  7.30549E-05  1.64602E-08  1.17319E-08  2.74937E-08
 260  7.92085E-06  7.80961E-05  1.71190E-08  1.20778E-08  2.86605E-08
 261  8.17450E-06  8.34852E-05  1.78042E-08  1.24340E-08  2.98768E-08
 262  8.43627E-06  8.92461E-05  1.85168E-08  1.28007E-08  3.11447E-08
 263  8.70642E-06  9.54045E-05  1.92579E-08  1.31781E-08  3.24665E-08
 264  8.98521E-06  1.01988E-04  2.00286E-08  1.35667E-08  3.38443E-08
 265  9.27294E-06  1.09026E-04  2.08302E-08  1.39668E-08  3.52806E-08
 266  9.56987E-06  1.16549E-04  2.16639E-08  1.43786E-08  3.67778E-08
 267  9.87631E-06  1.24592E-04  2.25310E-08  1.48026E-08  3.83386E-08
 268  1.01926E-05  1.33189E-04  2.34327E-08  1.52391E-08  3.99657E-08
 269  1.05189E-05  1.42380E-04  2.43706E-08  1.56884E-08  4.16617E-08
 270  1.08558E-05  1.52205E-04  2.53460E-08  1.61510E-08  4.34298E-08
 271  1.12034E-05  1.62708E-04  2.63604E-08  1.66273E-08  4.52729E-08
 272  1.15621E-05  1.73935E-04  2.74154E-08  1.71175E-08  4.71942E-08
 273  1.19323E-05  1.85938E-04  2.85126E-08  1.76222E-08  4.91970E-08
 274  1.23144E-05  1.98769E-04  2.96538E-08  1.81418E-08  5.12848E-08
 275  1.27087E-05  2.12485E-04  3.08406E-08  1.86767E-08  5.34613E-08
 276  1.31156E-05  2.27147E-04  3.20749E-08  1.92274E-08  5.57301E-08
 277  1.35356E-05  2.42822E-04  3.33586E-08  1.97943E-08  5.80951E-08
 278  1.39690E-05  2.59578E-04  3.46937E-08  2.03779E-08  6.05606E-08
 279  1.44163E-05  2.77490E-04  3.60823E-08  2.09787E-08  6.31307E-08
 280  1.48779E-05  2.96638E-04  3.75264E-08  2.15972E-08  6.58098E-08
 281  1.53542E-05  3.17108E-04  3.90283E-08  2.22339E-08  6.86026E-08
 282  1.58458E-05  3.38990E-04  4.05903E-08  2.28894E-08  7.15140E-08
 283  1.63532E-05  3.62382E-04  4.22148E-08  2.35642E-08  7.45489E-08
 284  1.68768E-05  3.87389E-04  4.39043E-08  2.42590E-08  7.77126E-08
 285  1.74172E-05  4.14121E-04  4.56615E-08  2.49742E-08  8.10106E-08
 286  1.79748E-05  4.42697E-04  4.74889E-08  2.57104E-08  8.44485E-08
 287  1.85504E-05  4.73246E-04  4.93896E-08  2.64684E-08  8.80323E-08
 288  1.91443E-05  5.05902E-04  5.13662E-08  2.72487E-08  9.17683E-08
 289  1.97573E-05  5.40812E-04  5.34220E-08  2.80520E-08  9.56627E-08
 290  2.03898E-05  5.78131E-04  5.55601E-08  2.88790E-08  9.97224E-08
 291  2.10427E-05  6.18025E-04  5.77837E-08  2.97304E-08  1.03954E-07
 292  2.17164E-05  6.60672E-04  6.00964E-08  3.06069E-08  1.08366E-07
 293  2.24117E-05  7.06262E-04  6.25016E-08  3.15091E-08  1.12965E-07
 294  2.31293E-05  7.54998E-04  6.50030E-08  3.24380E-08  1.17759E-07
 295  2.38698E-05  8.07097E-04  6.76046E-08  3.33943E-08  1.22756E-07
 296  2.46340E-05  8.62791E-04  7.03102E-08  3.43787E-08  1.27966E-07
 297  2.54227E-05  9.22328E-04  7.31242E-08  3.53922E-08  1.33396E-07
 298  2.62367E-05  9.85974E-04  7.60508E-08  3.64355E-08  1.39057E-07
 299  2.70767E-05  1.05401E-03  7.90945E-08  3.75096E-08  1.44959E-07
 300  2.79436E-05  1.12674E-03  8.22600E-08  3.86154E-08  1.51111E-07
