   7.0390000e+03   2.4045000e+03   8.7720592e-06
   7.0400000e+03   2.4047500e+03   1.7568050e-05
   7.0410000e+03   2.4050000e+03   1.0577480e-05
   7.0480000e+03   2.4067500e+03   1.0255644e-05
   7.0490000e+03   2.4070000e+03   8.6891236e-06
   7.0500000e+03   2.4072500e+03   1.2360433e-05
   7.0510000e+03   2.4075000e+03   1.0354693e-05
   7.0520000e+03   2.4077500e+03   1.4356596e-05
   7.0530000e+03   2.4080000e+03   9.1800936e-06
   7.0540000e+03   2.4082500e+03   1.1435610e-05
   7.0550000e+03   2.4085000e+03   1.3052860e-05
   7.0560000e+03   2.4087500e+03   1.1488888e-05
   7.0620000e+03   2.4102500e+03   9.7907488e-06
   7.0630000e+03   2.4105000e+03   1.0719841e-05
   7.0640000e+03   2.4107500e+03   1.0803958e-05
   7.1130000e+03   2.4230000e+03   8.5316329e-06
   7.1140000e+03   2.4232500e+03   1.6082378e-05
   7.1150000e+03   2.4235000e+03   1.0064549e-05
   7.1350000e+03   2.4285000e+03   8.5673232e-06
   7.1360000e+03   2.4287500e+03   2.2274962e-05
   7.1370000e+03   2.4290000e+03   2.6087090e-05
   7.1380000e+03   2.4292500e+03   2.0733561e-05
   7.1390000e+03   2.4295000e+03   1.6440850e-05
   7.1400000e+03   2.4297500e+03   9.6877251e-06
   7.1440000e+03   2.4307500e+03   7.8661012e-06
   7.1450000e+03   2.4310000e+03   1.6841941e-05
   7.1460000e+03   2.4312500e+03   1.6813962e-05
   7.1470000e+03   2.4315000e+03   1.7322827e-05
   7.1480000e+03   2.4317500e+03   1.7360384e-05
   7.1490000e+03   2.4320000e+03   7.8172273e-06
   7.1860000e+03   2.4412500e+03   1.7352953e-05
   7.1870000e+03   2.4415000e+03   3.6719216e-05
   7.1880000e+03   2.4417500e+03   2.5797638e-05
   7.1890000e+03   2.4420000e+03   6.0200793e-06
   7.2230000e+03   2.4505000e+03   7.3730400e-06
   7.2240000e+03   2.4507500e+03   1.9474259e-05
   7.2250000e+03   2.4510000e+03   2.3023535e-05
   7.2260000e+03   2.4512500e+03   1.1345265e-05
   7.2280000e+03   2.4517500e+03   4.9231769e-06
   7.2290000e+03   2.4520000e+03   9.6541742e-06
   7.2300000e+03   2.4522500e+03   1.5430887e-05
   7.2310000e+03   2.4525000e+03   1.4965701e-05
   7.2320000e+03   2.4527500e+03   1.5138051e-05
   7.2330000e+03   2.4530000e+03   1.0577478e-05
   7.2580000e+03   2.4592500e+03   8.6231884e-06
   7.2590000e+03   2.4595000e+03   2.5966249e-05
   7.2600000e+03   2.4597500e+03   2.9708422e-05
   7.2610000e+03   2.4600000e+03   1.3553551e-05
   7.2800000e+03   2.4647500e+03   4.7008688e-06
   7.2830000e+03   2.4655000e+03   5.4991461e-06
   7.2840000e+03   2.4657500e+03   7.2438831e-06
   7.3100000e+03   2.4722500e+03   1.3486472e-05
   7.3110000e+03   2.4725000e+03   2.1889326e-05
   7.3120000e+03   2.4727500e+03   1.4605006e-05
   7.3130000e+03   2.4730000e+03   1.2040614e-05
   7.3140000e+03   2.4732500e+03   2.1508432e-05
   7.3150000e+03   2.4735000e+03   2.6529886e-05
   7.3160000e+03   2.4737500e+03   2.7718168e-05
   7.3170000e+03   2.4740000e+03   2.9842415e-05
   7.3180000e+03   2.4742500e+03   1.9263849e-05
   7.3190000e+03   2.4745000e+03   4.7979788e-06
   7.3290000e+03   2.4770000e+03   1.0189926e-05
   7.3300000e+03   2.4772500e+03   2.8969994e-05
   7.3310000e+03   2.4775000e+03   4.3487817e-05
   7.3320000e+03   2.4777500e+03   4.6567046e-05
   7.3330000e+03   2.4780000e+03   3.5824117e-05
   7.3340000e+03   2.4782500e+03   1.4124065e-05
   7.3400000e+03   2.4797500e+03   6.4246328e-06
   7.3410000e+03   2.4800000e+03   5.3840416e-06
   7.3530000e+03   2.4830000e+03   4.9650399e-06
   7.3560000e+03   2.4837500e+03   4.8385783e-06
   7.3820000e+03   2.4902500e+03   7.7544260e-06
   7.3830000e+03   2.4905000e+03   7.7463862e-06
   7.3870000e+03   2.4915000e+03   5.1933239e-06
   7.3880000e+03   2.4917500e+03   4.7829227e-06
   7.3930000e+03   2.4930000e+03   5.9679798e-06
   7.3940000e+03   2.4932500e+03   7.3987248e-06
   7.3950000e+03   2.4935000e+03   1.6460026e-05
   7.3960000e+03   2.4937500e+03   4.0757153e-05
   7.3970000e+03   2.4940000e+03   4.9196100e-05
   7.3980000e+03   2.4942500e+03   4.7232133e-05
   7.3990000e+03   2.4945000e+03   5.3099909e-05
   7.4000000e+03   2.4947500e+03   5.2425860e-05
   7.4010000e+03   2.4950000e+03   3.4481487e-05
   7.4020000e+03   2.4952500e+03   2.6238632e-05
   7.4030000e+03   2.4955000e+03   2.1268196e-05
   7.4040000e+03   2.4957500e+03   7.8248450e-06
   7.4310000e+03   2.5025000e+03   7.3676698e-06
   7.4320000e+03   2.5027500e+03   6.9809218e-06
   7.4330000e+03   2.5030000e+03   6.6872391e-06
   7.4340000e+03   2.5032500e+03   7.4651607e-06
   7.4350000e+03   2.5035000e+03   5.4187666e-06
   7.4380000e+03   2.5042500e+03   1.0771065e-05
   7.4390000e+03   2.5045000e+03   1.4401399e-05
   7.4400000e+03   2.5047500e+03   9.7102172e-06
   7.4650000e+03   2.5110000e+03   6.3950506e-06
   7.4660000e+03   2.5112500e+03   2.5242884e-05
   7.4670000e+03   2.5115000e+03   4.9193076e-05
   7.4680000e+03   2.5117500e+03   3.7881217e-05
   7.4690000e+03   2.5120000e+03   2.2913669e-05
   7.4700000e+03   2.5122500e+03   3.0314266e-05
   7.4710000e+03   2.5125000e+03   2.9531396e-05
   7.4720000e+03   2.5127500e+03   2.4330359e-05
   7.4730000e+03   2.5130000e+03   1.6062666e-05
   7.4740000e+03   2.5132500e+03   5.8056462e-06
   7.4780000e+03   2.5142500e+03   1.2084873e-05
   7.4790000e+03   2.5145000e+03   2.6118948e-05
   7.4800000e+03   2.5147500e+03   2.9649154e-05
   7.4810000e+03   2.5150000e+03   2.8254359e-05
   7.4820000e+03   2.5152500e+03   3.9317860e-05
   7.4830000e+03   2.5155000e+03   4.9785970e-05
   7.4840000e+03   2.5157500e+03   3.2062711e-05
   7.4850000e+03   2.5160000e+03   1.1502686e-05
   7.4860000e+03   2.5162500e+03   5.0395284e-06
   7.5000000e+03   2.5197500e+03   5.4250705e-06
   7.5010000e+03   2.5200000e+03   5.0550273e-06
   7.5220000e+03   2.5252500e+03   6.6276924e-06
   7.5230000e+03   2.5255000e+03   1.0993763e-05
   7.5240000e+03   2.5257500e+03   3.0938377e-05
   7.5250000e+03   2.5260000e+03   5.1583122e-05
   7.5260000e+03   2.5262500e+03   3.4695359e-05
   7.5270000e+03   2.5265000e+03   1.0450305e-05
   7.5340000e+03   2.5282500e+03   6.3512475e-06
   7.5350000e+03   2.5285000e+03   1.7241548e-05
   7.5360000e+03   2.5287500e+03   3.2767677e-05
   7.5370000e+03   2.5290000e+03   2.4823840e-05
   7.5380000e+03   2.5292500e+03   9.1397263e-06
   7.5390000e+03   2.5295000e+03   9.4188713e-06
   7.5400000e+03   2.5297500e+03   1.9234883e-05
   7.5410000e+03   2.5300000e+03   1.8170304e-05
   7.5420000e+03   2.5302500e+03   5.1898280e-06
   7.5590000e+03   2.5345000e+03   6.1248815e-06
   7.5650000e+03   2.5360000e+03   8.9731916e-06
   7.5660000e+03   2.5362500e+03   2.7446364e-05
   7.5670000e+03   2.5365000e+03   4.0474303e-05
   7.5680000e+03   2.5367500e+03   3.8417210e-05
   7.5690000e+03   2.5370000e+03   3.4980733e-05
   7.5700000e+03   2.5372500e+03   2.5416187e-05
   7.5710000e+03   2.5375000e+03   1.0931163e-05
   7.5780000e+03   2.5392500e+03   5.3326047e-06
   7.5790000e+03   2.5395000e+03   5.2747762e-06
   7.5920000e+03   2.5427500e+03   7.8279161e-06
   7.5930000e+03   2.5430000e+03   1.4272711e-05
   7.5940000e+03   2.5432500e+03   1.4785868e-05
   7.5950000e+03   2.5435000e+03   7.2083740e-06
   7.5960000e+03   2.5437500e+03   6.1905557e-06
   7.5970000e+03   2.5440000e+03   7.3212012e-06
   7.5980000e+03   2.5442500e+03   5.9696257e-06
   7.6020000e+03   2.5452500e+03   2.4169722e-05
   7.6030000e+03   2.5455000e+03   3.3608592e-05
   7.6040000e+03   2.5457500e+03   2.3658620e-05
   7.6050000e+03   2.5460000e+03   1.4033508e-05
   7.6060000e+03   2.5462500e+03   2.4147040e-05
   7.6070000e+03   2.5465000e+03   2.8635675e-05
   7.6080000e+03   2.5467500e+03   1.7794876e-05
   7.6090000e+03   2.5470000e+03   1.3162296e-05
   7.6100000e+03   2.5472500e+03   2.3915229e-05
   7.6110000e+03   2.5475000e+03   3.6296500e-05
   7.6120000e+03   2.5477500e+03   2.7389750e-05
   7.6130000e+03   2.5480000e+03   1.4174454e-05
   7.6180000e+03   2.5492500e+03   6.6701424e-06
   7.6190000e+03   2.5495000e+03   8.8698273e-06
   7.6200000e+03   2.5497500e+03   8.2914466e-06
   7.6210000e+03   2.5500000e+03   6.9905680e-06
   7.6220000e+03   2.5502500e+03   8.9625388e-06
   7.6230000e+03   2.5505000e+03   6.2134185e-06
   7.6270000e+03   2.5515000e+03   5.4655546e-06
   7.6280000e+03   2.5517500e+03   1.0743752e-05
   7.6290000e+03   2.5520000e+03   5.8877059e-06
   7.6330000e+03   2.5530000e+03   7.1632335e-06
   7.6340000e+03   2.5532500e+03   1.5795309e-05
   7.6350000e+03   2.5535000e+03   2.3247251e-05
   7.6360000e+03   2.5537500e+03   1.4196803e-05
   7.6370000e+03   2.5540000e+03   5.9660956e-06
   7.6380000e+03   2.5542500e+03   6.5054032e-06
   7.6390000e+03   2.5545000e+03   5.5769961e-06
   7.6470000e+03   2.5565000e+03   1.3291293e-05
   7.6480000e+03   2.5567500e+03   3.1287480e-05
   7.6490000e+03   2.5570000e+03   6.5385475e-05
   7.6500000e+03   2.5572500e+03   9.5010194e-05
   7.6510000e+03   2.5575000e+03   6.9513186e-05
   7.6520000e+03   2.5577500e+03   2.9870511e-05
   7.6530000e+03   2.5580000e+03   1.1590453e-05
   7.6540000e+03   2.5582500e+03   4.7313877e-06
   7.6590000e+03   2.5595000e+03   8.7408945e-06
   7.6600000e+03   2.5597500e+03   2.3842105e-05
   7.6610000e+03   2.5600000e+03   3.1170827e-05
   7.6620000e+03   2.5602500e+03   2.0298710e-05
   7.6630000e+03   2.5605000e+03   1.3066944e-05
   7.6640000e+03   2.5607500e+03   1.3226218e-05
   7.6650000e+03   2.5610000e+03   1.6008327e-05
   7.6660000e+03   2.5612500e+03   1.9544333e-05
   7.6670000e+03   2.5615000e+03   2.3710897e-05
   7.6680000e+03   2.5617500e+03   3.1102850e-05
   7.6690000e+03   2.5620000e+03   2.2326386e-05
   7.6700000e+03   2.5622500e+03   8.8815202e-06
   7.6710000e+03   2.5625000e+03   8.1652009e-06
   7.6720000e+03   2.5627500e+03   1.2288382e-05
   7.6730000e+03   2.5630000e+03   1.5352284e-05
   7.6740000e+03   2.5632500e+03   1.8619207e-05
   7.6750000e+03   2.5635000e+03   1.2230148e-05
   7.6830000e+03   2.5655000e+03   6.0319861e-06
   7.6870000e+03   2.5665000e+03   5.7640899e-06
   7.6880000e+03   2.5667500e+03   1.3246746e-05
   7.6890000e+03   2.5670000e+03   1.0601889e-05
   7.6900000e+03   2.5672500e+03   7.8706098e-06
   7.6910000e+03   2.5675000e+03   1.8725831e-05
   7.6920000e+03   2.5677500e+03   2.1951884e-05
   7.6930000e+03   2.5680000e+03   1.8851556e-05
   7.6940000e+03   2.5682500e+03   2.1404597e-05
   7.6950000e+03   2.5685000e+03   2.9870072e-05
   7.6960000e+03   2.5687500e+03   2.7808594e-05
   7.6970000e+03   2.5690000e+03   2.2618435e-05
   7.6980000e+03   2.5692500e+03   1.4228403e-05
   7.6990000e+03   2.5695000e+03   8.8919290e-06
   7.7000000e+03   2.5697500e+03   2.0118399e-05
   7.7010000e+03   2.5700000e+03   4.2661757e-05
   7.7020000e+03   2.5702500e+03   3.4913460e-05
   7.7030000e+03   2.5705000e+03   2.1668074e-05
   7.7040000e+03   2.5707500e+03   1.5259260e-05
   7.7050000e+03   2.5710000e+03   1.0699229e-05
   7.7060000e+03   2.5712500e+03   6.9600472e-06
   7.7120000e+03   2.5727500e+03   5.2753568e-06
   7.7130000e+03   2.5730000e+03   1.5335384e-05
   7.7140000e+03   2.5732500e+03   1.5846268e-05
   7.7150000e+03   2.5735000e+03   1.5272278e-05
   7.7160000e+03   2.5737500e+03   9.0685419e-06
   7.7170000e+03   2.5740000e+03   5.3537119e-06
   7.7220000e+03   2.5752500e+03   8.9429330e-06
   7.7230000e+03   2.5755000e+03   1.2612731e-05
   7.7240000e+03   2.5757500e+03   1.7475696e-05
   7.7250000e+03   2.5760000e+03   1.3278181e-05
   7.7260000e+03   2.5762500e+03   7.6417048e-06
   7.7270000e+03   2.5765000e+03   5.9759361e-06
   7.7280000e+03   2.5767500e+03   6.2122650e-06
   7.7290000e+03   2.5770000e+03   6.8226801e-06
   7.7300000e+03   2.5772500e+03   6.7737033e-06
   7.7310000e+03   2.5775000e+03   9.7744029e-06
   7.7320000e+03   2.5777500e+03   1.2157271e-05
   7.7330000e+03   2.5780000e+03   1.1080686e-05
   7.7340000e+03   2.5782500e+03   1.1996977e-05
   7.7350000e+03   2.5785000e+03   1.5878131e-05
   7.7360000e+03   2.5787500e+03   1.9669597e-05
   7.7370000e+03   2.5790000e+03   2.5228879e-05
   7.7380000e+03   2.5792500e+03   2.4748664e-05
   7.7390000e+03   2.5795000e+03   7.8391564e-06
   7.7450000e+03   2.5810000e+03   6.1971484e-06
   7.7460000e+03   2.5812500e+03   6.0302759e-06
   7.7470000e+03   2.5815000e+03   6.7447004e-06
   7.7480000e+03   2.5817500e+03   1.3492487e-05
   7.7490000e+03   2.5820000e+03   2.7236463e-05
   7.7500000e+03   2.5822500e+03   2.5984555e-05
   7.7510000e+03   2.5825000e+03   1.6655595e-05
   7.7520000e+03   2.5827500e+03   9.9680191e-06
   7.7530000e+03   2.5830000e+03   7.9460304e-06
   7.7540000e+03   2.5832500e+03   1.1310667e-05
   7.7550000e+03   2.5835000e+03   1.3201534e-05
   7.7560000e+03   2.5837500e+03   8.0974582e-06
   7.7570000e+03   2.5840000e+03   7.8021590e-06
   7.7580000e+03   2.5842500e+03   1.3505458e-05
   7.7590000e+03   2.5845000e+03   2.7990599e-05
   7.7600000e+03   2.5847500e+03   3.6651310e-05
   7.7610000e+03   2.5850000e+03   2.1536389e-05
   7.7620000e+03   2.5852500e+03   1.1245829e-05
   7.7630000e+03   2.5855000e+03   9.5751415e-06
   7.7640000e+03   2.5857500e+03   6.7859027e-06
   7.7670000e+03   2.5865000e+03   8.6951943e-06
   7.7680000e+03   2.5867500e+03   8.8366405e-06
   7.7690000e+03   2.5870000e+03   5.5700640e-06
   7.7730000e+03   2.5880000e+03   7.4628916e-06
   7.7740000e+03   2.5882500e+03   1.6096361e-05
   7.7750000e+03   2.5885000e+03   2.5875542e-05
   7.7760000e+03   2.5887500e+03   2.3634260e-05
   7.7770000e+03   2.5890000e+03   1.1252577e-05
   7.7800000e+03   2.5897500e+03   8.4142690e-06
   7.7810000e+03   2.5900000e+03   7.4549796e-06
   7.7860000e+03   2.5912500e+03   4.8559394e-06
   7.7870000e+03   2.5915000e+03   4.8363206e-06
   7.7900000e+03   2.5922500e+03   4.6747652e-06
   7.7910000e+03   2.5925000e+03   4.8724762e-06
   7.7930000e+03   2.5930000e+03   8.1559566e-06
   7.7940000e+03   2.5932500e+03   1.2693717e-05
   7.7950000e+03   2.5935000e+03   7.7319583e-06
   7.7960000e+03   2.5937500e+03   4.7564878e-06
   7.7970000e+03   2.5940000e+03   5.1041046e-06
   7.7990000e+03   2.5945000e+03   7.7335887e-06
   7.8000000e+03   2.5947500e+03   8.9562569e-06
   7.8010000e+03   2.5950000e+03   6.9640667e-06
   7.8020000e+03   2.5952500e+03   6.0592713e-06
   7.8030000e+03   2.5955000e+03   1.0106946e-05
   7.8040000e+03   2.5957500e+03   1.7853615e-05
   7.8050000e+03   2.5960000e+03   1.4300678e-05
   7.8060000e+03   2.5962500e+03   1.0886968e-05
   7.8070000e+03   2.5965000e+03   1.6938956e-05
   7.8080000e+03   2.5967500e+03   1.9527838e-05
   7.8090000e+03   2.5970000e+03   2.1127108e-05
   7.8100000e+03   2.5972500e+03   2.7079915e-05
   7.8110000e+03   2.5975000e+03   2.2199116e-05
   7.8120000e+03   2.5977500e+03   1.5114445e-05
   7.8130000e+03   2.5980000e+03   2.4896867e-05
   7.8140000e+03   2.5982500e+03   4.5588762e-05
   7.8150000e+03   2.5985000e+03   5.7594053e-05
   7.8160000e+03   2.5987500e+03   6.1934779e-05
   7.8170000e+03   2.5990000e+03   6.7356902e-05
   7.8180000e+03   2.5992500e+03   8.1033604e-05
   7.8190000e+03   2.5995000e+03   7.9456721e-05
   7.8200000e+03   2.5997500e+03   7.0662020e-05
   7.8210000e+03   2.6000000e+03   6.2603330e-05
   7.8220000e+03   2.6002500e+03   5.1114811e-05
   7.8230000e+03   2.6005000e+03   3.1544909e-05
   7.8240000e+03   2.6007500e+03   1.6175608e-05
   7.8250000e+03   2.6010000e+03   1.2535700e-05
   7.8260000e+03   2.6012500e+03   2.0785791e-05
   7.8270000e+03   2.6015000e+03   3.5417519e-05
   7.8280000e+03   2.6017500e+03   4.7490751e-05
   7.8290000e+03   2.6020000e+03   4.3101640e-05
   7.8300000e+03   2.6022500e+03   2.4144737e-05
   7.8310000e+03   2.6025000e+03   2.0865318e-05
   7.8320000e+03   2.6027500e+03   2.5681231e-05
   7.8330000e+03   2.6030000e+03   2.2382988e-05
   7.8340000e+03   2.6032500e+03   1.8183044e-05
   7.8350000e+03   2.6035000e+03   2.5921522e-05
   7.8360000e+03   2.6037500e+03   3.6895932e-05
   7.8370000e+03   2.6040000e+03   3.5777073e-05
   7.8380000e+03   2.6042500e+03   3.0814159e-05
   7.8390000e+03   2.6045000e+03   2.1340740e-05
   7.8400000e+03   2.6047500e+03   8.9653956e-06
   7.8410000e+03   2.6050000e+03   6.0226565e-06
   7.8420000e+03   2.6052500e+03   1.0111235e-05
   7.8430000e+03   2.6055000e+03   1.2786720e-05
   7.8440000e+03   2.6057500e+03   1.0207556e-05
   7.8450000e+03   2.6060000e+03   5.3586554e-06
   7.8490000e+03   2.6070000e+03   9.3694918e-06
   7.8500000e+03   2.6072500e+03   1.4334782e-05
   7.8510000e+03   2.6075000e+03   1.2548573e-05
   7.8520000e+03   2.6077500e+03   1.0009964e-05
   7.8530000e+03   2.6080000e+03   5.9772327e-06
   7.8560000e+03   2.6087500e+03   5.0786133e-06
   7.8570000e+03   2.6090000e+03   1.5730284e-05
   7.8580000e+03   2.6092500e+03   2.5307985e-05
   7.8590000e+03   2.6095000e+03   1.6450843e-05
   7.8600000e+03   2.6097500e+03   7.3789178e-06
   7.8610000e+03   2.6100000e+03   7.9406719e-06
   7.8620000e+03   2.6102500e+03   7.6879813e-06
   7.8760000e+03   2.6137500e+03   1.1689633e-05
   7.8770000e+03   2.6140000e+03   2.1330405e-05
   7.8780000e+03   2.6142500e+03   1.7382903e-05
   7.8790000e+03   2.6145000e+03   2.0707980e-05
   7.8800000e+03   2.6147500e+03   3.1857917e-05
   7.8810000e+03   2.6150000e+03   2.2353390e-05
   7.8820000e+03   2.6152500e+03   9.5767762e-06
   7.8900000e+03   2.6172500e+03   6.0114265e-06
   7.8910000e+03   2.6175000e+03   6.0496970e-06
   7.8920000e+03   2.6177500e+03   1.2707589e-05
   7.8930000e+03   2.6180000e+03   4.2663125e-05
   7.8940000e+03   2.6182500e+03   7.4746784e-05
   7.8950000e+03   2.6185000e+03   4.9795231e-05
   7.8960000e+03   2.6187500e+03   1.8190708e-05
   7.8970000e+03   2.6190000e+03   1.4008791e-05
   7.8980000e+03   2.6192500e+03   1.0936284e-05
   7.8990000e+03   2.6195000e+03   1.8278222e-05
   7.9000000e+03   2.6197500e+03   1.5377954e-05
   7.9010000e+03   2.6200000e+03   5.7717437e-06
   7.9090000e+03   2.6220000e+03   5.7006698e-06
   7.9100000e+03   2.6222500e+03   1.2673767e-05
   7.9110000e+03   2.6225000e+03   2.9542384e-05
   7.9120000e+03   2.6227500e+03   2.9119815e-05
   7.9130000e+03   2.6230000e+03   1.5231916e-05
   7.9140000e+03   2.6232500e+03   8.5361718e-06
   7.9200000e+03   2.6247500e+03   5.4532201e-06
   7.9210000e+03   2.6250000e+03   6.1134061e-06
   7.9230000e+03   2.6255000e+03   7.7955929e-06
   7.9240000e+03   2.6257500e+03   2.1087733e-05
   7.9250000e+03   2.6260000e+03   2.9239665e-05
   7.9260000e+03   2.6262500e+03   1.5924359e-05
   7.9320000e+03   2.6277500e+03   8.0969241e-06
   7.9330000e+03   2.6280000e+03   1.2290677e-05
   7.9340000e+03   2.6282500e+03   1.7611435e-05
   7.9350000e+03   2.6285000e+03   2.2569337e-05
   7.9360000e+03   2.6287500e+03   3.2088105e-05
   7.9370000e+03   2.6290000e+03   2.3693501e-05
   7.9380000e+03   2.6292500e+03   7.9366748e-06
   7.9410000e+03   2.6300000e+03   1.3384540e-05
   7.9420000e+03   2.6302500e+03   2.1730966e-05
   7.9430000e+03   2.6305000e+03   1.7619399e-05
   7.9440000e+03   2.6307500e+03   1.1531605e-05
   7.9450000e+03   2.6310000e+03   1.4224077e-05
   7.9460000e+03   2.6312500e+03   2.8549518e-05
   7.9470000e+03   2.6315000e+03   3.2274648e-05
   7.9480000e+03   2.6317500e+03   1.6092543e-05
   7.9490000e+03   2.6320000e+03   6.1250356e-06
   7.9500000e+03   2.6322500e+03   6.3650128e-06
   7.9510000e+03   2.6325000e+03   1.8403905e-05
   7.9520000e+03   2.6327500e+03   5.5992333e-05
   7.9530000e+03   2.6330000e+03   8.0443870e-05
   7.9540000e+03   2.6332500e+03   5.0685791e-05
   7.9550000e+03   2.6335000e+03   2.5768328e-05
   7.9560000e+03   2.6337500e+03   1.4845753e-05
   7.9570000e+03   2.6340000e+03   1.3779235e-05
   7.9580000e+03   2.6342500e+03   2.1140713e-05
   7.9590000e+03   2.6345000e+03   1.8590889e-05
   7.9600000e+03   2.6347500e+03   9.7514140e-06
   7.9610000e+03   2.6350000e+03   9.6360751e-06
   7.9620000e+03   2.6352500e+03   2.2112842e-05
   7.9630000e+03   2.6355000e+03   3.4195072e-05
   7.9640000e+03   2.6357500e+03   2.2503158e-05
   7.9650000e+03   2.6360000e+03   8.1098509e-06
   7.9660000e+03   2.6362500e+03   4.7902899e-06
   7.9680000e+03   2.6367500e+03   9.4724564e-06
   7.9690000e+03   2.6370000e+03   2.2292160e-05
   7.9700000e+03   2.6372500e+03   2.7432364e-05
   7.9710000e+03   2.6375000e+03   2.7820619e-05
   7.9720000e+03   2.6377500e+03   3.3172154e-05
   7.9730000e+03   2.6380000e+03   2.6076295e-05
   7.9740000e+03   2.6382500e+03   1.2308233e-05
   7.9750000e+03   2.6385000e+03   1.0205288e-05
   7.9760000e+03   2.6387500e+03   1.9820165e-05
   7.9770000e+03   2.6390000e+03   3.3690960e-05
   7.9780000e+03   2.6392500e+03   3.1985857e-05
   7.9790000e+03   2.6395000e+03   2.4959008e-05
   7.9800000e+03   2.6397500e+03   2.2524092e-05
   7.9810000e+03   2.6400000e+03   1.4740316e-05
   7.9820000e+03   2.6402500e+03   7.8177485e-06
   7.9830000e+03   2.6405000e+03   7.7258271e-06
   7.9840000e+03   2.6407500e+03   7.6532169e-06
   7.9850000e+03   2.6410000e+03   8.4885036e-06
   7.9860000e+03   2.6412500e+03   1.8264669e-05
   7.9870000e+03   2.6415000e+03   3.8875022e-05
   7.9880000e+03   2.6417500e+03   4.5597086e-05
   7.9890000e+03   2.6420000e+03   3.1218138e-05
   7.9900000e+03   2.6422500e+03   1.8128435e-05
   7.9910000e+03   2.6425000e+03   1.3146253e-05
   7.9920000e+03   2.6427500e+03   1.3839349e-05
   7.9930000e+03   2.6430000e+03   1.8621421e-05
   7.9940000e+03   2.6432500e+03   2.3701381e-05
   7.9950000e+03   2.6435000e+03   1.8729553e-05
   7.9960000e+03   2.6437500e+03   1.2210556e-05
   7.9970000e+03   2.6440000e+03   8.0462008e-06
   7.9980000e+03   2.6442500e+03   7.1961514e-06
   7.9990000e+03   2.6445000e+03   9.7351557e-06
   8.0000000e+03   2.6447500e+03   1.1479920e-05
   8.0010000e+03   2.6450000e+03   1.1595797e-05
   8.0020000e+03   2.6452500e+03   1.0901568e-05
   8.0030000e+03   2.6455000e+03   2.2015386e-05
   8.0040000e+03   2.6457500e+03   3.3810083e-05
   8.0050000e+03   2.6460000e+03   2.2827188e-05
   8.0060000e+03   2.6462500e+03   1.0715757e-05
   8.0070000e+03   2.6465000e+03   7.0491634e-06
   8.0080000e+03   2.6467500e+03   5.9850043e-06
   8.0090000e+03   2.6470000e+03   8.8926295e-06
   8.0100000e+03   2.6472500e+03   1.9571572e-05
   8.0110000e+03   2.6475000e+03   2.3739847e-05
   8.0120000e+03   2.6477500e+03   1.2839982e-05
   8.0130000e+03   2.6480000e+03   5.9666446e-06
   8.0140000e+03   2.6482500e+03   4.9703727e-06
   8.0150000e+03   2.6485000e+03   5.1929232e-06
   8.0160000e+03   2.6487500e+03   6.6139948e-06
   8.0170000e+03   2.6490000e+03   1.1309270e-05
   8.0180000e+03   2.6492500e+03   2.5068136e-05
   8.0190000e+03   2.6495000e+03   4.9999392e-05
   8.0200000e+03   2.6497500e+03   5.5686992e-05
   8.0210000e+03   2.6500000e+03   2.9487691e-05
   8.0220000e+03   2.6502500e+03   9.5526429e-06
   8.0230000e+03   2.6505000e+03   7.9544901e-06
   8.0240000e+03   2.6507500e+03   1.5793153e-05
   8.0250000e+03   2.6510000e+03   2.2429080e-05
   8.0260000e+03   2.6512500e+03   1.6483793e-05
   8.0270000e+03   2.6515000e+03   1.4400975e-05
   8.0280000e+03   2.6517500e+03   2.1355347e-05
   8.0290000e+03   2.6520000e+03   2.0264983e-05
   8.0300000e+03   2.6522500e+03   1.9738831e-05
   8.0310000e+03   2.6525000e+03   2.2483502e-05
   8.0320000e+03   2.6527500e+03   1.7628715e-05
   8.0330000e+03   2.6530000e+03   1.1603724e-05
   8.0340000e+03   2.6532500e+03   4.9351709e-06
   8.0370000e+03   2.6540000e+03   4.8097097e-06
   8.0380000e+03   2.6542500e+03   9.3574358e-06
   8.0390000e+03   2.6545000e+03   2.3455997e-05
   8.0400000e+03   2.6547500e+03   2.6269174e-05
   8.0410000e+03   2.6550000e+03   1.5150274e-05
   8.0420000e+03   2.6552500e+03   1.7205602e-05
   8.0430000e+03   2.6555000e+03   3.1035647e-05
   8.0440000e+03   2.6557500e+03   3.3493569e-05
   8.0450000e+03   2.6560000e+03   4.2572645e-05
   8.0460000e+03   2.6562500e+03   6.1351194e-05
   8.0470000e+03   2.6565000e+03   6.1828503e-05
   8.0480000e+03   2.6567500e+03   3.3860089e-05
   8.0490000e+03   2.6570000e+03   9.6780390e-06
   8.0500000e+03   2.6572500e+03   5.4407404e-06
   8.0510000e+03   2.6575000e+03   1.2287081e-05
   8.0520000e+03   2.6577500e+03   1.8858250e-05
   8.0530000e+03   2.6580000e+03   1.7260530e-05
   8.0540000e+03   2.6582500e+03   1.2501452e-05
   8.0550000e+03   2.6585000e+03   8.0682269e-06
   8.0560000e+03   2.6587500e+03   5.0816417e-06
   8.0600000e+03   2.6597500e+03   5.2235821e-06
   8.0610000e+03   2.6600000e+03   5.5926257e-06
   8.0690000e+03   2.6620000e+03   5.9235418e-06
   8.0700000e+03   2.6622500e+03   5.3397386e-06
   8.0730000e+03   2.6630000e+03   5.6763770e-06
   8.0740000e+03   2.6632500e+03   1.3476592e-05
   8.0750000e+03   2.6635000e+03   1.6291260e-05
   8.0760000e+03   2.6637500e+03   9.3013218e-06
   8.0770000e+03   2.6640000e+03   6.5199796e-06
   8.0780000e+03   2.6642500e+03   1.2953922e-05
   8.0790000e+03   2.6645000e+03   2.4154024e-05
   8.0800000e+03   2.6647500e+03   4.1108407e-05
   8.0810000e+03   2.6650000e+03   7.0436028e-05
   8.0820000e+03   2.6652500e+03   5.4305238e-05
   8.0830000e+03   2.6655000e+03   1.7604563e-05
   8.0840000e+03   2.6657500e+03   5.5755945e-06
   8.0850000e+03   2.6660000e+03   6.2470045e-06
   8.0860000e+03   2.6662500e+03   1.6132938e-05
   8.0870000e+03   2.6665000e+03   2.5102059e-05
   8.0880000e+03   2.6667500e+03   2.0234413e-05
   8.0890000e+03   2.6670000e+03   2.0333954e-05
   8.0900000e+03   2.6672500e+03   2.9661642e-05
   8.0910000e+03   2.6675000e+03   3.7201139e-05
   8.0920000e+03   2.6677500e+03   3.8052703e-05
   8.0930000e+03   2.6680000e+03   2.7853834e-05
   8.0940000e+03   2.6682500e+03   1.3759641e-05
   8.0950000e+03   2.6685000e+03   1.5471429e-05
   8.0960000e+03   2.6687500e+03   3.6566319e-05
   8.0970000e+03   2.6690000e+03   4.0359089e-05
   8.0980000e+03   2.6692500e+03   3.1364408e-05
   8.0990000e+03   2.6695000e+03   2.9700116e-05
   8.1000000e+03   2.6697500e+03   2.7674506e-05
   8.1010000e+03   2.6700000e+03   2.9012216e-05
   8.1020000e+03   2.6702500e+03   3.2299997e-05
   8.1030000e+03   2.6705000e+03   2.1699136e-05
   8.1040000e+03   2.6707500e+03   9.0955294e-06
   8.1050000e+03   2.6710000e+03   1.0800216e-05
   8.1060000e+03   2.6712500e+03   1.9161232e-05
   8.1070000e+03   2.6715000e+03   1.7537493e-05
   8.1080000e+03   2.6717500e+03   1.1570533e-05
   8.1090000e+03   2.6720000e+03   1.2793851e-05
   8.1100000e+03   2.6722500e+03   1.2639296e-05
   8.1110000e+03   2.6725000e+03   6.3921687e-06
   8.1130000e+03   2.6730000e+03   6.4659264e-06
   8.1140000e+03   2.6732500e+03   1.4947443e-05
   8.1150000e+03   2.6735000e+03   1.5273710e-05
   8.1160000e+03   2.6737500e+03   1.2753223e-05
   8.1170000e+03   2.6740000e+03   2.3050323e-05
   8.1180000e+03   2.6742500e+03   2.5213894e-05
   8.1190000e+03   2.6745000e+03   1.1982836e-05
   8.1200000e+03   2.6747500e+03   6.6483723e-06
   8.1210000e+03   2.6750000e+03   1.0808409e-05
   8.1220000e+03   2.6752500e+03   1.9788441e-05
   8.1230000e+03   2.6755000e+03   2.4178801e-05
   8.1240000e+03   2.6757500e+03   2.6375080e-05
   8.1250000e+03   2.6760000e+03   2.7160575e-05
   8.1260000e+03   2.6762500e+03   3.0144282e-05
   8.1270000e+03   2.6765000e+03   2.4620790e-05
   8.1280000e+03   2.6767500e+03   1.2997284e-05
   8.1290000e+03   2.6770000e+03   1.0089011e-05
   8.1300000e+03   2.6772500e+03   6.3650772e-06
   8.1310000e+03   2.6775000e+03   6.0137580e-06
   8.1320000e+03   2.6777500e+03   9.3084244e-06
   8.1330000e+03   2.6780000e+03   2.5228554e-05
   8.1340000e+03   2.6782500e+03   6.4667018e-05
   8.1350000e+03   2.6785000e+03   7.6655763e-05
   8.1360000e+03   2.6787500e+03   3.6859166e-05
   8.1370000e+03   2.6790000e+03   1.1255591e-05
   8.1380000e+03   2.6792500e+03   6.8792702e-06
   8.1390000e+03   2.6795000e+03   6.4866411e-06
   8.1400000e+03   2.6797500e+03   8.5645227e-06
   8.1410000e+03   2.6800000e+03   2.3369480e-05
   8.1420000e+03   2.6802500e+03   6.4393404e-05
   8.1430000e+03   2.6805000e+03   9.6929711e-05
   8.1440000e+03   2.6807500e+03   6.4099503e-05
   8.1450000e+03   2.6810000e+03   2.4327030e-05
   8.1460000e+03   2.6812500e+03   1.0639870e-05
   8.1470000e+03   2.6815000e+03   1.0301641e-05
   8.1480000e+03   2.6817500e+03   1.6561293e-05
   8.1490000e+03   2.6820000e+03   4.6981766e-05
   8.1500000e+03   2.6822500e+03   9.1250536e-05
   8.1510000e+03   2.6825000e+03   9.2611370e-05
   8.1520000e+03   2.6827500e+03   5.6686228e-05
   8.1530000e+03   2.6830000e+03   5.0713052e-05
   8.1540000e+03   2.6832500e+03   7.4098087e-05
   8.1550000e+03   2.6835000e+03   8.4012374e-05
   8.1560000e+03   2.6837500e+03   7.1624618e-05
   8.1570000e+03   2.6840000e+03   3.4387477e-05
   8.1580000e+03   2.6842500e+03   1.6395237e-05
   8.1590000e+03   2.6845000e+03   2.5494925e-05
   8.1600000e+03   2.6847500e+03   3.1076476e-05
   8.1610000e+03   2.6850000e+03   2.7700440e-05
   8.1620000e+03   2.6852500e+03   2.0412775e-05
   8.1630000e+03   2.6855000e+03   8.1446805e-06
   8.1750000e+03   2.6885000e+03   8.0242622e-06
   8.1760000e+03   2.6887500e+03   1.0119573e-05
   8.1770000e+03   2.6890000e+03   1.0214333e-05
   8.1780000e+03   2.6892500e+03   1.1509584e-05
   8.1790000e+03   2.6895000e+03   1.0555986e-05
   8.1800000e+03   2.6897500e+03   7.0905712e-06
   8.1830000e+03   2.6905000e+03   4.6737718e-06
   8.1840000e+03   2.6907500e+03   1.2609287e-05
   8.1850000e+03   2.6910000e+03   3.9325737e-05
   8.1860000e+03   2.6912500e+03   6.4882893e-05
   8.1870000e+03   2.6915000e+03   6.6560823e-05
   8.1880000e+03   2.6917500e+03   4.8486271e-05
   8.1890000e+03   2.6920000e+03   2.2640576e-05
   8.1900000e+03   2.6922500e+03   1.6678709e-05
   8.1910000e+03   2.6925000e+03   2.5908148e-05
   8.1920000e+03   2.6927500e+03   2.5505611e-05
   8.1930000e+03   2.6930000e+03   1.3349948e-05
   8.1940000e+03   2.6932500e+03   1.4409929e-05
   8.1950000e+03   2.6935000e+03   2.6578103e-05
   8.1960000e+03   2.6937500e+03   3.4025378e-05
   8.1970000e+03   2.6940000e+03   3.3323534e-05
   8.1980000e+03   2.6942500e+03   2.6789266e-05
   8.1990000e+03   2.6945000e+03   1.2785043e-05
   8.2000000e+03   2.6947500e+03   6.6256782e-06
   8.2010000e+03   2.6950000e+03   8.2947264e-06
   8.2020000e+03   2.6952500e+03   1.8304162e-05
   8.2030000e+03   2.6955000e+03   6.2003668e-05
   8.2040000e+03   2.6957500e+03   1.6643798e-04
   8.2050000e+03   2.6960000e+03   1.7275306e-04
   8.2060000e+03   2.6962500e+03   7.1024565e-05
   8.2070000e+03   2.6965000e+03   3.3787536e-05
   8.2080000e+03   2.6967500e+03   4.8587222e-05
   8.2090000e+03   2.6970000e+03   8.5492272e-05
   8.2100000e+03   2.6972500e+03   8.1501481e-05
   8.2110000e+03   2.6975000e+03   9.1478654e-05
   8.2120000e+03   2.6977500e+03   1.1220494e-04
   8.2130000e+03   2.6980000e+03   5.9948197e-05
   8.2140000e+03   2.6982500e+03   1.7333896e-05
   8.2150000e+03   2.6985000e+03   8.3728311e-06
   8.2160000e+03   2.6987500e+03   9.1118273e-06
   8.2170000e+03   2.6990000e+03   9.2675377e-06
   8.2180000e+03   2.6992500e+03   8.6627396e-06
   8.2190000e+03   2.6995000e+03   5.7041408e-06
   8.2270000e+03   2.7015000e+03   8.6992989e-06
   8.2280000e+03   2.7017500e+03   1.7324424e-05
   8.2290000e+03   2.7020000e+03   2.4889616e-05
   8.2300000e+03   2.7022500e+03   2.3243571e-05
   8.2310000e+03   2.7025000e+03   2.3713935e-05
   8.2320000e+03   2.7027500e+03   2.5144705e-05
   8.2330000e+03   2.7030000e+03   1.5971364e-05
   8.2340000e+03   2.7032500e+03   9.9208126e-06
   8.2350000e+03   2.7035000e+03   1.0167899e-05
   8.2360000e+03   2.7037500e+03   9.6858508e-06
   8.2370000e+03   2.7040000e+03   1.1011933e-05
   8.2380000e+03   2.7042500e+03   2.2903363e-05
   8.2390000e+03   2.7045000e+03   4.9702054e-05
   8.2400000e+03   2.7047500e+03   5.1717676e-05
   8.2410000e+03   2.7050000e+03   2.3001585e-05
   8.2420000e+03   2.7052500e+03   7.8883128e-06
   8.2430000e+03   2.7055000e+03   5.2604383e-06
   8.2440000e+03   2.7057500e+03   5.0766242e-06
   8.2450000e+03   2.7060000e+03   6.9122418e-06
   8.2460000e+03   2.7062500e+03   1.2806219e-05
   8.2470000e+03   2.7065000e+03   1.1808459e-05
   8.2480000e+03   2.7067500e+03   6.3426840e-06
   8.2490000e+03   2.7070000e+03   5.0883487e-06
   8.2500000e+03   2.7072500e+03   6.0289739e-06
   8.2510000e+03   2.7075000e+03   5.4201339e-06
   8.2550000e+03   2.7085000e+03   9.7744800e-06
   8.2560000e+03   2.7087500e+03   2.3141381e-05
   8.2570000e+03   2.7090000e+03   3.2295765e-05
   8.2580000e+03   2.7092500e+03   2.3620949e-05
   8.2590000e+03   2.7095000e+03   1.4955209e-05
   8.2600000e+03   2.7097500e+03   1.0154807e-05
   8.2610000e+03   2.7100000e+03   7.8805048e-06
   8.2620000e+03   2.7102500e+03   7.1185560e-06
   8.2630000e+03   2.7105000e+03   1.1218011e-05
   8.2640000e+03   2.7107500e+03   2.9351007e-05
   8.2650000e+03   2.7110000e+03   8.2226997e-05
   8.2660000e+03   2.7112500e+03   1.7035721e-04
   8.2670000e+03   2.7115000e+03   1.8807345e-04
   8.2680000e+03   2.7117500e+03   2.0223789e-04
   8.2690000e+03   2.7120000e+03   2.5689613e-04
   8.2700000e+03   2.7122500e+03   1.7254486e-04
   8.2710000e+03   2.7125000e+03   6.0904192e-05
   8.2720000e+03   2.7127500e+03   2.0516459e-05
   8.2730000e+03   2.7130000e+03   1.2232281e-05
   8.2740000e+03   2.7132500e+03   9.9981939e-06
   8.2750000e+03   2.7135000e+03   1.2877694e-05
   8.2760000e+03   2.7137500e+03   1.3903495e-05
   8.2770000e+03   2.7140000e+03   1.4605814e-05
   8.2780000e+03   2.7142500e+03   2.2144309e-05
   8.2790000e+03   2.7145000e+03   3.0112990e-05
   8.2800000e+03   2.7147500e+03   3.4403367e-05
   8.2810000e+03   2.7150000e+03   2.3005180e-05
   8.2820000e+03   2.7152500e+03   1.1397472e-05
   8.2830000e+03   2.7155000e+03   7.6434187e-06
   8.2840000e+03   2.7157500e+03   5.7988903e-06
   8.2850000e+03   2.7160000e+03   4.6580181e-06
   8.2870000e+03   2.7165000e+03   5.2018869e-06
   8.2880000e+03   2.7167500e+03   9.1434506e-06
   8.2890000e+03   2.7170000e+03   2.3268920e-05
   8.2900000e+03   2.7172500e+03   3.6372807e-05
   8.2910000e+03   2.7175000e+03   2.4286278e-05
   8.2920000e+03   2.7177500e+03   1.3387162e-05
   8.2930000e+03   2.7180000e+03   1.5982495e-05
   8.2940000e+03   2.7182500e+03   1.3357485e-05
   8.2950000e+03   2.7185000e+03   7.5215408e-06
   8.2960000e+03   2.7187500e+03   5.1206745e-06
   8.2990000e+03   2.7195000e+03   5.4189096e-06
   8.3000000e+03   2.7197500e+03   5.5469213e-06
   8.3010000e+03   2.7200000e+03   7.3107517e-06
   8.3020000e+03   2.7202500e+03   8.1073157e-06
   8.3030000e+03   2.7205000e+03   9.3927301e-06
   8.3040000e+03   2.7207500e+03   1.6528996e-05
   8.3050000e+03   2.7210000e+03   1.6723318e-05
   8.3060000e+03   2.7212500e+03   1.4470558e-05
   8.3070000e+03   2.7215000e+03   1.1664814e-05
   8.3080000e+03   2.7217500e+03   1.2760374e-05
   8.3090000e+03   2.7220000e+03   1.4507531e-05
   8.3100000e+03   2.7222500e+03   1.1554835e-05
   8.3110000e+03   2.7225000e+03   7.8431509e-06
   8.3120000e+03   2.7227500e+03   4.9191580e-06
   8.3160000e+03   2.7237500e+03   8.3240281e-06
   8.3170000e+03   2.7240000e+03   1.3362934e-05
   8.3180000e+03   2.7242500e+03   2.6997834e-05
   8.3190000e+03   2.7245000e+03   3.2107611e-05
   8.3200000e+03   2.7247500e+03   2.4212043e-05
   8.3210000e+03   2.7250000e+03   2.0833517e-05
   8.3220000e+03   2.7252500e+03   2.6982914e-05
   8.3230000e+03   2.7255000e+03   3.3502708e-05
   8.3240000e+03   2.7257500e+03   4.2849856e-05
   8.3250000e+03   2.7260000e+03   6.5807792e-05
   8.3260000e+03   2.7262500e+03   1.3498609e-04
   8.3270000e+03   2.7265000e+03   2.9687422e-04
   8.3280000e+03   2.7267500e+03   3.4800549e-04
   8.3290000e+03   2.7270000e+03   1.7485857e-04
   8.3300000e+03   2.7272500e+03   6.6986742e-05
   8.3310000e+03   2.7275000e+03   2.6520898e-05
   8.3320000e+03   2.7277500e+03   1.2769148e-05
   8.3330000e+03   2.7280000e+03   1.0547529e-05
   8.3340000e+03   2.7282500e+03   1.5993096e-05
   8.3350000e+03   2.7285000e+03   2.0310567e-05
   8.3360000e+03   2.7287500e+03   1.4728405e-05
   8.3370000e+03   2.7290000e+03   1.2812632e-05
   8.3380000e+03   2.7292500e+03   2.6795952e-05
   8.3390000e+03   2.7295000e+03   4.4380785e-05
   8.3400000e+03   2.7297500e+03   3.2171859e-05
   8.3410000e+03   2.7300000e+03   1.3831131e-05
   8.3420000e+03   2.7302500e+03   8.9693092e-06
   8.3430000e+03   2.7305000e+03   6.9425376e-06
   8.3440000e+03   2.7307500e+03   5.3671643e-06
   8.3450000e+03   2.7310000e+03   4.9465291e-06
   8.3460000e+03   2.7312500e+03   7.2457974e-06
   8.3470000e+03   2.7315000e+03   9.4301628e-06
   8.3480000e+03   2.7317500e+03   6.8287060e-06
   8.3510000e+03   2.7325000e+03   1.0410924e-05
   8.3520000e+03   2.7327500e+03   1.5915697e-05
   8.3530000e+03   2.7330000e+03   1.6650595e-05
   8.3540000e+03   2.7332500e+03   1.3526727e-05
   8.3550000e+03   2.7335000e+03   1.6374974e-05
   8.3560000e+03   2.7337500e+03   2.3222732e-05
   8.3570000e+03   2.7340000e+03   1.7560019e-05
   8.3580000e+03   2.7342500e+03   1.3156846e-05
   8.3590000e+03   2.7345000e+03   1.4913920e-05
   8.3600000e+03   2.7347500e+03   1.2674457e-05
   8.3610000e+03   2.7350000e+03   1.0353057e-05
   8.3620000e+03   2.7352500e+03   6.1640319e-06
   8.3630000e+03   2.7355000e+03   5.1097503e-06
   8.3640000e+03   2.7357500e+03   1.2542801e-05
   8.3650000e+03   2.7360000e+03   2.4562527e-05
   8.3660000e+03   2.7362500e+03   1.8143735e-05
   8.3670000e+03   2.7365000e+03   6.9050116e-06
   8.3680000e+03   2.7367500e+03   7.7570757e-06
   8.3690000e+03   2.7370000e+03   1.8254362e-05
   8.3700000e+03   2.7372500e+03   2.1081767e-05
   8.3710000e+03   2.7375000e+03   1.0829138e-05
   8.3720000e+03   2.7377500e+03   8.7889011e-06
   8.3730000e+03   2.7380000e+03   1.9475624e-05
   8.3740000e+03   2.7382500e+03   2.6117909e-05
   8.3750000e+03   2.7385000e+03   3.4194599e-05
   8.3760000e+03   2.7387500e+03   4.9780358e-05
   8.3770000e+03   2.7390000e+03   3.8536456e-05
   8.3780000e+03   2.7392500e+03   2.3466669e-05
   8.3790000e+03   2.7395000e+03   1.3486819e-05
   8.3800000e+03   2.7397500e+03   7.6964379e-06
   8.3810000e+03   2.7400000e+03   9.7195713e-06
   8.3820000e+03   2.7402500e+03   1.6448854e-05
   8.3830000e+03   2.7405000e+03   2.0483906e-05
   8.3840000e+03   2.7407500e+03   3.1497560e-05
   8.3850000e+03   2.7410000e+03   7.8223506e-05
   8.3860000e+03   2.7412500e+03   1.9601845e-04
   8.3870000e+03   2.7415000e+03   3.5187252e-04
   8.3880000e+03   2.7417500e+03   3.1117794e-04
   8.3890000e+03   2.7420000e+03   2.5388742e-04
   8.3900000e+03   2.7422500e+03   2.3276593e-04
   8.3910000e+03   2.7425000e+03   2.2319721e-04
   8.3920000e+03   2.7427500e+03   1.9294804e-04
   8.3930000e+03   2.7430000e+03   9.5697108e-05
   8.3940000e+03   2.7432500e+03   3.5599918e-05
   8.3950000e+03   2.7435000e+03   2.3697093e-05
   8.3960000e+03   2.7437500e+03   2.6570386e-05
   8.3970000e+03   2.7440000e+03   1.8533528e-05
   8.3980000e+03   2.7442500e+03   8.0260280e-06
   8.3990000e+03   2.7445000e+03   5.5918577e-06
   8.4000000e+03   2.7447500e+03   8.9465512e-06
   8.4010000e+03   2.7450000e+03   1.3927322e-05
   8.4020000e+03   2.7452500e+03   1.4081989e-05
   8.4030000e+03   2.7455000e+03   2.0026272e-05
   8.4040000e+03   2.7457500e+03   3.1555241e-05
   8.4050000e+03   2.7460000e+03   2.8218630e-05
   8.4060000e+03   2.7462500e+03   1.8090795e-05
   8.4070000e+03   2.7465000e+03   2.0874809e-05
   8.4080000e+03   2.7467500e+03   2.7585611e-05
   8.4090000e+03   2.7470000e+03   2.9058699e-05
   8.4100000e+03   2.7472500e+03   2.4301779e-05
   8.4110000e+03   2.7475000e+03   3.1142317e-05
   8.4120000e+03   2.7477500e+03   2.8001562e-05
   8.4130000e+03   2.7480000e+03   1.2309585e-05
   8.4140000e+03   2.7482500e+03   7.2514593e-06
   8.4150000e+03   2.7485000e+03   6.3410075e-06
   8.4160000e+03   2.7487500e+03   7.1271890e-06
   8.4170000e+03   2.7490000e+03   1.2493414e-05
   8.4180000e+03   2.7492500e+03   3.7098549e-05
   8.4190000e+03   2.7495000e+03   6.3853801e-05
   8.4200000e+03   2.7497500e+03   4.8503556e-05
   8.4210000e+03   2.7500000e+03   3.8745750e-05
   8.4220000e+03   2.7502500e+03   4.9619277e-05
   8.4230000e+03   2.7505000e+03   4.7960311e-05
   8.4240000e+03   2.7507500e+03   3.3961256e-05
   8.4250000e+03   2.7510000e+03   2.6701249e-05
   8.4260000e+03   2.7512500e+03   3.4141481e-05
   8.4270000e+03   2.7515000e+03   2.5911017e-05
   8.4280000e+03   2.7517500e+03   1.0628958e-05
   8.4290000e+03   2.7520000e+03   6.7127603e-06
   8.4300000e+03   2.7522500e+03   9.0918023e-06
   8.4310000e+03   2.7525000e+03   1.1012294e-05
   8.4320000e+03   2.7527500e+03   1.1718819e-05
   8.4330000e+03   2.7530000e+03   1.9953656e-05
   8.4340000e+03   2.7532500e+03   2.9180053e-05
   8.4350000e+03   2.7535000e+03   2.8840827e-05
   8.4360000e+03   2.7537500e+03   2.5895471e-05
   8.4370000e+03   2.7540000e+03   1.5500086e-05
   8.4380000e+03   2.7542500e+03   6.1337355e-06
   8.4400000e+03   2.7547500e+03   5.3575447e-06
   8.4410000e+03   2.7550000e+03   6.6219397e-06
   8.4420000e+03   2.7552500e+03   7.9038645e-06
   8.4430000e+03   2.7555000e+03   8.4730287e-06
   8.4440000e+03   2.7557500e+03   1.4338914e-05
   8.4450000e+03   2.7560000e+03   3.7272704e-05
   8.4460000e+03   2.7562500e+03   1.0602278e-04
   8.4470000e+03   2.7565000e+03   2.0374522e-04
   8.4480000e+03   2.7567500e+03   2.3355697e-04
   8.4490000e+03   2.7570000e+03   1.6962229e-04
   8.4500000e+03   2.7572500e+03   1.0859651e-04
   8.4510000e+03   2.7575000e+03   1.2997590e-04
   8.4520000e+03   2.7577500e+03   1.6059431e-04
   8.4530000e+03   2.7580000e+03   1.7182618e-04
   8.4540000e+03   2.7582500e+03   1.2747890e-04
   8.4550000e+03   2.7585000e+03   5.5320514e-05
   8.4560000e+03   2.7587500e+03   2.3361792e-05
   8.4570000e+03   2.7590000e+03   1.7613243e-05
   8.4580000e+03   2.7592500e+03   2.3464485e-05
   8.4590000e+03   2.7595000e+03   3.0473711e-05
   8.4600000e+03   2.7597500e+03   3.5567286e-05
   8.4610000e+03   2.7600000e+03   2.7196559e-05
