   1.8650000e+03   2.1814851e+03
   1.8660000e+03   2.1823909e+03
   1.8670000e+03   2.1832971e+03
   1.8680000e+03   2.1842043e+03
   1.8690000e+03   2.1851123e+03
   1.8700000e+03   2.1860210e+03
   1.8710000e+03   2.1869304e+03
   1.8720000e+03   2.1878406e+03
   1.8730000e+03   2.1887515e+03
   1.8740000e+03   2.1896631e+03
   1.8750000e+03   2.1905754e+03
   1.8760000e+03   2.1914885e+03
   1.8770000e+03   2.1924026e+03
   1.8780000e+03   2.1933171e+03
   1.8790000e+03   2.1942324e+03
   1.8800000e+03   2.1951487e+03
   1.8810000e+03   2.1960654e+03
   1.8820000e+03   2.1969832e+03
   1.8830000e+03   2.1979016e+03
   1.8840000e+03   2.1988208e+03
   1.8850000e+03   2.1997407e+03
   1.8860000e+03   2.2006614e+03
   1.8870000e+03   2.2015828e+03
   1.8880000e+03   2.2025049e+03
   1.8890000e+03   2.2034280e+03
   1.8900000e+03   2.2043516e+03
   1.8910000e+03   2.2052761e+03
   1.8920000e+03   2.2062012e+03
   1.8930000e+03   2.2071272e+03
   1.8940000e+03   2.2080540e+03
   1.8950000e+03   2.2089814e+03
   1.8960000e+03   2.2099099e+03
   1.8970000e+03   2.2108389e+03
   1.8980000e+03   2.2117686e+03
   1.8990000e+03   2.2126992e+03
   1.9000000e+03   2.2136306e+03
   1.9010000e+03   2.2145627e+03
   1.9020000e+03   2.2154956e+03
   1.9030000e+03   2.2164292e+03
   1.9040000e+03   2.2173635e+03
   1.9050000e+03   2.2182988e+03
   1.9060000e+03   2.2192349e+03
   1.9070000e+03   2.2201716e+03
   1.9080000e+03   2.2211091e+03
   1.9090000e+03   2.2220474e+03
   1.9100000e+03   2.2229863e+03
   1.9110000e+03   2.2239263e+03
   1.9120000e+03   2.2248669e+03
   1.9130000e+03   2.2258083e+03
   1.9140000e+03   2.2267505e+03
   1.9150000e+03   2.2276934e+03
   1.9160000e+03   2.2286372e+03
   1.9170000e+03   2.2295818e+03
   1.9180000e+03   2.2305271e+03
   1.9190000e+03   2.2314731e+03
   1.9200000e+03   2.2324199e+03
   1.9210000e+03   2.2333677e+03
   1.9220000e+03   2.2343162e+03
   1.9230000e+03   2.2352654e+03
   1.9240000e+03   2.2362153e+03
   1.9250000e+03   2.2371660e+03
   1.9260000e+03   2.2381177e+03
   1.9270000e+03   2.2390701e+03
   1.9280000e+03   2.2400232e+03
   1.9290000e+03   2.2409773e+03
   1.9300000e+03   2.2419319e+03
   1.9310000e+03   2.2428875e+03
   2.6970000e+03   2.1658589e+03
   2.6980000e+03   2.1667271e+03
   2.6990000e+03   2.1675952e+03
   2.7000000e+03   2.1684634e+03
   2.7010000e+03   2.1693315e+03
   2.7020000e+03   2.1701997e+03
   2.7030000e+03   2.1710676e+03
   2.7040000e+03   2.1719358e+03
   2.7050000e+03   2.1728040e+03
   2.7060000e+03   2.1736721e+03
   2.7070000e+03   2.1745400e+03
   2.7080000e+03   2.1754082e+03
   2.7090000e+03   2.1762764e+03
   2.7100000e+03   2.1771445e+03
   2.7110000e+03   2.1780127e+03
   2.7120000e+03   2.1788806e+03
   2.7130000e+03   2.1797488e+03
   2.7140000e+03   2.1806169e+03
