   3.7800000e+02   7.6056383e+02   5.9806499e-06
   3.7900000e+02   7.6089341e+02   9.6011241e-06
   3.8000000e+02   7.6122326e+02   1.5995046e-05
   3.8100000e+02   7.6155340e+02   2.7654672e-05
   3.8200000e+02   7.6188381e+02   4.8935993e-05
   3.8300000e+02   7.6221450e+02   9.1055386e-05
   3.8400000e+02   7.6254548e+02   1.7962917e-04
   3.8500000e+02   7.6287673e+02   3.1033043e-04
   3.8600000e+02   7.6320827e+02   2.1212809e-04
   3.8700000e+02   7.6354009e+02   2.6710966e-05
   6.0000000e+02   8.4916738e+02   1.5560744e-05
   6.0100000e+02   8.4957379e+02   1.6586530e-05
   6.0200000e+02   8.4998058e+02   1.7728782e-05
   6.0300000e+02   8.5038772e+02   1.8582284e-05
   6.0400000e+02   8.5079524e+02   1.9822505e-05
   6.0500000e+02   8.5120312e+02   2.1307897e-05
   6.0600000e+02   8.5161136e+02   2.2638031e-05
   6.0700000e+02   8.5201998e+02   2.4504038e-05
   6.0800000e+02   8.5242896e+02   2.6030276e-05
   6.0900000e+02   8.5149312e+02   2.2074624e-05
   6.1000000e+02   8.5179979e+02   2.3235854e-05
   6.1100000e+02   8.5210669e+02   2.5050225e-05
   6.1200000e+02   8.5241384e+02   2.5878915e-05
   6.1300000e+02   8.5272123e+02   2.7047847e-05
   6.1400000e+02   8.5302886e+02   2.9391620e-05
   6.1500000e+02   8.5333673e+02   2.9739166e-05
   6.1600000e+02   8.5364484e+02   3.1757847e-05
   6.1700000e+02   8.5395319e+02   3.4472506e-05
   6.1800000e+02   8.5426179e+02   3.4375254e-05
   6.1900000e+02   8.5457062e+02   3.6580053e-05
   6.2000000e+02   8.5487970e+02   4.0559372e-05
   6.2100000e+02   8.5518902e+02   4.0502074e-05
   6.2200000e+02   8.5549859e+02   4.2716883e-05
   6.2300000e+02   8.5580839e+02   4.6888142e-05
   6.2400000e+02   8.5611844e+02   4.6602785e-05
   6.2500000e+02   8.5642873e+02   4.9833557e-05
   6.2600000e+02   8.5673927e+02   5.2921766e-05
   6.2700000e+02   8.5705005e+02   5.4129533e-05
   6.2800000e+02   8.5736108e+02   5.7383673e-05
   6.2900000e+02   8.5767235e+02   6.0057262e-05
   6.3000000e+02   8.5798386e+02   6.1165046e-05
   6.3100000e+02   8.5829562e+02   6.5841831e-05
   6.3200000e+02   8.5860762e+02   6.8122753e-05
   6.3300000e+02   8.5891987e+02   6.8079673e-05
   6.3400000e+02   8.5923237e+02   7.5805603e-05
   6.3500000e+02   8.5954511e+02   7.6838851e-05
   6.3600000e+02   8.5985809e+02   7.5794472e-05
   6.3700000e+02   8.6017133e+02   8.5760741e-05
   6.3800000e+02   8.6048481e+02   8.4918475e-05
   6.3900000e+02   8.6079853e+02   8.4340959e-05
   6.4000000e+02   8.6111251e+02   9.5665816e-05
   6.4100000e+02   8.6142673e+02   9.2761505e-05
   6.4200000e+02   8.6174120e+02   9.4818994e-05
   6.4300000e+02   8.6205591e+02   1.0345183e-04
   6.4400000e+02   8.6237088e+02   1.0296331e-04
   6.4500000e+02   8.6268609e+02   1.0434697e-04
   6.4600000e+02   8.6300155e+02   1.1083780e-04
   6.4700000e+02   8.6331726e+02   1.1555611e-04
   6.4800000e+02   8.6363322e+02   1.1350667e-04
   6.4900000e+02   8.6394943e+02   1.1893371e-04
   6.5000000e+02   8.6426589e+02   1.2891048e-04
   6.5100000e+02   8.6458260e+02   1.2404703e-04
   6.5200000e+02   8.6489955e+02   1.2799650e-04
   6.5300000e+02   8.6521676e+02   1.4148059e-04
   6.5400000e+02   8.6553422e+02   1.3941414e-04
   6.5500000e+02   8.6585193e+02   1.3619850e-04
   6.5600000e+02   8.6616989e+02   1.4910986e-04
   6.5700000e+02   8.6648810e+02   1.5588505e-04
   6.5800000e+02   8.6680657e+02   1.4580840e-04
   6.5900000e+02   8.6712528e+02   1.5167204e-04
   6.6000000e+02   8.6744425e+02   1.6718677e-04
   6.6100000e+02   8.6776347e+02   1.5823963e-04
   6.6200000e+02   8.6808294e+02   1.5436533e-04
   6.6300000e+02   8.6840267e+02   1.6948634e-04
   6.6400000e+02   8.6872264e+02   1.6983975e-04
   6.6500000e+02   8.6904288e+02   1.6161430e-04
   6.6600000e+02   8.6936336e+02   1.6300457e-04
   6.6700000e+02   8.6968410e+02   1.7610292e-04
   6.6800000e+02   8.7000509e+02   1.7101449e-04
   6.6900000e+02   8.7032634e+02   1.5991327e-04
   6.7000000e+02   8.7064784e+02   1.7003116e-04
   6.7100000e+02   8.7096960e+02   1.7470604e-04
   6.7200000e+02   8.7129161e+02   1.6619576e-04
   6.7300000e+02   8.7161388e+02   1.5998943e-04
   6.7400000e+02   8.7193640e+02   1.6667577e-04
   6.7500000e+02   8.7225918e+02   1.6877826e-04
   6.7600000e+02   8.7258222e+02   1.6095958e-04
   6.7700000e+02   8.7290551e+02   1.5536789e-04
   6.7800000e+02   8.7322906e+02   1.6183990e-04
   6.7900000e+02   8.7355286e+02   1.6275338e-04
   6.8000000e+02   8.7387692e+02   1.5295134e-04
   6.8100000e+02   8.7420124e+02   1.5062358e-04
   6.8200000e+02   8.7452582e+02   1.5434019e-04
   6.8300000e+02   8.7485066e+02   1.5148644e-04
   6.8400000e+02   8.7517575e+02   1.4675132e-04
   6.8500000e+02   8.7550110e+02   1.4453481e-04
   6.8600000e+02   8.7582671e+02   1.3969695e-04
   6.8700000e+02   8.7615258e+02   1.3957728e-04
   6.8800000e+02   8.7647871e+02   1.3640816e-04
   6.8900000e+02   8.7680510e+02   1.2824703e-04
   6.9000000e+02   8.7713175e+02   1.2815432e-04
   6.9100000e+02   8.7745866e+02   1.3664500e-04
   6.9200000e+02   8.7778583e+02   1.5709958e-04
   6.9300000e+02   8.7811326e+02   2.1461142e-04
   6.9400000e+02   8.7844095e+02   3.6179870e-04
   6.9500000e+02   8.7876890e+02   7.1714318e-04
   6.9600000e+02   8.7909711e+02   6.3159368e-04
   6.9700000e+02   8.7942559e+02   2.2033769e-04
   6.9800000e+02   8.7975432e+02   1.1785021e-04
   6.9900000e+02   8.8008332e+02   1.1803989e-04
   7.0000000e+02   8.8041258e+02   1.4203610e-04
   7.0100000e+02   8.8074211e+02   1.6231537e-04
   7.0200000e+02   8.8107189e+02   1.8894706e-04
   7.0300000e+02   8.8140194e+02   2.0659967e-04
   7.0400000e+02   8.8173226e+02   1.9884462e-04
   7.0500000e+02   8.8206284e+02   2.0240942e-04
   7.0600000e+02   8.8239368e+02   2.1608271e-04
   7.0700000e+02   8.8272478e+02   2.1979724e-04
   7.0800000e+02   8.8305615e+02   2.1841253e-04
   7.0900000e+02   8.8338779e+02   2.2426345e-04
   7.1000000e+02   8.8371969e+02   2.3756599e-04
   7.1100000e+02   8.8405185e+02   2.4316998e-04
   7.1200000e+02   8.8438429e+02   2.4356767e-04
   7.1300000e+02   8.8471698e+02   2.5104838e-04
   7.1400000e+02   8.8504995e+02   2.6330573e-04
   7.1500000e+02   8.8538318e+02   2.8045832e-04
   7.1600000e+02   8.8571667e+02   2.7287247e-04
   7.1700000e+02   8.8605044e+02   2.7227902e-04
   7.1800000e+02   8.8638447e+02   2.6581758e-04
   7.1900000e+02   8.8671877e+02   2.4843700e-04
   7.2000000e+02   8.8705333e+02   2.4772724e-04
   7.2100000e+02   8.8738817e+02   2.5915995e-04
   7.2200000e+02   8.8772327e+02   2.6976050e-04
   7.2300000e+02   8.8805864e+02   2.7268273e-04
   7.2400000e+02   8.8839428e+02   2.7635240e-04
   7.2500000e+02   8.8873019e+02   2.8194774e-04
   7.2600000e+02   8.8906637e+02   2.7677063e-04
   7.2700000e+02   8.8940282e+02   2.6820959e-04
   7.2800000e+02   8.8973954e+02   2.6874842e-04
   7.2900000e+02   8.9007653e+02   2.7369168e-04
   7.3000000e+02   8.9041379e+02   2.7366367e-04
   7.3100000e+02   8.9075132e+02   2.6786396e-04
   7.3200000e+02   8.9108912e+02   2.5892859e-04
   7.3300000e+02   8.9142720e+02   2.5792792e-04
   7.3400000e+02   8.9176554e+02   2.5063369e-04
   7.3500000e+02   8.9210416e+02   2.4162515e-04
   7.3600000e+02   8.9244305e+02   2.3461274e-04
   7.3700000e+02   8.9278221e+02   2.2533111e-04
   7.3800000e+02   8.9312164e+02   2.2119135e-04
   7.3900000e+02   8.9346135e+02   2.1174072e-04
   7.4000000e+02   8.9380133e+02   2.0609833e-04
   7.4100000e+02   8.9414159e+02   1.9802396e-04
   7.4200000e+02   8.9448212e+02   1.9788601e-04
   7.4300000e+02   8.9482292e+02   2.0779728e-04
   7.4400000e+02   8.9516400e+02   2.3269670e-04
   7.4500000e+02   8.9550535e+02   2.8187419e-04
   7.4600000e+02   8.9584698e+02   3.8228361e-04
   7.4700000e+02   8.9618888e+02   4.4977144e-04
   7.4800000e+02   8.9653106e+02   2.8440904e-04
   7.4900000e+02   8.9687351e+02   1.4445494e-04
   7.5000000e+02   8.9721624e+02   1.3308702e-04
   7.5100000e+02   8.9755925e+02   1.3980080e-04
   7.5200000e+02   8.9790253e+02   1.5991669e-04
   7.5300000e+02   8.9824609e+02   1.6069710e-04
   7.5400000e+02   8.9858993e+02   1.5171532e-04
   7.5500000e+02   8.9893405e+02   1.4664777e-04
   7.5600000e+02   8.9927844e+02   1.4296302e-04
   7.5700000e+02   8.9962311e+02   1.3825491e-04
   7.5800000e+02   8.9996806e+02   1.3434439e-04
   7.5900000e+02   9.0031329e+02   1.3096144e-04
   7.6000000e+02   9.0065880e+02   1.2767183e-04
   7.6100000e+02   9.0100459e+02   1.2681883e-04
   7.6200000e+02   9.0135066e+02   1.2529678e-04
   7.6300000e+02   9.0169700e+02   1.2318179e-04
   7.6400000e+02   9.0204363e+02   1.2122221e-04
   7.6500000e+02   9.0239054e+02   1.2068944e-04
   7.6600000e+02   9.0273773e+02   1.1992436e-04
   7.6700000e+02   9.0308520e+02   1.2086216e-04
   7.6800000e+02   9.0343295e+02   1.2378746e-04
   7.6900000e+02   9.0378098e+02   1.2547220e-04
   7.7000000e+02   9.1123900e+02   1.0130322e-04
   7.7100000e+02   9.1159380e+02   9.7906850e-05
   7.7200000e+02   9.1194889e+02   9.6016949e-05
   7.7300000e+02   9.1230426e+02   9.1690220e-05
   7.7400000e+02   9.1265992e+02   8.8739979e-05
   7.7500000e+02   9.1301587e+02   8.5341792e-05
   7.7600000e+02   9.1337211e+02   8.1154864e-05
   7.7700000e+02   9.1372864e+02   7.8167483e-05
   7.7800000e+02   9.1408545e+02   7.4563310e-05
   7.7900000e+02   9.1444255e+02   7.0793772e-05
   7.8000000e+02   9.1479995e+02   6.6119740e-05
   7.8100000e+02   9.1515763e+02   6.3571925e-05
   7.8200000e+02   9.1551560e+02   5.9448868e-05
   7.8300000e+02   9.1587386e+02   5.6465161e-05
   7.8400000e+02   9.1623241e+02   5.2944296e-05
   7.8500000e+02   9.1659126e+02   4.9391052e-05
   7.8600000e+02   9.1695039e+02   4.6413061e-05
   7.8700000e+02   9.1730982e+02   4.3308172e-05
   7.8800000e+02   9.1766953e+02   4.0255754e-05
   7.8900000e+02   9.1802954e+02   3.7818637e-05
   7.9000000e+02   9.1838984e+02   3.4854597e-05
   7.9100000e+02   9.1875043e+02   3.2291183e-05
   7.9200000e+02   9.1911132e+02   2.9825822e-05
   7.9300000e+02   9.1947250e+02   2.7594353e-05
   7.9400000e+02   9.1983397e+02   2.5122673e-05
   7.9500000e+02   9.2019574e+02   2.3490937e-05
   7.9600000e+02   9.2055780e+02   2.1745992e-05
   7.9700000e+02   9.2092015e+02   1.9819540e-05
   7.9800000e+02   9.2128280e+02   1.8422267e-05
   7.9900000e+02   9.2164575e+02   1.6770930e-05
   8.0000000e+02   9.2200899e+02   1.5393069e-05
   1.3690000e+03   1.2843537e+03   7.1632419e-05
   1.3700000e+03   1.2849170e+03   7.6691208e-05
   1.3710000e+03   1.2854807e+03   8.3174206e-05
   1.3720000e+03   1.2860450e+03   8.8111069e-05
   1.3730000e+03   1.2866098e+03   9.2643394e-05
   1.3740000e+03   1.2871750e+03   9.8676537e-05
   1.3750000e+03   1.2877407e+03   1.0853145e-04
   1.3760000e+03   1.2883069e+03   1.0796275e-04
   1.3770000e+03   1.2888736e+03   1.0310549e-04
   1.3780000e+03   1.2894408e+03   1.0983138e-04
   1.3790000e+03   1.2900084e+03   1.2178771e-04
   1.3800000e+03   1.2905765e+03   1.3428612e-04
   1.3810000e+03   1.2911452e+03   1.4211311e-04
   1.3820000e+03   1.2917143e+03   1.4929668e-04
   1.3830000e+03   1.2922839e+03   1.5866367e-04
   1.3840000e+03   1.2928540e+03   1.6364081e-04
   1.3850000e+03   1.2934245e+03   1.5956870e-04
   1.3860000e+03   1.2939956e+03   1.6391554e-04
   1.3870000e+03   1.2945671e+03   1.7073045e-04
   1.3880000e+03   1.2951392e+03   1.7292912e-04
   1.3890000e+03   1.2957117e+03   1.7997735e-04
   1.3900000e+03   1.2962847e+03   1.8141358e-04
   1.3910000e+03   1.2968582e+03   1.8173407e-04
   1.3920000e+03   1.2974323e+03   1.8463596e-04
   1.3930000e+03   1.2980068e+03   1.8579757e-04
   1.3940000e+03   1.2985817e+03   1.8734585e-04
   1.3950000e+03   1.2991572e+03   1.9315508e-04
   1.3960000e+03   1.2997332e+03   1.9207866e-04
   1.3970000e+03   1.3003097e+03   1.9671850e-04
   1.3980000e+03   1.3008867e+03   2.0987427e-04
   1.3990000e+03   1.3014641e+03   2.3106976e-04
   1.4000000e+03   1.3020421e+03   2.7751436e-04
   1.4010000e+03   1.3026205e+03   2.9615964e-04
   1.4020000e+03   1.3031995e+03   2.1268106e-04
   1.4030000e+03   1.3037790e+03   2.4057848e-04
   1.4040000e+03   1.3043589e+03   2.3572116e-04
   1.4050000e+03   1.3049394e+03   2.6953818e-04
   1.4060000e+03   1.3055203e+03   2.8704847e-04
   1.4070000e+03   1.3061018e+03   2.7898411e-04
   1.4080000e+03   1.3066837e+03   2.9079891e-04
   1.4090000e+03   1.3072662e+03   3.1319903e-04
   1.4100000e+03   1.3078491e+03   3.3974863e-04
   1.4110000e+03   1.3084326e+03   3.6844596e-04
   1.4120000e+03   1.3090166e+03   3.9208685e-04
   1.4130000e+03   1.3096010e+03   4.1811574e-04
   1.4140000e+03   1.3101860e+03   4.4820180e-04
   1.4150000e+03   1.3107715e+03   4.7571078e-04
   1.4160000e+03   1.3113575e+03   4.8912949e-04
   1.4170000e+03   1.3119440e+03   5.2760900e-04
   1.4180000e+03   1.3125310e+03   5.6488971e-04
   1.4190000e+03   1.3131185e+03   5.8201816e-04
   1.4200000e+03   1.3137065e+03   5.8415551e-04
   1.4210000e+03   1.3142950e+03   5.9907721e-04
   1.4220000e+03   1.3148840e+03   6.1783798e-04
   1.4230000e+03   1.3154736e+03   6.2089897e-04
   1.4240000e+03   1.3160636e+03   6.1345274e-04
   1.4250000e+03   1.3166542e+03   6.0724218e-04
   1.4260000e+03   1.3172452e+03   6.0004303e-04
   1.4270000e+03   1.3178368e+03   5.9147040e-04
   1.4280000e+03   1.3184289e+03   5.7810875e-04
   1.4290000e+03   1.3190215e+03   5.6052202e-04
   1.4300000e+03   1.3196146e+03   5.3253596e-04
   1.4310000e+03   1.3202083e+03   5.0718122e-04
   1.4320000e+03   1.3208024e+03   4.7728969e-04
   1.4330000e+03   1.3213971e+03   4.4721111e-04
   1.4340000e+03   1.3219923e+03   4.0345154e-04
   1.4350000e+03   1.3225880e+03   3.7433254e-04
   1.4360000e+03   1.3231842e+03   3.6676962e-04
   1.4370000e+03   1.3237809e+03   3.4352027e-04
   1.4380000e+03   1.3243782e+03   3.8158835e-04
   1.4390000e+03   1.3249759e+03   6.0341342e-04
   1.4400000e+03   1.3255742e+03   1.0373172e-03
   1.4410000e+03   1.3261730e+03   8.6377827e-04
   1.4420000e+03   1.3267724e+03   2.8175418e-04
   1.4430000e+03   1.3273722e+03   2.2603025e-04
   1.4440000e+03   1.3279726e+03   2.9520050e-04
   1.4450000e+03   1.3285735e+03   3.0386717e-04
   1.4460000e+03   1.3291749e+03   2.9913342e-04
   1.4470000e+03   1.3297768e+03   3.0430304e-04
   1.4480000e+03   1.3303793e+03   3.1335990e-04
   1.4490000e+03   1.3309823e+03   3.2430499e-04
   1.4500000e+03   1.3315858e+03   3.2525130e-04
   1.4510000e+03   1.3321898e+03   3.2985995e-04
   1.4520000e+03   1.3327944e+03   3.6639117e-04
   1.4530000e+03   1.3333995e+03   3.8754614e-04
   1.4540000e+03   1.3340051e+03   4.0061508e-04
   1.4550000e+03   1.3346113e+03   4.1520284e-04
   1.4560000e+03   1.3352180e+03   4.2393626e-04
   1.4570000e+03   1.3358252e+03   4.3076458e-04
   1.4580000e+03   1.3364329e+03   4.4324500e-04
   1.4590000e+03   1.3370412e+03   4.5418808e-04
   1.4600000e+03   1.3376500e+03   4.3366544e-04
   1.4610000e+03   1.3382593e+03   4.1698107e-04
   1.4620000e+03   1.3388692e+03   4.0294145e-04
   1.4630000e+03   1.3381662e+03   4.2116631e-04
   1.4640000e+03   1.3386744e+03   4.0559739e-04
   1.4650000e+03   1.3391829e+03   3.9664551e-04
   1.4660000e+03   1.3396919e+03   3.8370332e-04
   1.4670000e+03   1.3402013e+03   3.5805844e-04
   1.4680000e+03   1.3407110e+03   3.3155184e-04
   1.4690000e+03   1.3412212e+03   3.2880055e-04
   1.4700000e+03   1.3417318e+03   3.1981691e-04
   1.4710000e+03   1.3422428e+03   3.0233961e-04
   1.4720000e+03   1.3427542e+03   3.1032800e-04
   1.4730000e+03   1.3432660e+03   2.8674918e-04
   1.4740000e+03   1.3437782e+03   2.3038304e-04
   1.4750000e+03   1.3442909e+03   1.8823727e-04
   1.4760000e+03   1.3448039e+03   1.6429421e-04
   1.4770000e+03   1.3453174e+03   1.4427119e-04
   1.4780000e+03   1.3458312e+03   1.2630379e-04
   1.4790000e+03   1.3463455e+03   1.1135143e-04
   1.4800000e+03   1.3468602e+03   9.6648797e-05
   1.4810000e+03   1.3473753e+03   8.4316870e-05
   1.4820000e+03   1.3478908e+03   7.3823959e-05
   1.4830000e+03   1.3484067e+03   6.5424437e-05
   1.4840000e+03   1.3489230e+03   5.9231626e-05
   1.4850000e+03   1.3494398e+03   5.2848837e-05
   1.4860000e+03   1.3499570e+03   4.7545912e-05
   1.4870000e+03   1.3504745e+03   4.1982856e-05
   1.4880000e+03   1.3509925e+03   3.7482732e-05
   1.4890000e+03   1.3515109e+03   3.4252751e-05
   1.4900000e+03   1.3520298e+03   3.0166559e-05
   1.4910000e+03   1.3525490e+03   2.6531166e-05
   1.4920000e+03   1.3530687e+03   2.3157262e-05
   1.4930000e+03   1.3535887e+03   2.0274564e-05
   1.4940000e+03   1.3541092e+03   1.8027484e-05
   1.4950000e+03   1.3546301e+03   1.5521474e-05
   2.4240000e+03   8.5283794e+02   2.7868503e-05
   2.4250000e+03   8.5118646e+02   2.1366334e-05
   2.4260000e+03   9.0412005e+02   1.2831596e-04
   2.4270000e+03   9.0445904e+02   1.2933740e-04
   2.4280000e+03   9.0479804e+02   1.1742609e-04
   2.4290000e+03   9.0513704e+02   1.1817238e-04
   2.4300000e+03   9.0547604e+02   1.1979583e-04
   2.4310000e+03   9.0581504e+02   1.2000104e-04
   2.4320000e+03   9.0615403e+02   1.2017577e-04
   2.4330000e+03   9.0649303e+02   1.2110518e-04
   2.4340000e+03   9.0683203e+02   1.2108067e-04
   2.4350000e+03   9.0717103e+02   1.2110102e-04
   2.4360000e+03   9.0751002e+02   1.2243637e-04
   2.4370000e+03   9.0784902e+02   1.1981519e-04
   2.4380000e+03   9.0818802e+02   1.1912912e-04
   2.4390000e+03   9.0852702e+02   1.1735670e-04
   2.4400000e+03   9.0886602e+02   1.1649178e-04
   2.4410000e+03   9.0920501e+02   1.1352697e-04
   2.4420000e+03   9.0954401e+02   1.1331266e-04
   2.4430000e+03   9.0988301e+02   1.1056584e-04
   2.4440000e+03   9.1022201e+02   1.0792187e-04
   2.4450000e+03   9.1056101e+02   1.0654130e-04
   2.4460000e+03   9.1090000e+02   1.0316491e-04
   2.6240000e+03   1.2736630e+03   1.5759594e-05
   2.6250000e+03   1.2741975e+03   1.6988557e-05
   2.6260000e+03   1.2747321e+03   1.8667613e-05
   2.6270000e+03   1.2752666e+03   2.0720154e-05
   2.6280000e+03   1.2758011e+03   2.2433790e-05
   2.6290000e+03   1.2763357e+03   2.4529575e-05
   2.6300000e+03   1.2768702e+03   2.6254829e-05
   2.6310000e+03   1.2774047e+03   2.8977591e-05
   2.6320000e+03   1.2779393e+03   3.1921713e-05
   2.6330000e+03   1.2784738e+03   3.4521467e-05
   2.6340000e+03   1.2790084e+03   3.8263645e-05
   2.6350000e+03   1.2795429e+03   4.2178212e-05
   2.6360000e+03   1.2800774e+03   4.4699227e-05
   2.6370000e+03   1.2806120e+03   4.5490643e-05
   2.6380000e+03   1.2811465e+03   4.8895180e-05
   2.6390000e+03   1.2816810e+03   5.2894303e-05
   2.6400000e+03   1.2822156e+03   5.6284052e-05
   2.6410000e+03   1.2827501e+03   5.9857181e-05
   2.6420000e+03   1.2832846e+03   6.3294653e-05
   2.6430000e+03   1.2838192e+03   6.7675792e-05
   2.6440000e+03   1.3394790e+03   3.8975305e-04
   2.6450000e+03   1.3376580e+03   4.3273662e-04
