   1.2650000e+03   1.2179829e+03
   1.2660000e+03   1.2184907e+03
   1.2670000e+03   1.2189990e+03
   1.2690000e+03   1.2200168e+03
   1.2700000e+03   1.2205264e+03
   1.2710000e+03   1.2210363e+03
   1.2720000e+03   1.2215466e+03
   1.2780000e+03   1.2246177e+03
   1.2790000e+03   1.2251310e+03
   1.2800000e+03   1.2256448e+03
   1.2810000e+03   1.2261589e+03
   1.2820000e+03   1.2266736e+03
   1.2830000e+03   1.2271886e+03
   1.2870000e+03   1.2292532e+03
   1.3050000e+03   1.2386289e+03
   1.3060000e+03   1.2391539e+03
   1.3070000e+03   1.2396794e+03
   1.3080000e+03   1.2402053e+03
   1.3120000e+03   1.2423134e+03
   1.3130000e+03   1.2428414e+03
   1.3140000e+03   1.2433700e+03
   1.3150000e+03   1.2438989e+03
   1.3160000e+03   1.2444285e+03
   1.3230000e+03   1.2481470e+03
   1.3240000e+03   1.2486799e+03
   1.3280000e+03   1.2508164e+03
   1.3290000e+03   1.2513517e+03
   1.3300000e+03   1.2518873e+03
   1.3310000e+03   1.2524236e+03
   1.3320000e+03   1.2529601e+03
   1.3330000e+03   1.2534972e+03
   1.3400000e+03   1.2572693e+03
   1.3410000e+03   1.2578099e+03
   1.3420000e+03   1.2583511e+03
   1.3430000e+03   1.2588927e+03
   1.3460000e+03   1.2605203e+03
   1.3470000e+03   1.2610637e+03
   1.3520000e+03   1.2637877e+03
   1.3530000e+03   1.2643340e+03
   1.3540000e+03   1.2648806e+03
   1.3550000e+03   1.2654277e+03
   1.3560000e+03   1.2659753e+03
   1.3570000e+03   1.2665233e+03
   1.3580000e+03   1.2670719e+03
   1.3590000e+03   1.2676208e+03
   1.3600000e+03   1.2681703e+03
   1.3610000e+03   1.2687202e+03
   1.3630000e+03   1.2698214e+03
   1.3640000e+03   1.2703728e+03
   1.3660000e+03   1.2714768e+03
   1.3680000e+03   1.2725826e+03
   1.3690000e+03   1.2843424e+03
   1.3700000e+03   1.2849056e+03
   1.3710000e+03   1.2854695e+03
   1.3720000e+03   1.2860337e+03
   1.3730000e+03   1.2865985e+03
   1.3740000e+03   1.2871637e+03
   1.3750000e+03   1.2877294e+03
   1.3760000e+03   1.2882955e+03
   1.3770000e+03   1.2888623e+03
   1.3780000e+03   1.2894294e+03
   1.3790000e+03   1.2899971e+03
   1.3800000e+03   1.2905652e+03
   1.3810000e+03   1.2911338e+03
   1.3820000e+03   1.2917029e+03
   1.3830000e+03   1.2922725e+03
   1.3890000e+03   1.2957002e+03
   1.3900000e+03   1.2962733e+03
   1.3910000e+03   1.2968468e+03
   1.4100000e+03   1.3078375e+03
   1.4110000e+03   1.3084209e+03
   1.4120000e+03   1.3090049e+03
   1.4170000e+03   1.3119323e+03
   1.4180000e+03   1.3125192e+03
   1.4190000e+03   1.3131067e+03
   1.4200000e+03   1.3136947e+03
   1.4210000e+03   1.3142832e+03
   1.4220000e+03   1.3148722e+03
   1.4230000e+03   1.3154618e+03
   1.4240000e+03   1.3160518e+03
   1.4250000e+03   1.3166423e+03
   1.4260000e+03   1.3172334e+03
   1.4270000e+03   1.3178250e+03
   1.4280000e+03   1.3184171e+03
   1.4290000e+03   1.3190096e+03
   1.4300000e+03   1.3196028e+03
   1.4310000e+03   1.3201964e+03
   1.4320000e+03   1.3207905e+03
   1.4330000e+03   1.3213851e+03
   1.4350000e+03   1.3225760e+03
   1.4360000e+03   1.3231722e+03
   1.4370000e+03   1.3237689e+03
   1.4380000e+03   1.3243662e+03
   1.4390000e+03   1.3249640e+03
   1.4400000e+03   1.3255623e+03
   1.4410000e+03   1.3261610e+03
   1.4430000e+03   1.3273602e+03
   1.4440000e+03   1.3279606e+03
   1.4450000e+03   1.3285614e+03
   1.4460000e+03   1.3291628e+03
   1.4470000e+03   1.3297648e+03
   1.4480000e+03   1.3303672e+03
   1.4530000e+03   1.3333875e+03
   1.4540000e+03   1.3339930e+03
   1.4550000e+03   1.3345991e+03
   1.4560000e+03   1.3352058e+03
   1.4570000e+03   1.3358130e+03
   1.4580000e+03   1.3364208e+03
   1.4590000e+03   1.3370291e+03
   1.4610000e+03   1.3382471e+03
   1.4620000e+03   1.3388569e+03
   1.4630000e+03   1.3381561e+03
   1.4640000e+03   1.3386642e+03
   1.4650000e+03   1.3391727e+03
   1.4660000e+03   1.3396818e+03
   1.4670000e+03   1.3401910e+03
   1.4680000e+03   1.3407008e+03
   1.4740000e+03   1.3437679e+03
   1.4750000e+03   1.3442806e+03
   1.4760000e+03   1.3447937e+03
   1.4770000e+03   1.3453071e+03
   1.4780000e+03   1.3458209e+03
   1.4840000e+03   1.3489127e+03
   1.4850000e+03   1.3494294e+03
   1.4860000e+03   1.3499467e+03
   1.4890000e+03   1.3515006e+03
   1.4900000e+03   1.3520194e+03
   1.4910000e+03   1.3525386e+03
   1.4940000e+03   1.3540989e+03
   1.4950000e+03   1.3546198e+03
   1.5000000e+03   1.3572305e+03
   1.5010000e+03   1.3577539e+03
   1.5020000e+03   1.3582778e+03
   1.5030000e+03   1.3588020e+03
   1.5040000e+03   1.3593267e+03
   1.5070000e+03   1.3609033e+03
   1.5080000e+03   1.3614297e+03
   1.5090000e+03   1.3619564e+03
   1.5100000e+03   1.3624836e+03
   1.5110000e+03   1.3630114e+03
   1.5120000e+03   1.3635394e+03
   1.5130000e+03   1.3640679e+03
   1.5140000e+03   1.3645968e+03
   1.5190000e+03   1.3672479e+03
   1.5200000e+03   1.3677794e+03
   1.5220000e+03   1.3688436e+03
   1.5230000e+03   1.3693765e+03
   1.5240000e+03   1.3699097e+03
   1.5250000e+03   1.3704432e+03
   1.5260000e+03   1.3709773e+03
   1.5270000e+03   1.3715118e+03
   1.5280000e+03   1.3720468e+03
   1.5290000e+03   1.3725822e+03
   1.5300000e+03   1.3731179e+03
   1.5310000e+03   1.3736542e+03
   1.5320000e+03   1.3741909e+03
   1.5330000e+03   1.3747280e+03
   1.5340000e+03   1.3752655e+03
   1.5350000e+03   1.3758035e+03
   1.5360000e+03   1.3763419e+03
   1.5370000e+03   1.3768807e+03
   1.5380000e+03   1.3774200e+03
   1.5390000e+03   1.3779598e+03
   1.5400000e+03   1.3785000e+03
   1.5410000e+03   1.3790405e+03
   1.5420000e+03   1.3795815e+03
   1.5430000e+03   1.3801230e+03
   1.5440000e+03   1.3806650e+03
   1.5450000e+03   1.3812074e+03
   1.5460000e+03   1.3817501e+03
   1.5470000e+03   1.3822933e+03
   1.5480000e+03   1.3828370e+03
   1.5490000e+03   1.3833812e+03
   1.5500000e+03   1.3839258e+03
   1.5510000e+03   1.3844707e+03
   1.5520000e+03   1.3850162e+03
   1.5530000e+03   1.3855621e+03
   1.5730000e+03   1.3965739e+03
   1.5740000e+03   1.3971293e+03
   1.6010000e+03   1.4122961e+03
   1.6020000e+03   1.4128644e+03
   1.6030000e+03   1.4134330e+03
   1.6240000e+03   1.4254844e+03
   1.6250000e+03   1.4260635e+03
   1.6370000e+03   1.4330502e+03
   1.6380000e+03   1.4336355e+03
   1.6500000e+03   1.4406980e+03
   1.6510000e+03   1.4412897e+03
   1.6630000e+03   1.4651392e+03
   1.6640000e+03   1.4657516e+03
   1.6650000e+03   1.4663644e+03
   1.6780000e+03   1.4743785e+03
   1.6790000e+03   1.4749985e+03
   1.6910000e+03   1.4824801e+03
   1.6920000e+03   1.4831069e+03
   1.6930000e+03   1.4837344e+03
   1.6940000e+03   1.4843623e+03
   1.7070000e+03   1.4925732e+03
   1.7080000e+03   1.4932086e+03
   1.7220000e+03   1.5021598e+03
   1.7230000e+03   1.5028032e+03
   1.7610000e+03   1.5410897e+03
   1.7620000e+03   1.5417656e+03
   1.7630000e+03   1.5424420e+03
   1.7640000e+03   1.5431190e+03
   1.7650000e+03   1.5437968e+03
   1.7710000e+03   1.5478746e+03
   1.7720000e+03   1.5485563e+03
   1.7750000e+03   1.5506049e+03
   1.7760000e+03   1.5512889e+03
   1.8280000e+03   1.5876813e+03
   1.8290000e+03   1.5883973e+03
   1.8430000e+03   1.5984871e+03
   1.8440000e+03   1.5992124e+03
   1.8450000e+03   1.5999385e+03
   1.8580000e+03   1.6094349e+03
   1.8590000e+03   1.6101699e+03
   1.8600000e+03   1.6109055e+03
   2.6110000e+03   1.2107084e+03
   2.6120000e+03   1.2112301e+03
   2.6130000e+03   1.2117517e+03
   2.6140000e+03   1.2122733e+03
   2.6200000e+03   1.2154036e+03
   2.6230000e+03   1.2731171e+03
   2.6240000e+03   1.2736517e+03
   2.6350000e+03   1.2795316e+03
   2.6360000e+03   1.2800660e+03
   2.6370000e+03   1.2806007e+03
   2.6380000e+03   1.2811351e+03
   2.6390000e+03   1.2816697e+03
   2.6440000e+03   1.3394668e+03
   2.6540000e+03   1.4482250e+03
   2.6550000e+03   1.4487980e+03
   2.6560000e+03   1.4493711e+03
   2.6570000e+03   1.4499441e+03
   2.6620000e+03   1.4528092e+03
   2.6630000e+03   1.4533822e+03
   2.6640000e+03   1.4539552e+03
   2.6690000e+03   1.4568204e+03
   2.6700000e+03   1.4573934e+03
   2.6710000e+03   1.4579664e+03
   2.6850000e+03   1.5340436e+03
   2.6860000e+03   1.5346842e+03
   2.6870000e+03   1.5353247e+03
   2.6880000e+03   1.5359653e+03
   2.6890000e+03   1.5366058e+03
   2.6900000e+03   1.5372463e+03
   2.6910000e+03   1.5378868e+03
   2.6920000e+03   1.5385275e+03
   2.6930000e+03   1.5391681e+03
   2.6940000e+03   1.5398086e+03
   2.6950000e+03   1.5404492e+03
   2.6960000e+03   1.6145928e+03
