    1   649.62
    2   649.86
    3   650.09
    4   650.33
    5   650.57
    6   650.81
    7   651.05
    8   651.29
    9   651.53
   10   651.77
   11   652.01
   12   652.25
   13   652.49
   14   652.73
   15   652.97
   16   653.21
   17   653.45
   18   653.70
   19   653.94
   20   654.18
   21   654.42
   22   654.66
   23   654.91
   24   655.15
   25   655.39
   26   655.63
   27   655.88
   28   656.12
   29   656.36
   30   656.61
   31   656.85
   32   657.10
   33   657.34
   34   657.59
   35   657.83
   36   658.08
   37   658.32
   38   658.57
   39   658.81
   40   659.06
   41   659.30
   42   659.55
   43   659.79
   44   660.04
   45   660.29
   46   660.53
   47   660.78
   48   661.03
   49   661.28
   50   661.52
   51   661.77
   52   662.02
   53   662.27
   54   662.52
   55   662.77
   56   663.01
   57   663.26
   58   663.51
   59   663.76
   60   664.01
   61   664.26
   62   664.51
   63   664.76
   64   665.01
   65   665.26
   66   665.51
   67   665.76
   68   666.02
   69   666.27
   70   666.52
   71   666.77
   72   667.02
   73   667.27
   74   667.53
   75   667.78
   76   668.03
   77   668.29
   78   668.54
   79   668.79
   80   669.05
   81   669.30
   82   669.55
   83   669.81
   84   670.06
   85   670.32
   86   670.57
   87   670.83
   88   671.08
   89   671.34
   90   671.59
   91   671.85
   92   672.11
   93   672.36
   94   672.62
   95   672.87
   96   673.13
   97   673.39
   98   673.65
   99   673.90
  100   674.16
  101   674.42
  102   674.68
  103   674.94
  104   675.19
  105   675.45
  106   675.71
  107   675.97
  108   676.23
  109   676.49
  110   676.75
  111   677.01
  112   677.27
  113   677.53
  114   677.79
  115   678.05
  116   678.31
  117   678.57
  118   678.84
  119   679.10
  120   679.36
  121   679.62
  122   679.88
  123   680.15
  124   680.41
  125   680.67
  126   680.94
  127   681.20
  128   681.46
  129   681.73
  130   681.99
  131   687.60
  132   687.87
  133   688.14
  134   688.41
  135   688.68
  136   688.95
  137   689.22
  138   689.49
  139   689.76
  140   690.03
  141   690.30
  142   690.57
  143   690.84
  144   691.12
  145   691.39
  146   691.66
  147   691.93
  148   692.21
  149   692.48
  150   692.75
  151   693.03
  152   693.30
  153   693.57
  154   693.85
  155   694.12
  156   694.40
  157   694.67
  158   694.95
  159   695.22
  160   695.50
  161   695.77
  162   696.05
  163   696.33
  164   696.60
  165   696.88
  166   697.15
  167   697.43
  168   697.71
  169   697.99
  170   698.26
  171   698.54
  172   698.82
  173   699.10
  174   699.38
  175   699.66
  176   699.94
  177   700.22
  178   700.49
  179   700.77
  180   701.05
  181   701.33
  182   701.62
  183   701.90
  184   702.18
  185   702.46
  186   702.74
  187   703.02
  188   703.30
  189   703.59
  190   703.87
  191   704.15
  192   704.43
  193   704.72
  194   705.00
  195   705.28
  196   705.57
  197   705.85
  198   706.13
  199   706.42
  200   706.70
  201   706.99
  202   707.27
  203   707.56
  204   707.84
  205   708.13
  206   708.42
  207   708.70
  208   708.99
  209   709.28
  210   709.56
  211   709.85
  212   710.14
  213   710.43
  214   710.71
  215   711.00
  216   711.29
  217   711.58
  218   711.87
  219   712.16
  220   712.45
  221   712.74
  222   713.03
  223   713.32
  224   713.61
  225   713.90
  226   714.19
  227   714.48
  228   714.77
  229   715.06
  230   715.35
  231   715.65
  232   715.94
  233   716.23
  234   716.52
  235   716.82
  236   717.11
  237   717.40
  238   717.70
  239   717.99
  240   718.28
  241   718.58
  242   718.87
  243   719.17
  244   719.46
  245   719.76
  246   720.06
  247   720.35
  248   720.65
  249   720.94
  250   721.24
  251   721.54
  252   721.83
  253   722.13
  254   722.43
  255   722.73
  256   723.03
  257   723.32
  258   723.62
  259   723.92
  260   724.22
  261   724.52
  262   724.82
  263   725.12
  264   725.42
  265   725.72
  266   726.02
  267   726.32
  268   726.62
  269   726.93
  270   727.23
  271   727.53
  272   727.83
  273   728.13
  274   728.44
  275   728.05
  276   728.35
  277   728.66
  278   728.96
  279   729.26
  280   729.57
  281   729.87
  282   730.17
  283   730.48
  284   730.78
  285   731.09
  286   731.39
  287   731.70
  288   732.00
  289   732.31
  290   732.61
  291   732.92
  292   733.23
  293   733.53
  294   733.84
  295   734.15
  296   734.45
  297   734.76
  298   735.07
  299   735.38
  300   735.69
  301   736.00
  302   736.30
  303   736.61
  304   736.92
  305   737.23
  306   737.54
  307   737.85
  308   738.16
  309   738.47
  310   738.79
  311   739.10
  312   739.41
  313   739.72
  314   740.03
  315   740.34
  316   740.66
  317   740.97
  318   741.28
  319   741.60
  320   741.91
  321   742.22
  322   742.54
  323   742.85
  324   743.17
  325   743.48
  326   743.80
  327   744.11
  328   744.43
  329   744.74
  330   745.06
  331   745.38
  332   745.69
  333   746.01
  334   746.33
  335   746.65
  336   746.96
  337   747.28
  338   747.60
  339   747.92
  340   748.24
  341   748.56
  342   748.88
  343   749.20
  344   749.52
  345   749.84
  346   750.16
  347   750.48
  348   750.80
  349   751.12
  350   751.44
  351   751.76
  352   752.09
  353   752.41
  354   752.73
  355   753.05
  356   753.38
  357   753.70
  358   754.02
  359   754.35
  360   754.67
  361   755.00
  362   755.32
  363   755.65
  364   755.97
  365   756.30
  366   756.62
  367   756.95
  368   757.28
  369   757.60
  370   757.93
  371   758.26
  372   758.59
  373   758.91
  374   759.24
  375   759.57
  376   759.90
  377   760.23
  378   760.56
  379   760.89
  380   761.22
  381   761.55
  382   761.88
  383   762.21
  384   762.54
  385   762.87
  386   763.20
  387   763.53
  388   763.87
  389   764.20
  390   764.53
  391   764.86
  392   765.20
  393   765.53
  394   765.86
  395   766.20
  396   766.53
  397   766.87
  398   767.20
  399   767.54
  400   767.87
  401   768.21
  402   768.54
  403   768.88
  404   769.22
  405   769.55
  406   769.89
  407   770.23
  408   770.57
  409   770.91
  410   771.24
  411   771.58
  412   771.92
  413   772.26
  414   772.60
  415   772.94
  416   773.28
  417   773.62
  418   773.96
  419   774.30
  420   774.64
  421   774.98
  422   775.33
  423   775.67
  424   776.01
  425   776.35
  426   776.70
  427   777.04
  428   777.38
  429   777.73
  430   778.07
  431   778.42
  432   778.76
  433   779.11
  434   779.45
  435   779.80
  436   780.14
  437   780.49
  438   780.84
  439   781.18
  440   781.53
  441   781.88
  443   789.61
  444   789.97
  445   790.32
  446   790.68
  447   791.03
  448   791.39
  449   791.74
  450   792.10
  451   792.45
  452   792.81
  453   793.17
  454   793.52
  455   793.88
  458   794.96
  459   795.31
  460   795.67
  463   796.75
  464   797.11
  467   798.20
  468   798.56
  471   799.64
  472   800.01
  473   800.37
  475   801.10
  476   801.46
  477   801.82
  480   802.92
  481   803.28
  482   803.65
  484   804.38
  485   804.75
  486   805.12
  488   805.85
  489   806.22
  490   806.59
  492   807.33
  493   807.70
  494   808.07
  497   809.18
  498   809.55
  499   809.92
  501   810.66
  502   811.03
  503   811.41
  505   812.15
  506   812.53
  507   812.90
  509   813.65
  510   814.02
  511   814.40
  513   815.15
  514   815.53
  515   815.90
  518   817.04
  519   817.41
  522   818.55
  523   818.93
  526   820.07
  527   820.45
  530   821.59
  531   821.97
  535   823.51
  547   828.13
  548   828.52
  802   922.73
  803   923.09
  813   926.75
  814   927.12
  819   928.96
  820   929.33
  824   930.81
  825   931.18
  829   932.67
  830   933.04
  831   933.41
  834   934.53
  835   934.90
  836   935.28
  839   936.40
  840   936.78
  841   937.15
  844   938.28
  845   938.66
  846   939.03
  849   940.17
  850   940.55
  851   940.93
  854   942.06
  855   942.44
  856   942.82
  858   943.59
  859   943.97
  860   944.35
  861   944.73
  863   945.49
  864   945.88
  865   946.26
  868   947.41
  869   947.80
  870   948.18
  872   948.95
  873   949.34
  874   949.72
  875   950.11
  877   950.88
  878   951.27
  879   951.66
  881   952.43
  882   952.82
  883   953.21
  885   953.99
  886   954.38
  887   954.77
  890   955.94
  891   956.33
  892   956.72
  894   957.51
  895   957.90
  896   958.30
  898   959.08
  899   959.48
  905   961.85
  908   963.04
  909   963.43
  911   964.23
  912   964.63
  913   965.03
  915   965.83
  916   966.23
  917   966.63
  919   967.43
  920   967.83
  921   968.23
  922   968.63
  923   969.03
  924   969.43
  925   969.84
  926   970.24
  927   970.64
  928   971.05
  929   971.45
  930   971.86
  931   972.26
  932   972.67
  933   973.07
  934   973.48
  935   973.88
  936   974.29
  937   973.81
  938   974.22
  939   974.63
  940   975.03
  941   975.44
  942   975.85
  943   976.26
  944   976.67
  945   977.08
  946   977.48
  947   977.89
  948   978.30
  949   978.71
  950   979.12
  951   979.54
  952   979.95
  953   980.36
  954   980.77
  955   981.18
  956   981.59
  957   982.01
  958   982.42
  959   982.83
  960   983.25
  961   983.66
  962   984.08
  963   984.49
  964   984.91
  965   985.32
  966   985.74
  968   986.57
  970   987.41
  971   987.82
 1071  1031.43
 1075  1033.26
 1076  1033.71
 1079  1035.08
 1080  1035.54
 1084  1037.38
 1085  1037.84
 1088  1039.22
 1089  1039.68
 1092  1041.07
 1093  1041.54
 1096  1042.93
 1097  1043.39
 1100  1044.79
 1101  1045.26
 1104  1056.07
 1106  1057.02
 1107  1057.50
 1109  1058.45
 1110  1058.93
 1111  1059.41
 1113  1060.37
 1114  1060.85
 1116  1061.81
 1117  1062.29
 1121  1064.22
 1122  1064.70
 1124  1065.67
 1125  1066.15
 1127  1067.12
 1128  1067.60
 1129  1068.09
 1130  1068.58
 1131  1069.06
 1132  1069.55
 1133  1070.04
 1134  1070.53
 1135  1071.01
 1136  1071.50
 1137  1071.99
 1138  1072.48
 1139  1072.97
 1140  1073.46
 1141  1073.95
 1142  1074.44
 1143  1074.93
 1144  1075.43
 1145  1075.92
 1146  1076.41
 1147  1076.91
 1148  1077.40
 1149  1077.89
 1150  1078.39
 1151  1078.88
 1152  1079.38
 1153  1079.87
 1154  1080.37
 1155  1080.87
 1156  1081.37
 1157  1081.86
 1158  1082.36
 1159  1082.86
 1160  1083.36
 1161  1083.86
 1162  1084.36
 1163  1084.86
 1164  1085.36
 1165  1085.86
 1166  1086.36
 1167  1086.86
 1168  1087.37
 1169  1087.87
 1170  1088.37
 1171  1088.88
 1172  1089.38
 1173  1089.89
 1174  1090.39
 1175  1090.90
 1176  1091.40
 1177  1091.91
 1178  1092.42
 1179  1092.92
 1894  2208.05
 1895  2208.98
 1896  2209.91
 1897  2210.84
 1899  2212.70
 1900  2213.63
 1901  2214.56
 1902  2215.50
 1903  2216.43
 1904  2217.36
 1905  2218.30
 1906  2219.24
 1907  2220.17
 1908  2221.11
 1909  2222.05
 1910  2222.99
 1911  2223.93
 1912  2224.87
 1913  2225.81
 1914  2226.75
 1915  2227.69
 1916  2228.64
 1917  2229.58
 1918  2230.53
 1919  2231.47
 1920  2232.42
 1921  2233.37
 1922  2234.32
 1923  2235.27
 1924  2236.22
 1925  2237.17
 1926  2238.12
 1927  2239.07
 1928  2240.02
 1929  2240.98
 1930  2241.93
 1931  2242.89
 1932  2243.84
 1933  2244.80
 1934  2245.76
 1935  2246.72
 1936  2247.68
 1937  2248.64
 1938  2249.60
 1939  2250.56
 1940  2251.52
 1941  2252.49
 1942  2253.45
 1943  2254.42
 1944  2255.38
 1945  2256.35
 1946  2257.32
 1947  2258.29
 1948  2259.25
 1949  2260.22
 1950  2261.20
 1951  2262.17
 1952  2263.14
 1953  2264.11
 1954  2265.09
 1955  2266.06
 1956  2267.04
 1957  2268.01
 1958  2268.99
 1959  2269.97
 1960  2270.95
 1961  2271.93
 1962  2272.91
 1963  2273.89
 1964  2274.87
 1965  2275.85
 1966  2276.84
 1967  2277.82
 1968  2278.81
 1969  2279.80
 1970  2280.78
 1971  2281.77
 1972  2282.76
 1973  2283.75
 1974  2284.74
 1975  2285.73
 1976  2286.72
 1977  2287.72
 1978  2288.71
 1979  2289.70
 1980  2290.70
 1981  2291.70
 1982  2292.69
 1983  2293.69
 1984  2294.69
 1985  2295.69
 1986  2296.69
 1987  2297.69
 1988  2298.69
 1989  2299.70
 1990  2300.70
 1991  2301.71
 1992  2302.71
 1993  2303.72
 1994  2304.73
 1995  2305.73
 1996  2306.74
 1997  2307.75
 1998  2308.76
 1999  2309.78
 2000  2310.79
 2001  2311.80
 2002  2312.81
 2003  2313.83
 2004  2314.85
 2005  2315.86
 2006  2316.88
 2007  2317.90
 2008  2318.92
 2009  2319.94
 2010  2320.96
 2011  2321.98
 2012  2323.00
 2013  2324.03
 2014  2325.05
 2015  2299.79
 2016  2300.69
 2017  2301.60
 2018  2302.51
 2019  2303.41
 2020  2304.32
 2021  2305.23
 2022  2306.14
 2023  2307.05
 2024  2307.96
 2025  2308.87
 2026  2309.78
 2027  2310.69
 2028  2311.61
 2029  2312.52
 2030  2313.44
 2031  2314.35
 2032  2315.27
 2033  2316.18
 2034  2317.10
 2035  2318.02
 2036  2318.94
 2037  2319.86
 2038  2320.78
 2039  2321.70
 2040  2322.63
 2041  2323.55
 2042  2324.47
 2043  2325.40
 2044  2326.32
 2045  2327.25
 2046  2328.18
 2047  2329.11
 2048  2330.03
 2049  2330.96
 2050  2331.89
 2051  2332.82
 2052  2333.76
 2053  2334.69
 2054  2335.62
 2055  2336.55
 2056  2337.49
 2057  2338.42
 2058  2339.36
 2059  2340.30
 2060  2341.24
 2061  2342.17
 2062  2343.11
 2063  2344.05
 2064  2344.99
 2065  2345.94
 2066  2346.88
 2067  2347.82
 2068  2348.77
 2069  2349.71
 2070  2350.66
 2071  2351.60
 2072  2352.55
 2073  2353.50
 2074  2354.45
 2075  2355.39
 2076  2356.34
 2077  2357.30
 2078  2358.25
 2079  2359.20
 2080  2360.15
 2081  2361.11
 2082  2362.06
 2083  2363.02
 2084  2363.97
 2085  2364.93
 2086  2365.89
 2087  2366.85
 2088  2367.81
 2089  2368.77
 2090  2369.73
 2091  2370.69
 2092  2371.65
 2093  2372.62
 2094  2373.58
 2095  2374.55
 2096  2375.51
 2097  2376.48
 2098  2377.45
 2099  2378.42
 2100  2379.39
 2101  2380.36
 2102  2381.33
 2103  2382.30
 2104  2383.27
 2105  2384.24
 2106  2385.22
 2107  2386.19
 2108  2387.17
 2109  2388.14
 2110  2389.12
 2111  2390.10
 2112  2391.08
 2113  2392.06
 2114  2393.04
 2115  2394.02
 2116  2395.00
 2117  2395.99
 2118  2396.97
 2119  2397.95
 2120  2398.94
 2121  2399.93
 2122  2400.91
 2123  2401.90
 2124  2402.89
 2125  2403.88
 2126  2404.87
 2127  2405.86
 2128  2406.85
 2129  2407.85
 2130  2408.84
 2131  2409.83
 2132  2410.83
 2133  2411.82
 2134  2412.82
 2135  2413.82
 2136  2414.82
 2137  2415.82
 2138  2416.82
 2139  2417.82
 2140  2418.82
 2141  2419.82
 2142  2420.83
 2143  2421.83
 2144  2422.84
 2145  2446.18
 2146  2447.21
 2147  2448.23
 2148  2449.26
 2149  2450.29
 2150  2451.32
 2151  2452.34
 2152  2453.37
 2153  2454.40
 2154  2455.44
 2155  2456.47
 2156  2457.50
 2157  2458.53
 2158  2459.57
 2159  2460.60
 2160  2461.64
 2161  2462.68
 2162  2463.72
 2163  2464.75
 2164  2465.79
 2165  2466.83
 2166  2467.88
 2167  2468.92
 2168  2469.96
 2169  2471.00
 2170  2472.05
 2171  2473.10
 2172  2474.14
 2173  2475.19
 2174  2476.24
 2175  2477.29
 2176  2478.34
 2177  2479.39
 2178  2480.44
 2179  2481.49
 2180  2482.55
 2181  2483.60
 2182  2484.66
 2183  2485.71
 2184  2486.77
 2185  2487.83
 2186  2488.89
 2187  2489.95
 2188  2491.01
 2189  2492.07
 2190  2493.13
 2191  2494.19
 2379   649.38
 2380   682.25
 2381   682.50
 2382   682.76
 2383   683.01
 2384   683.27
 2385   683.52
 2386   683.77
 2387   684.03
 2388   684.28
 2389   684.54
 2390   684.79
 2391   685.05
 2392   685.30
 2393   685.56
 2394   685.81
 2395   686.07
 2396   686.32
 2397   686.58
 2398   686.83
 2399   687.09
 2400   687.34
 2401   728.74
 2402   727.75
 2403   782.21
 2404   782.55
 2405   782.88
 2406   783.22
 2407   783.56
 2408   783.89
 2411   784.90
 2412   785.23
 2413   785.57
 2414   785.90
 2415   786.24
 2416   786.58
 2417   786.91
 2418   787.25
 2420   787.92
 2421   788.25
 2422   788.59
 2447   974.70
 2448   973.41
 2449  1046.64
 2450  1047.09
 2453  1048.44
 2454  1048.89
 2457  1050.23
 2458  1050.68
 2461  1052.03
 2462  1052.48
 2464  1053.38
 2465  1053.83
 2466  1054.27
 2468  1055.17
 2469  1055.62
 2715  2326.08
 2716  2298.89
 2717  2423.81
 2718  2424.78
 2719  2425.76
 2720  2426.73
 2721  2427.70
 2722  2428.68
 2723  2429.65
 2724  2430.62
 2725  2431.59
 2726  2432.57
 2727  2433.54
 2728  2434.51
 2729  2435.48
 2730  2436.46
 2731  2437.43
 2732  2438.40
 2733  2439.38
 2734  2440.35
 2735  2441.32
 2736  2442.29
 2737  2443.27
 2738  2444.24
 2739  2445.21
