   1.4900000e+02   6.9247931e+02
   1.5000000e+02   6.9275256e+02
   1.9600000e+02   7.0556622e+02
   2.0300000e+02   7.0755890e+02
   2.0600000e+02   7.0841638e+02
   2.0700000e+02   7.0870270e+02
   2.1700000e+02   7.1157880e+02
   2.2000000e+02   7.1244629e+02
   2.2100000e+02   7.1273590e+02
   2.2300000e+02   7.1331592e+02
   2.2400000e+02   7.1360626e+02
   2.2500000e+02   7.1389685e+02
   2.2600000e+02   7.1418768e+02
   2.2900000e+02   7.1506171e+02
   2.3000000e+02   7.1535345e+02
   2.3100000e+02   7.1564551e+02
   2.3200000e+02   7.1593781e+02
   2.3300000e+02   7.1623035e+02
   2.3400000e+02   7.1652313e+02
   2.3500000e+02   7.1681616e+02
   2.3600000e+02   7.1710938e+02
   2.3700000e+02   7.1740289e+02
   2.5200000e+02   7.2183484e+02
   2.5400000e+02   7.2242999e+02
   2.5500000e+02   7.2272791e+02
   2.5600000e+02   7.2302612e+02
   2.5700000e+02   7.2332452e+02
   2.5800000e+02   7.2362323e+02
   2.5900000e+02   7.2392212e+02
   2.6100000e+02   7.2452075e+02
   2.7100000e+02   7.2752887e+02
   2.7300000e+02   7.2813348e+02
   2.7500000e+02   7.2805200e+02
   2.8000000e+02   7.2956635e+02
   2.8100000e+02   7.2986993e+02
   2.8200000e+02   7.3017383e+02
   2.8300000e+02   7.3047797e+02
   2.9100000e+02   7.3292004e+02
   2.9900000e+02   7.3537836e+02
   3.0000000e+02   7.3568677e+02
   3.0300000e+02   7.3661365e+02
   3.0400000e+02   7.3692310e+02
   3.0500000e+02   7.3723285e+02
   3.2400000e+02   7.4316687e+02
   3.2500000e+02   7.4348181e+02
   3.2600000e+02   7.4379700e+02
   3.4600000e+02   7.5015668e+02
   3.4700000e+02   7.5047748e+02
   3.4800000e+02   7.5079852e+02
   3.4900000e+02   7.5111987e+02
   3.7000000e+02   7.5793073e+02
   3.7100000e+02   7.5825806e+02
   9.6700000e+02   9.8615546e+02
   9.6800000e+02   9.8657220e+02
   9.6900000e+02   9.8698926e+02
   9.7000000e+02   9.8740668e+02
   9.7100000e+02   9.8782440e+02
   9.7200000e+02   9.8824255e+02
   9.7300000e+02   9.8866101e+02
   9.7400000e+02   9.8907983e+02
   9.7500000e+02   9.8949896e+02
   9.7600000e+02   9.8991852e+02
   9.7700000e+02   9.9033838e+02
   9.7800000e+02   9.9075861e+02
   9.7900000e+02   9.9117920e+02
   9.8000000e+02   9.9160010e+02
   9.8100000e+02   9.9202136e+02
   9.8200000e+02   9.9244299e+02
   9.8300000e+02   9.9286499e+02
   9.8400000e+02   9.9328735e+02
   9.8500000e+02   9.9371002e+02
   9.8600000e+02   9.9413312e+02
   9.8700000e+02   9.9455652e+02
   9.8800000e+02   9.9498029e+02
   9.8900000e+02   9.9540436e+02
   9.9000000e+02   9.9582886e+02
   9.9100000e+02   9.9625366e+02
   9.9200000e+02   9.9667889e+02
   9.9300000e+02   9.9710443e+02
   9.9400000e+02   9.9753033e+02
   9.9500000e+02   9.9795660e+02
   9.9600000e+02   9.9838324e+02
   9.9700000e+02   9.9881018e+02
   9.9800000e+02   9.9923755e+02
   9.9900000e+02   9.9966522e+02
   1.0000000e+03   1.0000933e+03
   1.0010000e+03   1.0005217e+03
   1.0020000e+03   1.0009505e+03
   1.0030000e+03   1.0013796e+03
   1.0040000e+03   1.0018091e+03
   1.0050000e+03   1.0022390e+03
   1.0060000e+03   1.0026693e+03
   1.0070000e+03   1.0030999e+03
   1.0080000e+03   1.0035308e+03
   1.0090000e+03   1.0039622e+03
   1.0100000e+03   1.0043939e+03
   1.0110000e+03   1.0048259e+03
   1.0120000e+03   1.0052583e+03
   1.0130000e+03   1.0056911e+03
   1.0140000e+03   1.0061243e+03
   1.0150000e+03   1.0065578e+03
   1.0160000e+03   1.0069916e+03
   1.0170000e+03   1.0074259e+03
   1.0180000e+03   1.0078605e+03
   1.0190000e+03   1.0082955e+03
   1.0200000e+03   1.0087309e+03
   1.0210000e+03   1.0091666e+03
   1.0220000e+03   1.0096027e+03
   1.0230000e+03   1.0100392e+03
   1.0240000e+03   1.0104760e+03
   1.0250000e+03   1.0109132e+03
   1.0260000e+03   1.0113508e+03
   1.0270000e+03   1.0117888e+03
   1.0280000e+03   1.0122271e+03
   1.0290000e+03   1.0126658e+03
   1.0300000e+03   1.0131048e+03
   1.0310000e+03   1.0135443e+03
   1.0320000e+03   1.0139841e+03
   1.0330000e+03   1.0144243e+03
   1.0340000e+03   1.0148648e+03
   1.0350000e+03   1.0153057e+03
   1.0360000e+03   1.0157471e+03
   1.0370000e+03   1.0161887e+03
   1.0380000e+03   1.0166308e+03
   1.0390000e+03   1.0170732e+03
   1.0400000e+03   1.0175161e+03
   1.0410000e+03   1.0179592e+03
   1.0420000e+03   1.0184028e+03
   1.0430000e+03   1.0188467e+03
   1.0440000e+03   1.0192911e+03
   1.0450000e+03   1.0197358e+03
   1.0460000e+03   1.0201808e+03
   1.0470000e+03   1.0206263e+03
   1.0480000e+03   1.0210721e+03
   1.0490000e+03   1.0215184e+03
   1.0500000e+03   1.0219650e+03
   1.0510000e+03   1.0224119e+03
   1.0520000e+03   1.0228593e+03
   1.0530000e+03   1.0233071e+03
   1.0540000e+03   1.0237552e+03
   1.0550000e+03   1.0242037e+03
   1.0560000e+03   1.0246526e+03
   1.0570000e+03   1.0251019e+03
   1.0580000e+03   1.0255515e+03
   1.0590000e+03   1.0260016e+03
   1.0600000e+03   1.0264520e+03
   1.0610000e+03   1.0269028e+03
   1.0620000e+03   1.0273541e+03
   1.0630000e+03   1.0278057e+03
   1.0640000e+03   1.0282577e+03
   1.0650000e+03   1.0287100e+03
   1.0660000e+03   1.0291627e+03
   1.0670000e+03   1.0296158e+03
   1.0680000e+03   1.0300695e+03
   1.0690000e+03   1.0305233e+03
   1.0700000e+03   1.0309777e+03
   1.0710000e+03   1.0314324e+03
   1.0720000e+03   1.0318875e+03
   1.0730000e+03   1.0323429e+03
   1.0740000e+03   1.0327988e+03
   1.0750000e+03   1.0332551e+03
   1.0760000e+03   1.0337117e+03
   1.0770000e+03   1.0341688e+03
   1.0780000e+03   1.0346262e+03
   1.0790000e+03   1.0350841e+03
   1.0800000e+03   1.0355422e+03
   1.0810000e+03   1.0360009e+03
   1.0820000e+03   1.0364600e+03
   1.0830000e+03   1.0369193e+03
   1.0840000e+03   1.0373792e+03
   1.0850000e+03   1.0378394e+03
   1.0860000e+03   1.0382999e+03
   1.0870000e+03   1.0387610e+03
   1.0880000e+03   1.0392223e+03
   1.0890000e+03   1.0396841e+03
   1.0900000e+03   1.0401464e+03
   1.0910000e+03   1.0406089e+03
   1.0920000e+03   1.0410719e+03
   1.0930000e+03   1.0415353e+03
   1.0940000e+03   1.0419991e+03
   1.0950000e+03   1.0424633e+03
   1.0960000e+03   1.0429279e+03
   1.0970000e+03   1.0433928e+03
   1.0980000e+03   1.0438583e+03
   1.0990000e+03   1.0443241e+03
   1.1000000e+03   1.0447903e+03
   1.1010000e+03   1.0452568e+03
   1.1020000e+03   1.0457239e+03
   1.1030000e+03   1.0461913e+03
   1.1040000e+03   1.0560706e+03
   1.1050000e+03   1.0565464e+03
   1.1060000e+03   1.0570226e+03
   1.1070000e+03   1.0574993e+03
   1.1080000e+03   1.0579763e+03
   1.1090000e+03   1.0584539e+03
   1.1100000e+03   1.0589316e+03
   1.1110000e+03   1.0594099e+03
   1.1120000e+03   1.0598887e+03
   1.1130000e+03   1.0603678e+03
   1.1140000e+03   1.0608473e+03
   1.1150000e+03   1.0613273e+03
   1.1160000e+03   1.0618075e+03
   1.1170000e+03   1.0622883e+03
   1.1180000e+03   1.0627695e+03
   1.1190000e+03   1.0632511e+03
   1.1200000e+03   1.0637330e+03
   1.1210000e+03   1.0642155e+03
   1.1220000e+03   1.0646984e+03
   1.1230000e+03   1.0651815e+03
   1.1240000e+03   1.0656653e+03
   1.1250000e+03   1.0661493e+03
   1.1260000e+03   1.0666338e+03
   1.1270000e+03   1.0671188e+03
   1.1280000e+03   1.0676041e+03
   1.1290000e+03   1.0680898e+03
   1.1300000e+03   1.0685760e+03
   1.1310000e+03   1.0690626e+03
   1.1320000e+03   1.0695496e+03
   1.1330000e+03   1.0700371e+03
   1.1340000e+03   1.0705249e+03
   1.1350000e+03   1.0710132e+03
   1.1360000e+03   1.0715018e+03
   1.1440000e+03   1.0754268e+03
   1.1550000e+03   1.0808682e+03
   1.1560000e+03   1.0813654e+03
   1.1570000e+03   1.0818630e+03
   1.1660000e+03   1.0863617e+03
   1.1670000e+03   1.0868638e+03
   1.1680000e+03   1.0873662e+03
   1.1690000e+03   1.0878691e+03
   1.1700000e+03   1.0883726e+03
   1.1710000e+03   1.0888763e+03
   1.1720000e+03   1.0893805e+03
   1.1730000e+03   1.0898853e+03
   1.1740000e+03   1.0903904e+03
   1.1770000e+03   1.0919083e+03
   1.1780000e+03   1.0924152e+03
   1.1790000e+03   1.0929225e+03
   1.1800000e+03   1.0934303e+03
   1.1810000e+03   1.0939385e+03
   1.1820000e+03   1.0944471e+03
   1.1830000e+03   1.0949563e+03
   1.1840000e+03   1.0954658e+03
   1.1850000e+03   1.0959758e+03
   1.1860000e+03   1.0964862e+03
   1.1870000e+03   1.0969972e+03
   1.1880000e+03   1.0975085e+03
   1.1890000e+03   1.0980203e+03
   1.1900000e+03   1.0985325e+03
   1.1940000e+03   1.1005859e+03
   1.1970000e+03   1.1021307e+03
   1.1980000e+03   1.1026466e+03
   1.1990000e+03   1.1031630e+03
   1.2000000e+03   1.1036797e+03
   1.2010000e+03   1.1041969e+03
   1.2020000e+03   1.1047146e+03
   1.2030000e+03   1.1052327e+03
   1.2040000e+03   1.1057513e+03
   1.2080000e+03   1.1078302e+03
   1.2090000e+03   1.1083511e+03
   1.2100000e+03   1.1088724e+03
   1.2110000e+03   1.1093942e+03
   1.2120000e+03   1.1099164e+03
   1.2130000e+03   1.1104392e+03
   1.2170000e+03   1.1125347e+03
   1.2180000e+03   1.1130597e+03
   1.2190000e+03   1.1135851e+03
   1.2200000e+03   1.1141111e+03
   1.2210000e+03   1.1146376e+03
   1.2220000e+03   1.1151644e+03
   1.2230000e+03   1.1156918e+03
   1.2240000e+03   1.1162196e+03
   1.2250000e+03   1.1167479e+03
   1.2260000e+03   1.1172766e+03
   1.2270000e+03   1.1178059e+03
   1.2280000e+03   1.1183356e+03
   1.2290000e+03   1.1188657e+03
   1.2300000e+03   1.1193964e+03
   1.2310000e+03   1.1199275e+03
   1.2350000e+03   1.1220566e+03
   1.2360000e+03   1.1225901e+03
   1.2370000e+03   1.1231240e+03
   1.2380000e+03   1.1236584e+03
   1.2390000e+03   1.1241934e+03
   1.2400000e+03   1.1247288e+03
   1.2410000e+03   1.1252645e+03
   1.2420000e+03   1.1258009e+03
   1.2430000e+03   1.1263378e+03
   1.2440000e+03   1.1268750e+03
   1.2450000e+03   1.1274127e+03
   1.2460000e+03   1.1279510e+03
   1.2470000e+03   1.1284897e+03
   1.2480000e+03   1.1290289e+03
   1.2490000e+03   1.1295686e+03
   1.2500000e+03   1.1301088e+03
   1.2510000e+03   1.1306494e+03
   1.2520000e+03   1.1311906e+03
   1.2530000e+03   1.1317322e+03
   1.2540000e+03   1.1322743e+03
   1.2550000e+03   1.1328168e+03
   1.2560000e+03   1.1333599e+03
   1.2570000e+03   1.1339034e+03
   1.2580000e+03   1.1344475e+03
   2.4020000e+03   7.2774963e+02
   2.4490000e+03   1.0466403e+03
   2.4500000e+03   1.0470894e+03
   2.4510000e+03   1.0475383e+03
   2.4520000e+03   1.0479874e+03
   2.4530000e+03   1.0484365e+03
   2.4540000e+03   1.0488856e+03
   2.4550000e+03   1.0493347e+03
   2.4560000e+03   1.0497837e+03
   2.4570000e+03   1.0502328e+03
   2.4580000e+03   1.0506819e+03
   2.4590000e+03   1.0511309e+03
   2.4600000e+03   1.0515800e+03
   2.4610000e+03   1.0520291e+03
   2.4620000e+03   1.0524780e+03
   2.4630000e+03   1.0529271e+03
   2.4640000e+03   1.0533762e+03
   2.4650000e+03   1.0538253e+03
   2.4660000e+03   1.0542744e+03
   2.4670000e+03   1.0547234e+03
   2.4680000e+03   1.0551725e+03
   2.4690000e+03   1.0556216e+03
