 1932  2243.84
 1933  2244.80
 1934  2245.76
 1935  2246.72
 1936  2247.68
 1937  2248.64
 1938  2249.60
 1939  2250.56
 1940  2251.52
 1941  2252.49
 1942  2253.45
 1943  2254.42
 1944  2255.38
 1945  2256.35
 1946  2257.32
 1947  2258.29
 1948  2259.25
 1949  2260.22
 1950  2261.20
 1951  2262.17
 1952  2263.14
 1953  2264.11
 1954  2265.09
 1955  2266.06
 1956  2267.04
 1957  2268.01
 1958  2268.99
 1959  2269.97
 1960  2270.95
 1961  2271.93
 1962  2272.91
 1963  2273.89
 1964  2274.87
 1965  2275.85
 1966  2276.84
 1967  2277.82
 1968  2278.81
 1969  2279.80
 1970  2280.78
 1971  2281.77
 1972  2282.76
 1973  2283.75
 1974  2284.74
 1975  2285.73
 1976  2286.72
 1977  2287.72
 1978  2288.71
 1979  2289.70
 1980  2290.70
 1981  2291.70
 1982  2292.69
 1983  2293.69
 1984  2294.69
 1985  2295.69
 1986  2296.69
 1987  2297.69
 1988  2298.69
 1989  2299.70
 1990  2300.70
 1991  2301.71
 1992  2302.71
 1993  2303.72
 1994  2304.73
 1995  2305.73
 1996  2306.74
 1997  2307.75
 1998  2308.76
 1999  2309.77
 2000  2310.79
 2001  2311.80
 2002  2312.81
 2003  2313.83
 2004  2314.85
 2005  2315.86
 2006  2316.88
 2007  2317.90
 2008  2318.92
 2009  2319.94
 2010  2320.96
 2011  2321.98
 2012  2323.00
 2013  2324.03
 2014  2325.05
 2015  2299.79
 2016  2300.69
 2017  2301.60
 2018  2302.51
 2019  2303.41
 2020  2304.32
 2021  2305.23
 2022  2306.14
 2023  2307.05
 2024  2307.96
 2025  2308.87
 2026  2309.78
 2027  2310.69
 2028  2311.61
 2029  2312.52
 2030  2313.44
 2031  2314.35
 2032  2315.27
 2033  2316.19
 2034  2317.10
 2035  2318.02
 2036  2318.94
 2037  2319.86
 2038  2320.78
 2039  2321.70
 2040  2322.63
 2041  2323.55
 2042  2324.47
 2043  2325.40
 2044  2326.32
 2045  2327.25
 2046  2328.18
 2047  2329.11
 2048  2330.03
 2049  2330.96
 2050  2331.89
 2051  2332.82
 2052  2333.76
 2053  2334.69
 2054  2335.62
 2055  2336.55
 2056  2337.49
 2057  2338.42
 2058  2339.36
 2059  2340.30
 2060  2341.24
 2061  2342.17
 2062  2343.11
 2063  2344.05
 2064  2344.99
 2065  2345.94
 2066  2346.88
 2067  2347.82
 2068  2348.77
 2069  2349.71
 2070  2350.66
 2071  2351.60
 2072  2352.55
 2073  2353.50
 2074  2354.44
 2075  2355.39
 2076  2356.34
 2077  2357.30
 2078  2358.25
 2079  2359.20
 2080  2360.15
 2081  2361.11
 2082  2362.06
 2083  2363.02
 2084  2363.97
 2085  2364.93
 2086  2365.89
 2087  2366.85
 2088  2367.81
 2089  2368.77
 2090  2369.73
 2091  2370.69
 2092  2371.65
 2093  2372.62
 2094  2373.58
 2095  2374.55
 2096  2375.51
 2097  2376.48
 2098  2377.45
 2099  2378.42
 2100  2379.39
 2101  2380.36
 2102  2381.33
 2103  2382.30
 2104  2383.27
 2105  2384.24
 2106  2385.22
 2107  2386.19
 2108  2387.17
 2109  2388.14
 2110  2389.12
 2111  2390.10
 2112  2391.08
 2113  2392.06
 2243  2550.72
 2244  2551.83
 2245  2552.94
 2246  2554.05
 2247  2555.17
 2248  2556.28
 2249  2557.40
 2250  2558.51
 2251  2559.63
 2252  2560.75
 2258  2567.48
 2259  2568.61
 2260  2569.74
 2270  2550.96
 2271  2551.97
 2272  2552.99
 2273  2554.00
 2274  2555.01
 2275  2556.03
 2276  2557.04
 2277  2558.06
 2278  2559.08
 2279  2560.10
 2287  2568.28
 2288  2569.30
 2289  2570.33
 2715  2326.08
 2716  2298.88
