    1   649.62
    2   649.86
    3   650.09
    4   650.33
    5   650.57
    6   650.81
    7   651.05
    8   651.29
    9   651.53
   10   651.77
   11   652.01
   12   652.25
   13   652.49
   14   652.73
   15   652.97
   16   653.21
   17   653.45
   18   653.70
   19   653.94
   20   654.18
   21   654.42
   22   654.66
   23   654.91
   24   655.15
   25   655.39
   26   655.63
   27   655.88
   28   656.12
   29   656.36
   30   656.61
   31   656.85
   32   657.10
   33   657.34
   34   657.59
   35   657.83
   36   658.08
   37   658.32
   38   658.57
   39   658.81
   40   659.06
   41   659.30
   42   659.55
   43   659.79
   44   660.04
   45   660.29
   46   660.53
   47   660.78
   48   661.03
   49   661.28
   50   661.52
   51   661.77
   52   662.02
   53   662.27
   54   662.52
   55   662.77
   56   663.01
   57   663.26
   58   663.51
   59   663.76
   60   664.01
   61   664.26
   62   664.51
   63   664.76
   64   665.01
   65   665.26
   66   665.51
   67   665.76
   68   666.02
   69   666.27
   70   666.52
   71   666.77
   72   667.02
   73   667.27
   74   667.53
   75   667.78
   76   668.03
   77   668.29
   78   668.54
   79   668.79
   80   669.05
   81   669.30
   82   669.55
   83   669.81
   84   670.06
   85   670.32
   86   670.57
   87   670.83
   88   671.08
   89   671.34
   90   671.59
   91   671.85
   92   672.11
   93   672.36
   94   672.62
   95   672.87
   96   673.13
   97   673.39
   98   673.65
   99   673.90
  100   674.16
  101   674.42
  102   674.68
  103   674.94
  104   675.19
  105   675.45
  106   675.71
  107   675.97
  108   676.23
  109   676.49
  110   676.75
  111   677.01
  112   677.27
  113   677.53
  114   677.79
  115   678.05
  116   678.31
  117   678.57
  118   678.84
  119   679.10
  120   679.36
  121   679.62
  122   679.88
  123   680.15
  124   680.41
  125   680.67
  126   680.94
  127   681.20
  128   681.46
  129   681.73
  130   681.99
  131   687.60
  132   687.87
  133   688.14
  134   688.41
  135   688.68
  136   688.95
  137   689.22
  138   689.49
  139   689.76
  140   690.03
  141   690.30
  142   690.57
  143   690.84
  144   691.12
  145   691.39
  146   691.66
  147   691.93
  148   692.21
  151   693.03
  152   693.30
  153   693.57
  154   693.85
  155   694.12
  156   694.40
  157   694.67
  158   694.95
  159   695.22
  160   695.50
  161   695.77
  162   696.05
  163   696.33
  164   696.60
  165   696.88
  166   697.15
  167   697.43
  168   697.71
  169   697.99
  170   698.26
  171   698.54
  172   698.82
  173   699.10
  174   699.38
  175   699.66
  176   699.94
  177   700.22
  178   700.49
  179   700.77
  180   701.05
  181   701.33
  182   701.62
  183   701.90
  184   702.18
  185   702.46
  186   702.74
  187   703.02
  188   703.30
  189   703.59
  190   703.87
  191   704.15
  192   704.43
  193   704.72
  194   705.00
  195   705.28
  197   705.85
  198   706.13
  199   706.42
  200   706.70
  201   706.99
  202   707.27
  204   707.84
  205   708.13
  208   708.99
  209   709.28
  210   709.56
  211   709.85
  212   710.14
  213   710.43
  214   710.71
  215   711.00
  216   711.29
  218   711.87
  219   712.16
  222   713.03
  227   714.48
  228   714.77
  238   717.70
  239   717.99
  240   718.28
  241   718.58
  242   718.87
  243   719.17
  244   719.46
  245   719.76
  246   720.06
  247   720.35
  248   720.65
  249   720.94
  250   721.24
  251   721.54
  253   722.13
  260   724.22
  262   724.82
  263   725.12
  264   725.42
  265   725.72
  266   726.02
  267   726.32
  268   726.62
  269   726.93
  270   727.23
  272   727.83
  274   728.44
  276   728.35
  277   728.66
  278   728.96
  279   729.26
  284   730.78
  285   731.09
  286   731.39
  287   731.70
  288   732.00
  289   732.31
  290   732.61
  292   733.23
  293   733.53
  294   733.84
  295   734.15
  296   734.45
  297   734.76
  298   735.07
  301   736.00
  302   736.30
  306   737.54
  307   737.85
  308   738.16
  309   738.47
  310   738.79
  311   739.10
  312   739.41
  313   739.72
  314   740.03
  315   740.34
  316   740.66
  317   740.97
  318   741.28
  319   741.60
  320   741.91
  321   742.22
  322   742.54
  323   742.85
  327   744.11
  328   744.43
  329   744.74
  330   745.06
  331   745.38
  332   745.69
  333   746.01
  334   746.33
  335   746.65
  336   746.96
  337   747.28
  338   747.60
  339   747.92
  340   748.24
  341   748.56
  342   748.88
  343   749.20
  344   749.52
  345   749.84
  350   751.44
  351   751.76
  352   752.09
  353   752.41
  354   752.73
  355   753.05
  356   753.38
  357   753.70
  358   754.02
  359   754.35
  360   754.67
  361   755.00
  362   755.32
  363   755.65
  364   755.97
  365   756.30
  366   756.62
  367   756.95
  368   757.28
  369   757.60
  372   758.59
  373   758.91
  374   759.24
  375   759.57
  376   759.90
  377   760.23
  378   760.56
  379   760.89
  380   761.22
  381   761.55
  382   761.88
  383   762.21
  384   762.54
  385   762.87
  386   763.20
  387   763.53
  388   763.87
  389   764.20
  390   764.53
  391   764.86
  392   765.20
  393   765.53
  394   765.86
  395   766.20
  396   766.53
  397   766.87
  398   767.20
  399   767.54
  400   767.87
  401   768.21
  402   768.54
  403   768.88
  404   769.22
  405   769.55
  406   769.89
  407   770.23
  408   770.57
  409   770.91
  410   771.24
  411   771.58
  412   771.92
  413   772.26
  414   772.60
  415   772.94
  416   773.28
  417   773.62
  418   773.96
  419   774.30
  420   774.64
  421   774.98
  422   775.33
  423   775.67
  424   776.01
  425   776.35
  426   776.70
  427   777.04
  428   777.38
  429   777.73
  430   778.07
  431   778.42
  432   778.76
  433   779.11
  434   779.45
  435   779.80
  436   780.14
  437   780.49
  438   780.84
  439   781.18
  440   781.53
  441   781.88
  442   789.26
  443   789.61
  444   789.97
  445   790.32
  446   790.68
  447   791.03
  448   791.39
  449   791.74
  450   792.10
  451   792.45
  452   792.81
  453   793.17
  454   793.52
  455   793.88
  456   794.24
  457   794.60
  458   794.96
  459   795.31
  460   795.67
  461   796.03
  462   796.39
  463   796.75
  464   797.11
  465   797.47
  466   797.83
  467   798.20
  468   798.56
  469   798.92
  470   799.28
  471   799.64
  472   800.01
  473   800.37
  474   800.73
  475   801.10
  476   801.46
  477   801.82
  478   802.19
  479   802.55
  480   802.92
  481   803.28
  482   803.65
  483   804.02
  484   804.38
  485   804.75
  486   805.12
  487   805.48
  488   805.85
  489   806.22
  490   806.59
  491   806.96
  492   807.33
  493   807.70
  494   808.07
  495   808.44
  496   808.81
  497   809.18
  498   809.55
  499   809.92
  500   810.29
  501   810.66
  502   811.03
  503   811.41
  504   811.78
  505   812.15
  506   812.53
  507   812.90
  508   813.28
  509   813.65
  510   814.02
  511   814.40
  512   814.78
  513   815.15
  514   815.53
  515   815.90
  516   816.28
  517   816.66
  518   817.04
  519   817.41
  520   817.79
  521   818.17
  522   818.55
  523   818.93
  524   819.31
  525   819.69
  526   820.07
  527   820.45
  528   820.83
  529   821.21
  530   821.59
  531   821.97
  532   822.36
  533   822.74
  534   823.12
  535   823.51
  536   823.89
  537   824.27
  538   824.66
  539   825.04
  540   825.43
  541   825.81
  542   826.20
  543   826.58
  544   826.97
  545   827.36
  546   827.74
  547   828.13
  548   828.52
  549   828.91
  550   829.29
  551   829.68
  552   830.07
  553   830.46
  554   830.85
  555   831.24
  556   831.63
  557   832.02
  558   832.41
  559   832.81
  560   833.20
  561   833.59
  562   833.98
  563   834.37
  564   834.77
  565   835.16
  566   835.56
  567   835.95
  568   836.34
  569   836.74
  570   837.13
  571   837.53
  572   837.93
  573   838.32
  574   838.72
  575   839.12
  576   839.51
  577   839.91
  578   840.31
  579   840.71
  580   841.11
  581   841.51
  582   841.91
  583   842.31
  584   842.71
  585   843.11
  586   843.51
  587   843.91
  588   844.31
  589   844.71
  590   845.12
  591   845.52
  592   845.92
  593   846.32
  594   846.73
  595   847.13
  596   847.54
  597   847.94
  598   848.35
  599   848.75
  600   849.16
  601   849.57
  602   849.97
  603   850.38
  604   850.79
  605   851.19
  606   851.60
  607   852.01
  608   852.42
  609   851.49
  610   851.79
  611   852.10
  612   852.41
  613   852.72
  614   853.02
  615   853.33
  616   853.64
  617   853.95
  618   854.26
  619   854.56
  620   854.87
  621   855.18
  622   855.49
  623   855.80
  624   856.11
  625   856.42
  626   856.73
  627   857.04
  628   857.35
  629   857.67
  630   857.98
  631   858.29
  632   858.60
  633   858.91
  634   859.23
  635   859.54
  636   859.85
  637   860.17
  638   860.48
  639   860.79
  640   861.11
  641   861.42
  642   861.73
  643   862.05
  644   862.36
  645   862.68
  646   863.00
  647   863.31
  648   863.63
  649   863.94
  650   864.26
  651   864.58
  652   864.89
  653   865.21
  654   865.53
  655   865.85
  656   866.16
  657   866.48
  658   866.80
  659   867.12
  660   867.44
  661   867.76
  662   868.08
  663   868.40
  664   868.72
  665   869.04
  666   869.36
  667   869.68
  668   870.00
  669   870.32
  670   870.64
  671   870.96
  672   871.29
  673   871.61
  674   871.93
  675   872.25
  676   872.58
  677   872.90
  678   873.22
  679   873.55
  680   873.87
  681   874.19
  682   874.52
  683   874.84
  684   875.17
  685   875.49
  686   875.82
  687   876.15
  688   876.47
  689   876.80
  690   877.13
  691   877.45
  692   877.78
  693   878.11
  694   878.43
  695   878.76
  696   879.09
  697   879.42
  698   879.75
  699   880.08
  700   880.41
  701   880.74
  702   881.07
  703   881.40
  704   881.73
  705   882.06
  706   882.39
  707   882.72
  708   883.05
  709   883.38
  710   883.71
  711   884.05
  712   884.38
  713   884.71
  714   885.04
  715   885.38
  716   885.71
  717   886.04
  718   886.38
  719   886.71
  720   887.05
  721   887.38
  722   887.72
  723   888.05
  724   888.39
  725   888.72
  726   889.06
  727   889.40
  728   889.73
  729   890.07
  730   890.41
  731   890.74
  732   891.08
  733   891.42
  734   891.76
  735   892.10
  736   892.44
  737   892.78
  738   893.11
  739   893.45
  740   893.79
  741   894.13
  742   894.48
  743   894.82
  744   895.16
  745   895.50
  746   895.84
  747   896.18
  748   896.52
  749   896.87
  750   897.21
  751   897.55
  752   897.90
  753   898.24
  754   898.58
  755   898.93
  756   899.27
  757   899.62
  758   899.96
  759   900.31
  760   900.65
  761   901.00
  762   901.34
  763   901.69
  764   902.04
  765   902.38
  766   902.73
  767   903.08
  768   903.43
  769   903.77
  770   911.23
  771   911.59
  772   911.94
  773   912.30
  774   912.65
  775   913.01
  776   913.36
  777   913.72
  778   914.08
  779   914.44
  780   914.79
  781   915.15
  782   915.51
  783   915.87
  784   916.23
  785   916.58
  786   916.94
  787   917.30
  788   917.66
  789   918.02
  790   918.38
  791   918.74
  792   919.10
  793   919.47
  794   919.83
  795   920.19
  796   920.55
  797   920.91
  798   921.28
  799   921.64
  800   922.00
  801   922.37
  802   922.73
  803   923.09
  804   923.46
  805   923.82
  806   924.19
  807   924.55
  808   924.92
  809   925.28
  810   925.65
  811   926.02
  812   926.38
  813   926.75
  814   927.12
  815   927.49
  816   927.85
  817   928.22
  818   928.59
  819   928.96
  820   929.33
  821   929.70
  822   930.07
  823   930.44
  824   930.81
  825   931.18
  826   931.55
  827   931.92
  828   932.29
  829   932.67
  830   933.04
  831   933.41
  832   933.78
  833   934.16
  834   934.53
  835   934.90
  836   935.28
  837   935.65
  838   936.03
  839   936.40
  840   936.78
  841   937.15
  842   937.53
  843   937.90
  844   938.28
  845   938.66
  846   939.03
  847   939.41
  848   939.79
  849   940.17
  850   940.55
  851   940.93
  852   941.30
  853   941.68
  854   942.06
  855   942.44
  856   942.82
  857   943.20
  858   943.59
  859   943.97
  860   944.35
  861   944.73
  862   945.11
  863   945.49
  864   945.88
  865   946.26
  866   946.64
  867   947.03
  868   947.41
  869   947.80
  870   948.18
  871   948.57
  872   948.95
  873   949.34
  874   949.72
  875   950.11
  876   950.50
  877   950.88
  878   951.27
  879   951.66
  880   952.04
  881   952.43
  882   952.82
  883   953.21
  884   953.60
  885   953.99
  886   954.38
  887   954.77
  888   955.16
  889   955.55
  890   955.94
  891   956.33
  892   956.72
  893   957.12
  894   957.51
  895   957.90
  896   958.29
  897   958.69
  898   959.08
  899   959.48
  900   959.87
  901   960.27
  902   960.66
  903   961.06
  904   961.45
  905   961.85
  906   962.24
  907   962.64
  908   963.04
  909   963.43
  910   963.83
  911   964.23
  912   964.63
  913   965.03
  914   965.43
  915   965.83
  916   966.23
  917   966.63
  918   967.03
  919   967.43
  920   967.83
  921   968.23
  922   968.63
  923   969.03
  924   969.43
  925   969.84
  926   970.24
  927   970.64
  928   971.05
  929   971.45
  930   971.86
  931   972.26
  932   972.67
  933   973.07
  934   973.48
  935   973.88
  936   974.29
  937   973.81
  938   974.22
  939   974.63
  940   975.03
  941   975.44
  942   975.85
  943   976.26
  944   976.67
  945   977.08
  946   977.48
  947   977.89
  948   978.30
  949   978.71
  950   979.12
  951   979.54
  952   979.95
  953   980.36
  954   980.77
  955   981.18
  956   981.59
  957   982.01
  958   982.42
  959   982.83
  960   983.25
  961   983.66
  962   984.08
  963   984.49
  964   984.91
  965   985.32
  966   985.74
 1137  1071.99
 1138  1072.48
 1139  1072.97
 1140  1073.46
 1141  1073.95
 1142  1074.44
 1143  1074.93
 1145  1075.92
 1146  1076.41
 1147  1076.91
 1148  1077.40
 1149  1077.89
 1150  1078.39
 1151  1078.88
 1152  1079.38
 1153  1079.87
 1154  1080.37
 1158  1082.36
 1159  1082.86
 1160  1083.36
 1161  1083.86
 1162  1084.36
 1163  1084.86
 1164  1085.36
 1165  1085.86
 1175  1090.90
 1176  1091.40
 1191  1099.05
 1192  1099.56
 1193  1100.07
 1195  1101.10
 1196  1101.62
 1205  1106.27
 1206  1106.79
 1207  1107.31
 1214  1110.96
 1215  1111.49
 1216  1112.01
 1232  1120.46
 1233  1120.99
 1234  1121.52
 1259  1134.99
 1260  1135.54
 1261  1136.08
 1262  1136.63
 1554  1386.11
 1555  1386.66
 1556  1387.20
 1557  1387.75
 1558  1388.30
 1559  1388.85
 1560  1389.40
 1561  1389.95
 1562  1390.50
 1563  1391.05
 1564  1391.60
 1565  1392.15
 1566  1392.70
 1567  1393.25
 1568  1393.80
 1569  1394.36
 1570  1394.91
 1571  1395.46
 1572  1396.02
 1575  1397.69
 1576  1398.24
 1577  1398.80
 1578  1399.36
 1579  1399.91
 1580  1400.47
 1581  1401.03
 1582  1401.59
 1583  1402.15
 1584  1402.71
 1585  1403.27
 1586  1403.83
 1587  1404.39
 1588  1404.95
 1589  1405.51
 1590  1406.08
 1591  1406.64
 1592  1407.20
 1593  1407.77
 1594  1408.33
 1595  1408.90
 1596  1409.46
 1597  1410.03
 1598  1410.59
 1599  1411.16
 1600  1411.73
 1604  1414.00
 1605  1414.57
 1606  1415.14
 1607  1415.71
 1608  1416.28
 1609  1416.85
 1610  1417.43
 1611  1418.00
 1612  1418.57
 1613  1419.15
 1614  1419.72
 1615  1420.29
 1616  1420.87
 1617  1421.44
 1618  1422.02
 1619  1422.60
 1620  1423.17
 1621  1423.75
 1622  1424.33
 1623  1424.91
 1626  1426.64
 1627  1427.22
 1628  1427.80
 1629  1428.38
 1630  1428.97
 1631  1429.55
 1632  1430.13
 1633  1430.71
 1634  1431.30
 1635  1431.88
 1636  1432.47
 1639  1434.22
 1640  1434.81
 1641  1435.39
 1642  1435.98
 1643  1436.57
 1644  1437.16
 1645  1437.75
 1646  1438.34
 1647  1438.93
 1648  1439.52
 1649  1440.11
 1652  1441.88
 1653  1442.47
 1654  1443.07
 1655  1460.26
 1656  1460.87
 1657  1461.48
 1658  1462.09
 1659  1462.69
 1660  1463.31
 1661  1463.92
 1662  1464.53
 1666  1466.98
 1667  1467.59
 1668  1468.21
 1669  1468.82
 1670  1469.44
 1671  1470.05
 1672  1470.67
 1673  1471.29
 1674  1471.90
 1675  1472.52
 1676  1473.14
 1677  1473.76
 1680  1475.62
 1681  1476.24
 1682  1476.86
 1683  1477.48
 1684  1478.11
 1685  1478.73
 1686  1479.35
 1687  1479.98
 1688  1480.60
 1689  1481.23
 1690  1481.85
 1695  1484.99
 1696  1485.62
 1697  1486.25
 1698  1486.88
 1699  1487.51
 1700  1488.14
 1701  1488.77
 1702  1489.40
 1703  1490.04
 1704  1490.67
 1705  1491.30
 1706  1491.94
 1709  1493.84
 1710  1494.48
 1711  1495.12
 1712  1495.76
 1713  1496.39
 1714  1497.03
 1715  1497.67
 1716  1498.31
 1717  1498.95
 1718  1499.59
 1719  1500.23
 1720  1500.87
 1721  1501.52
 1724  1503.45
 1725  1504.09
 1726  1504.74
 1727  1505.38
 1728  1506.03
 1729  1506.68
 1730  1507.32
 1731  1507.97
 1732  1508.62
 1733  1509.27
 1734  1509.92
 1735  1510.57
 1736  1511.22
 1737  1511.87
 1738  1512.52
 1739  1513.17
 1740  1513.83
 1741  1514.48
 1742  1515.13
 1743  1515.79
 1744  1516.44
 1745  1517.10
 1746  1517.75
 1747  1518.41
 1748  1519.07
 1749  1519.73
 1750  1520.38
 1751  1521.04
 1752  1521.70
 1753  1522.36
 1754  1523.02
 1755  1523.68
 1756  1524.35
 1757  1525.01
 1758  1525.67
 1759  1526.33
 1760  1527.00
 1766  1544.47
 1767  1545.15
 1768  1545.83
 1769  1546.51
 1770  1547.19
 1773  1549.24
 1774  1549.92
 1777  1551.97
 1778  1552.66
 1779  1553.34
 1780  1554.03
 1781  1554.72
 1782  1555.41
 1783  1556.09
 1784  1556.78
 1785  1557.47
 1786  1558.16
 1787  1558.85
 1788  1559.54
 1789  1560.23
 1790  1560.93
 1791  1561.62
 1792  1562.31
 1793  1563.01
 1794  1563.70
 1795  1564.40
 1796  1565.09
 1797  1565.79
 1798  1566.49
 1799  1567.18
 1800  1567.88
 1801  1568.58
 1802  1569.28
 1803  1569.98
 1804  1570.68
 1805  1571.38
 1806  1572.09
 1807  1572.79
 1808  1573.49
 1809  1574.19
 1810  1574.90
 1811  1575.60
 1812  1576.31
 1813  1577.02
 1814  1577.72
 1815  1578.43
 1816  1579.14
 1817  1579.85
 1818  1580.56
 1819  1581.27
 1820  1581.98
 1821  1582.69
 1822  1583.40
 1823  1584.11
 1824  1584.82
 1825  1585.54
 1826  1586.25
 1827  1586.97
 1830  1589.11
 1831  1589.83
 1832  1590.55
 1833  1591.27
 1834  1591.99
 1835  1592.71
 1836  1593.43
 1837  1594.15
 1838  1594.87
 1839  1595.59
 1840  1596.31
 1841  1597.04
 1842  1597.76
 1846  1600.67
 1847  1601.39
 1848  1602.12
 1849  1602.85
 1850  1603.58
 1851  1604.31
 1852  1605.04
 1853  1605.77
 1854  1606.50
 1855  1607.23
 1856  1607.97
 1857  1608.70
 1861  1611.64
 1862  1612.38
 1863  1613.12
 1864  1613.85
 2379   649.38
 2380   682.25
 2381   682.50
 2382   682.76
 2383   683.01
 2384   683.27
 2385   683.52
 2386   683.77
 2387   684.03
 2388   684.28
 2389   684.54
 2390   684.79
 2391   685.05
 2392   685.30
 2393   685.56
 2394   685.81
 2395   686.07
 2396   686.32
 2397   686.58
 2398   686.83
 2399   687.09
 2400   687.34
 2401   728.74
 2403   782.21
 2404   782.55
 2405   782.88
 2406   783.22
 2407   783.56
 2408   783.89
 2409   784.23
 2410   784.56
 2411   784.90
 2412   785.23
 2413   785.57
 2414   785.90
 2415   786.24
 2416   786.58
 2417   786.91
 2418   787.25
 2419   787.58
 2420   787.92
 2421   788.25
 2422   788.59
 2423   788.92
 2424   852.83
 2425   851.18
 2426   904.11
 2427   904.45
 2428   904.79
 2429   905.13
 2430   905.47
 2431   905.81
 2432   906.15
 2433   906.49
 2434   906.82
 2435   907.16
 2436   907.50
 2437   907.84
 2438   908.18
 2439   908.52
 2440   908.86
 2441   909.20
 2442   909.54
 2443   909.88
 2444   910.21
 2445   910.55
 2446   910.89
 2447   974.70
 2448   973.41
 2470  1137.15
 2471  1137.67
 2472  1138.19
 2473  1138.72
 2474  1139.24
 2475  1139.76
 2476  1140.28
 2477  1140.80
 2478  1141.32
 2479  1141.85
 2480  1142.37
 2481  1142.89
 2482  1143.41
 2483  1143.93
 2484  1144.45
 2485  1144.98
 2486  1145.50
 2487  1146.02
 2488  1146.54
 2489  1147.06
 2490  1147.58
 2491  1148.11
 2492  1148.63
 2493  1149.15
 2494  1149.67
 2495  1150.19
 2496  1150.71
 2497  1151.24
 2498  1151.76
 2499  1152.28
 2500  1152.80
 2501  1153.32
 2502  1153.84
 2503  1154.37
 2504  1154.89
 2505  1155.41
 2506  1155.93
 2507  1156.45
 2508  1156.97
 2509  1157.50
 2510  1158.02
 2511  1158.54
 2512  1159.06
 2513  1159.58
 2514  1160.10
 2515  1160.63
 2516  1161.15
 2517  1161.67
 2518  1162.19
 2519  1162.71
 2520  1163.23
 2521  1163.76
 2522  1164.28
 2523  1164.80
 2524  1165.32
 2525  1165.84
 2526  1166.37
 2527  1166.89
 2528  1167.41
 2529  1167.93
 2530  1168.45
 2531  1168.97
 2532  1169.50
 2533  1170.02
 2534  1170.54
 2535  1171.06
 2536  1171.58
 2537  1172.10
 2538  1172.63
 2539  1173.15
 2540  1173.67
 2541  1174.19
 2542  1174.71
 2543  1175.23
 2544  1175.76
 2545  1176.28
 2546  1176.80
 2547  1177.32
 2548  1177.84
 2549  1178.36
 2550  1178.89
 2551  1179.41
 2552  1179.93
 2553  1180.45
 2554  1180.97
 2555  1181.49
 2556  1182.02
 2557  1182.54
 2558  1183.06
 2559  1183.58
 2560  1184.10
 2561  1184.62
 2562  1185.15
 2563  1185.67
 2564  1186.19
 2565  1186.71
 2566  1187.23
 2567  1187.75
 2568  1188.28
 2569  1188.80
 2570  1189.32
 2571  1189.84
 2572  1190.36
 2573  1190.88
 2574  1191.41
 2575  1191.93
 2576  1192.45
 2577  1192.97
 2578  1193.49
 2579  1194.01
 2580  1194.54
 2581  1195.06
 2582  1195.58
 2583  1196.10
 2584  1196.62
 2585  1197.14
 2586  1197.67
 2587  1198.19
 2588  1198.71
 2589  1199.23
 2590  1199.75
 2591  1200.27
 2600  1204.97
 2601  1205.49
 2602  1206.01
 2603  1206.53
 2604  1207.06
 2607  1208.62
 2608  1209.14
 2615  1212.80
 2616  1213.32
 2617  1213.84
 2618  1214.36
 2619  1214.88
 2646  1443.64
 2647  1444.21
 2648  1444.79
 2649  1445.36
 2650  1445.93
 2651  1446.51
 2652  1447.08
 2653  1447.65
 2658  1450.52
 2659  1451.09
 2660  1451.66
 2661  1452.24
 2665  1454.53
 2666  1455.10
 2667  1455.67
 2668  1456.25
 2672  1458.54
 2673  1459.11
 2674  1459.69
 2675  1527.64
 2676  1528.28
 2677  1528.92
 2678  1529.56
 2679  1530.20
 2680  1530.84
 2681  1531.48
 2682  1532.12
 2683  1532.76
 2684  1533.40
