 2114  2393.04
 2115  2394.02
 2116  2395.00
 2117  2395.99
 2118  2396.97
 2119  2397.95
 2120  2398.94
 2121  2399.93
 2122  2400.91
 2123  2401.90
 2124  2402.89
 2125  2403.88
 2126  2404.87
 2127  2405.86
 2128  2406.85
 2129  2407.85
 2130  2408.84
 2131  2409.83
 2132  2410.83
 2133  2411.82
 2134  2412.82
 2135  2413.82
 2136  2414.82
 2137  2415.82
 2138  2416.82
 2139  2417.82
 2140  2418.82
 2141  2419.82
 2142  2420.83
 2143  2421.83
 2144  2422.84
 2145  2446.18
 2146  2447.21
 2147  2448.23
 2148  2449.26
 2149  2450.29
 2150  2451.31
 2151  2452.34
 2152  2453.37
 2153  2454.40
 2154  2455.43
 2155  2456.47
 2156  2457.50
 2157  2458.53
 2158  2459.57
 2159  2460.60
 2160  2461.64
 2161  2462.68
 2162  2463.71
 2163  2464.75
 2164  2465.79
 2165  2466.83
 2166  2467.88
 2167  2468.92
 2168  2469.96
 2169  2471.00
 2170  2472.05
 2171  2473.10
 2172  2474.14
 2173  2475.19
 2174  2476.24
 2175  2477.29
 2176  2478.34
 2177  2479.39
 2178  2480.44
 2179  2481.49
 2180  2482.55
 2181  2483.60
 2182  2484.66
 2183  2485.71
 2184  2486.77
 2185  2487.83
 2186  2488.89
 2187  2489.95
 2188  2491.01
 2189  2492.07
 2190  2493.13
 2191  2494.19
 2192  2495.26
 2193  2496.32
 2194  2497.39
 2195  2498.45
 2196  2499.52
 2197  2500.59
 2198  2501.66
 2199  2502.73
 2200  2503.80
 2201  2504.87
 2202  2505.95
 2203  2507.02
 2204  2508.10
 2205  2509.17
 2206  2510.25
 2207  2511.32
 2208  2512.40
 2209  2513.48
 2210  2514.56
 2211  2515.64
 2212  2516.73
 2213  2517.81
 2214  2518.89
 2215  2519.98
 2216  2521.06
 2217  2522.15
 2218  2523.24
 2219  2524.32
 2220  2525.41
 2221  2526.50
 2222  2527.59
 2223  2528.69
 2224  2529.78
 2225  2530.87
 2226  2531.97
 2227  2533.06
 2228  2534.16
 2229  2535.26
 2230  2536.35
 2231  2537.45
 2232  2538.55
 2233  2539.66
 2234  2540.76
 2235  2541.86
 2236  2542.96
 2237  2544.07
 2238  2545.17
 2239  2546.28
 2261  2541.89
 2262  2542.89
 2263  2543.90
 2264  2544.91
 2265  2545.91
 2280  2561.12
 2286  2567.25
 2290  2571.36
 2291  2572.39
 2292  2573.42
 2293  2574.45
 2294  2575.48
 2302  2583.76
 2305  2586.88
 2306  2587.92
 2313  2595.24
 2316  2598.38
 2317  2599.44
 2320  2602.59
 2321  2603.65
 2327  2609.99
 2328  2611.06
 2331  2614.24
 2332  2615.31
 2333  2616.37
 2334  2617.44
 2346  2630.30
 2347  2631.38
 2348  2632.46
 2349  2633.53
 2361  2646.56
 2362  2647.65
 2717  2423.81
 2718  2424.78
 2719  2425.76
 2720  2426.73
 2721  2427.70
 2722  2428.67
 2723  2429.65
 2724  2430.62
 2725  2431.59
 2726  2432.57
 2727  2433.54
 2728  2434.51
 2729  2435.48
 2730  2436.46
 2731  2437.43
 2732  2438.40
 2733  2439.37
 2734  2440.35
 2735  2441.32
 2736  2442.29
 2737  2443.27
 2738  2444.24
 2739  2445.21
 2740  2570.86
 2741  2540.88
 2744  2668.51
 2745  2669.61
 2746  2670.70
 2757  2682.72
 2758  2683.82
 2759  2684.91
 2760  2686.00
 2761  2687.10
 2762  2688.19
 2770  2696.93
 2771  2698.03
 2772  2699.12
 2773  2700.21
 2774  2701.31
 2775  2702.40
 2776  2703.49
 2777  2704.59
 2803  2733.01
 2804  2734.10
 2805  2735.19
 2810  2740.66
 2811  2741.75
 2812  2742.85
 2813  2743.94
 2814  2745.03
 2815  2746.13
 2816  2747.22
 2817  2748.31
 2818  2749.41
 2826  2758.15
 2827  2759.24
 2828  2760.34
 2829  2761.43
 2830  2762.52
