   2.2400000e+03   2.5473884e+03
   2.2410000e+03   2.5484968e+03
   2.2420000e+03   2.5496062e+03
   2.2530000e+03   2.5618711e+03
   2.2540000e+03   2.5629917e+03
   2.2550000e+03   2.5641133e+03
   2.2560000e+03   2.5652358e+03
   2.2570000e+03   2.5663594e+03
   2.2660000e+03   2.5469207e+03
   2.2670000e+03   2.5479292e+03
   2.2680000e+03   2.5489390e+03
   2.2690000e+03   2.5499492e+03
   2.2810000e+03   2.5621384e+03
   2.2820000e+03   2.5631597e+03
   2.2830000e+03   2.5641816e+03
   2.2840000e+03   2.5652043e+03
   2.2850000e+03   2.5662283e+03
   2.2950000e+03   2.5765117e+03
   2.2960000e+03   2.5775447e+03
   2.2970000e+03   2.5785786e+03
   2.2980000e+03   2.5796133e+03
   2.2990000e+03   2.5806487e+03
   2.3000000e+03   2.5816853e+03
   2.3010000e+03   2.5827224e+03
   2.3030000e+03   2.5847996e+03
   2.3040000e+03   2.5858394e+03
   2.3070000e+03   2.5889641e+03
   2.3080000e+03   2.5900073e+03
   2.3090000e+03   2.5910515e+03
   2.3100000e+03   2.5920964e+03
   2.3110000e+03   2.5931423e+03
   2.3120000e+03   2.5941892e+03
   2.3140000e+03   2.5962852e+03
   2.3150000e+03   2.5973345e+03
   2.3180000e+03   2.6004878e+03
   2.3190000e+03   2.6015405e+03
   2.3220000e+03   2.6047041e+03
   2.3230000e+03   2.6057605e+03
   2.3240000e+03   2.6068176e+03
   2.3250000e+03   2.6078757e+03
   2.3260000e+03   2.6089348e+03
   2.3290000e+03   2.6121167e+03
   2.3300000e+03   2.6131792e+03
   2.3350000e+03   2.6185049e+03
   2.3360000e+03   2.6195725e+03
   2.3370000e+03   2.6206411e+03
   2.3380000e+03   2.6217107e+03
   2.3390000e+03   2.6227812e+03
   2.3400000e+03   2.6238525e+03
   2.3410000e+03   2.6249248e+03
   2.3420000e+03   2.6259978e+03
   2.3430000e+03   2.6270718e+03
   2.3440000e+03   2.6281467e+03
   2.3450000e+03   2.6292224e+03
   2.3500000e+03   2.6346150e+03
   2.3510000e+03   2.6356960e+03
   2.3520000e+03   2.6367781e+03
   2.3530000e+03   2.6378611e+03
   2.3540000e+03   2.6389451e+03
   2.3550000e+03   2.6400298e+03
   2.3560000e+03   2.6411155e+03
   2.3570000e+03   2.6422021e+03
   2.3580000e+03   2.6432898e+03
   2.3590000e+03   2.6443782e+03
   2.3600000e+03   2.6454675e+03
   2.3630000e+03   2.6487410e+03
   2.3640000e+03   2.6498340e+03
   2.3650000e+03   2.6509280e+03
   2.3660000e+03   2.6520227e+03
   2.3670000e+03   2.6531184e+03
   2.3680000e+03   2.6542151e+03
   2.3690000e+03   2.6553127e+03
   2.3700000e+03   2.6564111e+03
   2.3710000e+03   2.6575107e+03
   2.3720000e+03   2.6586111e+03
   2.3730000e+03   2.6597122e+03
   2.3740000e+03   2.6608145e+03
   2.3750000e+03   2.6619175e+03
   2.3760000e+03   2.6630215e+03
   2.3770000e+03   2.6641265e+03
   2.3780000e+03   2.6652324e+03
   2.7420000e+03   2.6663257e+03
   2.7430000e+03   2.6674187e+03
   2.7470000e+03   2.6717913e+03
   2.7480000e+03   2.6728845e+03
   2.7490000e+03   2.6739778e+03
   2.7500000e+03   2.6750708e+03
   2.7510000e+03   2.6761641e+03
   2.7520000e+03   2.6772571e+03
   2.7530000e+03   2.6783503e+03
   2.7540000e+03   2.6794434e+03
   2.7550000e+03   2.6805366e+03
   2.7560000e+03   2.6816296e+03
   2.7630000e+03   2.6892817e+03
   2.7640000e+03   2.6903750e+03
   2.7650000e+03   2.6914683e+03
   2.7660000e+03   2.6925613e+03
   2.7670000e+03   2.6936545e+03
   2.7680000e+03   2.6947476e+03
   2.7690000e+03   2.6958408e+03
   2.7780000e+03   2.7056792e+03
   2.7790000e+03   2.7067725e+03
   2.7800000e+03   2.7078655e+03
   2.7810000e+03   2.7089587e+03
   2.7820000e+03   2.7100518e+03
   2.7830000e+03   2.7111450e+03
   2.7840000e+03   2.7122380e+03
   2.7850000e+03   2.7133313e+03
   2.7860000e+03   2.7144246e+03
   2.7870000e+03   2.7155176e+03
   2.7880000e+03   2.7166108e+03
   2.7890000e+03   2.7177039e+03
   2.7900000e+03   2.7187971e+03
   2.7910000e+03   2.7198901e+03
   2.7920000e+03   2.7209834e+03
   2.7930000e+03   2.7220764e+03
   2.7940000e+03   2.7231697e+03
   2.7950000e+03   2.7242627e+03
   2.7960000e+03   2.7253560e+03
   2.7970000e+03   2.7264490e+03
   2.7980000e+03   2.7275422e+03
   2.7990000e+03   2.7286355e+03
   2.8000000e+03   2.7297285e+03
   2.8010000e+03   2.7308218e+03
   2.8020000e+03   2.7319148e+03
   2.8060000e+03   2.7362874e+03
   2.8070000e+03   2.7373806e+03
   2.8080000e+03   2.7384739e+03
   2.8090000e+03   2.7395669e+03
   2.8190000e+03   2.7504985e+03
   2.8200000e+03   2.7515916e+03
   2.8210000e+03   2.7526848e+03
   2.8220000e+03   2.7537781e+03
   2.8230000e+03   2.7548711e+03
   2.8240000e+03   2.7559644e+03
   2.8250000e+03   2.7570574e+03
   2.8310000e+03   2.7636165e+03
   2.8320000e+03   2.7647095e+03
   2.8330000e+03   2.7658027e+03
   2.8340000e+03   2.7668958e+03
