   2.7900000e+02   7.2926300e+02
   2.8400000e+02   7.3078235e+02
   3.1500000e+02   7.4034430e+02
   3.2100000e+02   7.4222369e+02
   3.2200000e+02   7.4253784e+02
   3.2800000e+02   7.4442822e+02
   3.2900000e+02   7.4474420e+02
   3.4000000e+02   7.4823755e+02
   3.4100000e+02   7.4855676e+02
   3.5200000e+02   7.5208545e+02
   3.5300000e+02   7.5240790e+02
   3.5700000e+02   7.5370026e+02
   3.5800000e+02   7.5402405e+02
   3.5900000e+02   7.5434808e+02
   3.6000000e+02   7.5467242e+02
   3.6100000e+02   7.5499701e+02
   3.6500000e+02   7.5629810e+02
   3.9800000e+02   7.6720203e+02
   3.9900000e+02   7.6753729e+02
   4.0200000e+02   7.6854462e+02
   4.0300000e+02   7.6888098e+02
   4.0400000e+02   7.6921765e+02
   4.0600000e+02   7.6989178e+02
   4.0700000e+02   7.7022931e+02
   4.2200000e+02   7.7532666e+02
   4.2300000e+02   7.7566882e+02
   4.2400000e+02   7.7601123e+02
   4.2600000e+02   7.7669702e+02
   4.2700000e+02   7.7704034e+02
   4.2800000e+02   7.7738397e+02
   4.3300000e+02   7.7910651e+02
   4.3400000e+02   7.7945190e+02
   4.3500000e+02   7.7979761e+02
   4.5400000e+02   7.9352435e+02
   4.5500000e+02   7.9388177e+02
   4.5600000e+02   7.9423950e+02
   4.5900000e+02   7.9531458e+02
   4.6000000e+02   7.9567352e+02
   4.6100000e+02   7.9603278e+02
   4.6200000e+02   7.9639240e+02
   4.6400000e+02   7.9711249e+02
   4.6500000e+02   7.9747302e+02
   4.6600000e+02   7.9783386e+02
   4.6700000e+02   7.9819501e+02
   4.6800000e+02   7.9855646e+02
   4.6900000e+02   7.9891827e+02
   4.7000000e+02   7.9928033e+02
   4.7900000e+02   8.0255328e+02
   4.8000000e+02   8.0291852e+02
   4.8100000e+02   8.0328406e+02
   4.8200000e+02   8.0364996e+02
   4.8300000e+02   8.0401617e+02
   4.8800000e+02   8.0585187e+02
   4.8900000e+02   8.0622003e+02
   4.9000000e+02   8.0658844e+02
   4.9300000e+02   8.0769562e+02
   4.9400000e+02   8.0806537e+02
   4.9500000e+02   8.0843542e+02
   4.9600000e+02   8.0880579e+02
   5.0900000e+02   8.1364996e+02
   5.1000000e+02   8.1402490e+02
   5.1100000e+02   8.1440015e+02
   5.1200000e+02   8.1477570e+02
   5.3900000e+02   8.2504187e+02
   5.4000000e+02   8.2542676e+02
   5.4400000e+02   8.2696991e+02
   5.4500000e+02   8.2735657e+02
   5.4600000e+02   8.2774353e+02
   5.4700000e+02   8.2813086e+02
   5.6600000e+02   8.3555548e+02
   5.7600000e+02   8.3951385e+02
   5.7700000e+02   8.3991162e+02
   5.7800000e+02   8.4030975e+02
   5.8200000e+02   8.4190582e+02
   6.0000000e+02   8.4915924e+02
   6.0100000e+02   8.4956567e+02
   6.0200000e+02   8.4997241e+02
   6.0700000e+02   8.5201178e+02
   6.0800000e+02   8.5242078e+02
   6.1100000e+02   8.5210052e+02
   6.1200000e+02   8.5240771e+02
   6.1300000e+02   8.5271509e+02
   6.1400000e+02   8.5302271e+02
   6.1500000e+02   8.5333057e+02
   6.1600000e+02   8.5363867e+02
   6.1800000e+02   8.5425562e+02
   6.1900000e+02   8.5456445e+02
   6.2000000e+02   8.5487354e+02
   6.3100000e+02   8.5828937e+02
   6.3200000e+02   8.5860138e+02
   6.3500000e+02   8.5953888e+02
   6.3600000e+02   8.5985181e+02
   6.5200000e+02   8.6489319e+02
   6.5300000e+02   8.6521039e+02
   6.5400000e+02   8.6552789e+02
   6.5500000e+02   8.6584558e+02
   6.7100000e+02   8.7096313e+02
   6.7200000e+02   8.7128516e+02
   6.7300000e+02   8.7160742e+02
   6.9300000e+02   8.7810669e+02
   6.9400000e+02   8.7843439e+02
   6.9500000e+02   8.7876233e+02
   7.0200000e+02   8.8106531e+02
   7.0800000e+02   8.8304950e+02
   7.0900000e+02   8.8338116e+02
   7.1000000e+02   8.8371307e+02
   7.1100000e+02   8.8404523e+02
   7.2000000e+02   8.8704663e+02
   7.2100000e+02   8.8738147e+02
   7.2400000e+02   8.8838757e+02
   7.2500000e+02   8.8872345e+02
   7.2900000e+02   8.9006976e+02
   7.3200000e+02   8.9108234e+02
   7.3300000e+02   8.9142041e+02
   7.7700000e+02   9.1372150e+02
   7.7800000e+02   9.1407831e+02
   7.9000000e+02   9.1838263e+02
   7.9100000e+02   9.1874323e+02
   7.9800000e+02   9.2127557e+02
   7.9900000e+02   9.2163849e+02
   8.0000000e+02   9.2200171e+02
   8.0100000e+02   9.2236523e+02
   8.0700000e+02   9.2455267e+02
   8.0800000e+02   9.2491827e+02
   8.0900000e+02   9.2528418e+02
   8.1900000e+02   9.2895966e+02
   8.6900000e+02   9.4779578e+02
   8.7000000e+02   9.4818042e+02
   8.7100000e+02   9.4856543e+02
   8.8300000e+02   9.5321045e+02
   8.8400000e+02   9.5359961e+02
   8.8800000e+02   9.5515955e+02
   8.8900000e+02   9.5555035e+02
   9.3700000e+02   9.7381415e+02
   9.4200000e+02   9.7584973e+02
   9.4300000e+02   9.7625781e+02
   1.1410000e+03   1.0739518e+03
   1.1420000e+03   1.0744430e+03
   1.1430000e+03   1.0749347e+03
   1.1750000e+03   1.0908959e+03
   1.1760000e+03   1.0914019e+03
   1.1910000e+03   1.0990452e+03
   1.1920000e+03   1.0995583e+03
   1.1930000e+03   1.1000719e+03
   1.1950000e+03   1.1011005e+03
   1.1960000e+03   1.1016154e+03
   1.2050000e+03   1.1062704e+03
   1.2060000e+03   1.1067898e+03
   1.2070000e+03   1.1073098e+03
   1.2140000e+03   1.1109623e+03
   1.2150000e+03   1.1114860e+03
   1.2160000e+03   1.1120100e+03
   1.2320000e+03   1.1204591e+03
   1.2330000e+03   1.1209911e+03
   1.2340000e+03   1.1215237e+03
   1.2590000e+03   1.1349921e+03
   1.2600000e+03   1.1355370e+03
   1.2610000e+03   1.1360825e+03
   1.5540000e+03   1.3861084e+03
   1.5550000e+03   1.3866553e+03
   1.5560000e+03   1.3872024e+03
   1.5570000e+03   1.3877501e+03
   1.5580000e+03   1.3882982e+03
   1.5590000e+03   1.3888468e+03
   1.5600000e+03   1.3893959e+03
   1.5610000e+03   1.3899453e+03
   1.5620000e+03   1.3904952e+03
   1.5630000e+03   1.3910455e+03
   1.5640000e+03   1.3915963e+03
   1.5650000e+03   1.3921476e+03
   1.5660000e+03   1.3926993e+03
   1.5670000e+03   1.3932515e+03
   1.5680000e+03   1.3938041e+03
   1.5690000e+03   1.3943572e+03
   1.5700000e+03   1.3949106e+03
   1.5710000e+03   1.3954646e+03
   1.5720000e+03   1.3960190e+03
   1.5750000e+03   1.3976851e+03
   1.5760000e+03   1.3982412e+03
   1.5770000e+03   1.3987980e+03
   1.5780000e+03   1.3993551e+03
   1.5790000e+03   1.3999126e+03
   1.5800000e+03   1.4004707e+03
   1.5810000e+03   1.4010292e+03
   1.5820000e+03   1.4015881e+03
   1.5830000e+03   1.4021476e+03
   1.5840000e+03   1.4027075e+03
   1.5850000e+03   1.4032678e+03
   1.5860000e+03   1.4038286e+03
   1.5870000e+03   1.4043899e+03
   1.5880000e+03   1.4049517e+03
   1.5890000e+03   1.4055138e+03
   1.5900000e+03   1.4060764e+03
   1.5910000e+03   1.4066395e+03
   1.5920000e+03   1.4072031e+03
   1.5930000e+03   1.4077672e+03
   1.5940000e+03   1.4083317e+03
   1.5950000e+03   1.4088966e+03
   1.5960000e+03   1.4094620e+03
   1.5970000e+03   1.4100280e+03
   1.5980000e+03   1.4105942e+03
   1.5990000e+03   1.4111611e+03
   1.6000000e+03   1.4117284e+03
   1.6040000e+03   1.4140022e+03
   1.6050000e+03   1.4145718e+03
   1.6060000e+03   1.4151418e+03
   1.6070000e+03   1.4157124e+03
   1.6080000e+03   1.4162834e+03
   1.6090000e+03   1.4168550e+03
   1.6100000e+03   1.4174270e+03
   1.6110000e+03   1.4179994e+03
   1.6120000e+03   1.4185723e+03
   1.6130000e+03   1.4191458e+03
   1.6140000e+03   1.4197196e+03
   1.6150000e+03   1.4202939e+03
   1.6160000e+03   1.4208688e+03
   1.6170000e+03   1.4214440e+03
   1.6180000e+03   1.4220198e+03
   1.6190000e+03   1.4225959e+03
   1.6200000e+03   1.4231727e+03
   1.6210000e+03   1.4237499e+03
   1.6220000e+03   1.4243275e+03
   1.6230000e+03   1.4249058e+03
   1.6260000e+03   1.4266429e+03
   1.6270000e+03   1.4272230e+03
   1.6280000e+03   1.4278036e+03
   1.6290000e+03   1.4283846e+03
   1.6300000e+03   1.4289661e+03
   1.6310000e+03   1.4295481e+03
   1.6320000e+03   1.4301306e+03
   1.6330000e+03   1.4307135e+03
   1.6340000e+03   1.4312970e+03
   1.6350000e+03   1.4318809e+03
   1.6360000e+03   1.4324652e+03
   1.6390000e+03   1.4342213e+03
   1.6400000e+03   1.4348077e+03
   1.6410000e+03   1.4353945e+03
   1.6420000e+03   1.4359818e+03
   1.6430000e+03   1.4365697e+03
   1.6440000e+03   1.4371580e+03
   1.6450000e+03   1.4377467e+03
   1.6460000e+03   1.4383361e+03
   1.6470000e+03   1.4389258e+03
   1.6480000e+03   1.4395160e+03
   1.6490000e+03   1.4401068e+03
   1.6520000e+03   1.4418820e+03
   1.6530000e+03   1.4424746e+03
   1.6540000e+03   1.4430679e+03
   1.6550000e+03   1.4602585e+03
   1.6560000e+03   1.4608668e+03
   1.6570000e+03   1.4614757e+03
   1.6580000e+03   1.4620850e+03
   1.6590000e+03   1.4626948e+03
   1.6600000e+03   1.4633052e+03
   1.6610000e+03   1.4639160e+03
   1.6620000e+03   1.4645273e+03
   1.6660000e+03   1.4669778e+03
   1.6670000e+03   1.4675917e+03
   1.6680000e+03   1.4682062e+03
   1.6690000e+03   1.4688210e+03
   1.6700000e+03   1.4694365e+03
   1.6710000e+03   1.4700524e+03
   1.6720000e+03   1.4706689e+03
   1.6730000e+03   1.4712859e+03
   1.6740000e+03   1.4719033e+03
   1.6750000e+03   1.4725214e+03
   1.6760000e+03   1.4731399e+03
   1.6770000e+03   1.4737589e+03
   1.6800000e+03   1.4756191e+03
   1.6810000e+03   1.4762402e+03
   1.6820000e+03   1.4768619e+03
   1.6830000e+03   1.4774841e+03
   1.6840000e+03   1.4781067e+03
   1.6850000e+03   1.4787300e+03
   1.6860000e+03   1.4793536e+03
   1.6870000e+03   1.4799779e+03
   1.6880000e+03   1.4806027e+03
   1.6890000e+03   1.4812279e+03
   1.6900000e+03   1.4818538e+03
   1.6950000e+03   1.4849907e+03
   1.6960000e+03   1.4856196e+03
   1.6970000e+03   1.4862491e+03
   1.6980000e+03   1.4868792e+03
   1.6990000e+03   1.4875098e+03
   1.7000000e+03   1.4881409e+03
   1.7010000e+03   1.4887725e+03
   1.7020000e+03   1.4894045e+03
   1.7030000e+03   1.4900372e+03
   1.7040000e+03   1.4906704e+03
   1.7050000e+03   1.4913042e+03
   1.7060000e+03   1.4919385e+03
   1.7090000e+03   1.4938445e+03
   1.7100000e+03   1.4944810e+03
   1.7110000e+03   1.4951178e+03
   1.7120000e+03   1.4957554e+03
   1.7130000e+03   1.4963933e+03
   1.7140000e+03   1.4970320e+03
   1.7150000e+03   1.4976710e+03
   1.7160000e+03   1.4983107e+03
   1.7170000e+03   1.4989508e+03
   1.7180000e+03   1.4995916e+03
   1.7190000e+03   1.5002328e+03
   1.7200000e+03   1.5008746e+03
   1.7210000e+03   1.5015170e+03
   1.7240000e+03   1.5034473e+03
   1.7250000e+03   1.5040918e+03
   1.7260000e+03   1.5047368e+03
   1.7270000e+03   1.5053824e+03
   1.7280000e+03   1.5060286e+03
   1.7290000e+03   1.5066753e+03
   1.7300000e+03   1.5073225e+03
   1.7310000e+03   1.5079703e+03
   1.7320000e+03   1.5086187e+03
   1.7330000e+03   1.5092676e+03
   1.7340000e+03   1.5099170e+03
   1.7350000e+03   1.5105670e+03
   1.7360000e+03   1.5112175e+03
   1.7370000e+03   1.5118687e+03
   1.7380000e+03   1.5125203e+03
   1.7390000e+03   1.5131725e+03
   1.7400000e+03   1.5138252e+03
   1.7410000e+03   1.5144785e+03
   1.7420000e+03   1.5151324e+03
   1.7430000e+03   1.5157869e+03
   1.7440000e+03   1.5164418e+03
   1.7450000e+03   1.5170973e+03
   1.7460000e+03   1.5177534e+03
   1.7470000e+03   1.5184100e+03
   1.7480000e+03   1.5190673e+03
   1.7490000e+03   1.5197251e+03
   1.7500000e+03   1.5203834e+03
   1.7510000e+03   1.5210422e+03
   1.7520000e+03   1.5217017e+03
   1.7530000e+03   1.5223617e+03
   1.7540000e+03   1.5230222e+03
   1.7550000e+03   1.5236833e+03
   1.7560000e+03   1.5243451e+03
   1.7570000e+03   1.5250073e+03
   1.7580000e+03   1.5256702e+03
   1.7590000e+03   1.5263335e+03
   1.7600000e+03   1.5269976e+03
   1.7660000e+03   1.5444749e+03
   1.7670000e+03   1.5451537e+03
   1.7680000e+03   1.5458330e+03
   1.7690000e+03   1.5465129e+03
   1.7700000e+03   1.5471935e+03
   1.7730000e+03   1.5492385e+03
   1.7740000e+03   1.5499214e+03
   1.7770000e+03   1.5519735e+03
   1.7780000e+03   1.5526587e+03
   1.7790000e+03   1.5533445e+03
   1.7800000e+03   1.5540309e+03
   1.7810000e+03   1.5547178e+03
   1.7820000e+03   1.5554054e+03
   1.7830000e+03   1.5560935e+03
   1.7840000e+03   1.5567822e+03
   1.7850000e+03   1.5574716e+03
   1.7860000e+03   1.5581615e+03
   1.7870000e+03   1.5588521e+03
   1.7880000e+03   1.5595431e+03
   1.7890000e+03   1.5602347e+03
   1.7900000e+03   1.5609271e+03
   1.7910000e+03   1.5616200e+03
   1.7920000e+03   1.5623135e+03
   1.7930000e+03   1.5630076e+03
   1.7940000e+03   1.5637021e+03
   1.7950000e+03   1.5643975e+03
   1.7960000e+03   1.5650934e+03
   1.7970000e+03   1.5657898e+03
   1.7980000e+03   1.5664869e+03
   1.7990000e+03   1.5671846e+03
   1.8000000e+03   1.5678828e+03
   1.8010000e+03   1.5685817e+03
   1.8020000e+03   1.5692811e+03
   1.8030000e+03   1.5699812e+03
   1.8040000e+03   1.5706819e+03
   1.8050000e+03   1.5713832e+03
   1.8060000e+03   1.5720851e+03
   1.8070000e+03   1.5727876e+03
   1.8080000e+03   1.5734907e+03
   1.8090000e+03   1.5741945e+03
   1.8100000e+03   1.5748988e+03
   1.8110000e+03   1.5756036e+03
   1.8120000e+03   1.5763092e+03
   1.8130000e+03   1.5770154e+03
   1.8140000e+03   1.5777222e+03
   1.8150000e+03   1.5784296e+03
   1.8160000e+03   1.5791375e+03
   1.8170000e+03   1.5798461e+03
   1.8180000e+03   1.5805553e+03
   1.8190000e+03   1.5812651e+03
   1.8200000e+03   1.5819756e+03
   1.8210000e+03   1.5826866e+03
   1.8220000e+03   1.5833983e+03
   1.8230000e+03   1.5841106e+03
   1.8240000e+03   1.5848235e+03
   1.8250000e+03   1.5855370e+03
   1.8260000e+03   1.5862511e+03
   1.8270000e+03   1.5869659e+03
   1.8300000e+03   1.5891139e+03
   1.8310000e+03   1.5898312e+03
   1.8320000e+03   1.5905491e+03
   1.8330000e+03   1.5912676e+03
   1.8340000e+03   1.5919867e+03
   1.8350000e+03   1.5927064e+03
   1.8360000e+03   1.5934268e+03
   1.8370000e+03   1.5941478e+03
   1.8380000e+03   1.5948694e+03
   1.8390000e+03   1.5955917e+03
   1.8400000e+03   1.5963146e+03
   1.8410000e+03   1.5970381e+03
   1.8420000e+03   1.5977622e+03
   1.8460000e+03   1.6006652e+03
   1.8470000e+03   1.6013925e+03
   1.8480000e+03   1.6021204e+03
   1.8490000e+03   1.6028490e+03
   1.8500000e+03   1.6035782e+03
   1.8510000e+03   1.6043081e+03
   1.8520000e+03   1.6050386e+03
   1.8530000e+03   1.6057697e+03
   1.8540000e+03   1.6065015e+03
   1.8550000e+03   1.6072339e+03
   1.8560000e+03   1.6079669e+03
   1.8570000e+03   1.6087006e+03
   1.8610000e+03   1.6116418e+03
   1.8620000e+03   1.6123787e+03
   1.8630000e+03   1.6131162e+03
   1.8640000e+03   1.6138545e+03
   2.4080000e+03   7.8389105e+02
   2.4090000e+03   7.8422656e+02
   2.4100000e+03   7.8456207e+02
   2.4110000e+03   7.8489758e+02
   2.4240000e+03   8.5282977e+02
   2.4320000e+03   9.0614691e+02
   2.4330000e+03   9.0648596e+02
   2.4340000e+03   9.0682495e+02
   2.4390000e+03   9.0851990e+02
   2.4400000e+03   9.0885895e+02
   2.4410000e+03   9.0919794e+02
   2.4700000e+03   1.1371506e+03
   2.4710000e+03   1.1376722e+03
   2.4930000e+03   1.1491494e+03
   2.4940000e+03   1.1496710e+03
   2.4970000e+03   1.1512362e+03
   2.4980000e+03   1.1517578e+03
   2.4990000e+03   1.1522795e+03
   2.5000000e+03   1.1528011e+03
   2.5230000e+03   1.1647999e+03
   2.5240000e+03   1.1653217e+03
   2.5250000e+03   1.1658434e+03
   2.5260000e+03   1.1663651e+03
   2.5390000e+03   1.1731470e+03
   2.5400000e+03   1.1736687e+03
   2.5410000e+03   1.1741903e+03
   2.5420000e+03   1.1747120e+03
   2.5430000e+03   1.1752336e+03
   2.5540000e+03   1.1809723e+03
   2.5640000e+03   1.1861891e+03
   2.5650000e+03   1.1867108e+03
   2.5660000e+03   1.1872324e+03
   2.5670000e+03   1.1877542e+03
   2.5730000e+03   1.1908843e+03
   2.5740000e+03   1.1914060e+03
   2.5780000e+03   1.1934928e+03
   2.5860000e+03   1.1976661e+03
   2.5870000e+03   1.1981879e+03
   2.5880000e+03   1.1987096e+03
   2.6020000e+03   1.2060132e+03
   2.6030000e+03   1.2065349e+03
   2.6150000e+03   1.2127950e+03
   2.6160000e+03   1.2133168e+03
   2.6190000e+03   1.2148818e+03
   2.6460000e+03   1.4436407e+03
   2.6470000e+03   1.4442139e+03
   2.6480000e+03   1.4447869e+03
   2.6490000e+03   1.4453599e+03
   2.6500000e+03   1.4459329e+03
   2.6510000e+03   1.4465060e+03
   2.6520000e+03   1.4470790e+03
   2.6530000e+03   1.4476520e+03
   2.6580000e+03   1.4505171e+03
   2.6590000e+03   1.4510901e+03
   2.6600000e+03   1.4516631e+03
   2.6610000e+03   1.4522361e+03
   2.6650000e+03   1.4545282e+03
   2.6660000e+03   1.4551013e+03
   2.6670000e+03   1.4556743e+03
   2.6680000e+03   1.4562473e+03
   2.6720000e+03   1.4585394e+03
   2.6730000e+03   1.4591125e+03
   2.6740000e+03   1.4596855e+03
   2.6750000e+03   1.5276379e+03
   2.6760000e+03   1.5282786e+03
   2.6770000e+03   1.5289191e+03
   2.6780000e+03   1.5295597e+03
   2.6790000e+03   1.5302002e+03
   2.6800000e+03   1.5308408e+03
   2.6810000e+03   1.5314813e+03
   2.6820000e+03   1.5321218e+03
   2.6830000e+03   1.5327625e+03
   2.6840000e+03   1.5334030e+03
