 1263  1216.97
 1264  1217.48
 1265  1217.98
 1266  1218.49
 1267  1219.00
 1268  1219.51
 1269  1220.02
 1270  1220.53
 1271  1221.04
 1272  1221.55
 1273  1222.06
 1274  1222.57
 1275  1223.08
 1276  1223.59
 1277  1224.10
 1278  1224.62
 1279  1225.13
 1280  1225.64
 1281  1226.16
 1282  1226.67
 1283  1227.19
 1284  1227.70
 1285  1228.22
 1286  1228.74
 1287  1229.25
 1288  1229.77
 1289  1230.29
 1290  1230.81
 1291  1231.32
 1292  1231.84
 1293  1232.36
 1294  1232.88
 1295  1233.40
 1296  1233.92
 1297  1234.44
 1298  1234.97
 1299  1235.49
 1300  1236.01
 1301  1236.53
 1302  1237.06
 1303  1237.58
 1304  1238.10
 1305  1238.63
 1306  1239.15
 1307  1239.68
 1308  1240.21
 1309  1240.73
 1310  1241.26
 1311  1241.79
 1312  1242.31
 1313  1242.84
 1314  1243.37
 1315  1243.90
 1316  1244.43
 1317  1244.96
 1318  1245.49
 1319  1246.02
 1320  1246.55
 1321  1247.08
 1322  1247.61
 1323  1248.15
 1324  1248.68
 1325  1249.21
 1326  1249.75
 1327  1250.28
 1328  1250.82
 1329  1251.35
 1330  1251.89
 1331  1252.42
 1332  1252.96
 1333  1253.50
 1334  1254.03
 1335  1254.57
 1336  1255.11
 1337  1255.65
 1338  1256.19
 1339  1256.73
 1340  1257.27
 1341  1257.81
 1342  1258.35
 1343  1258.89
 1344  1259.43
 1345  1259.98
 1346  1260.52
 1347  1261.06
 1348  1261.61
 1349  1262.15
 1350  1262.70
 1351  1263.24
 1352  1263.79
 1353  1264.33
 1354  1264.88
 1355  1265.43
 1356  1265.98
 1357  1266.52
 1358  1267.07
 1359  1267.62
 1360  1268.17
 1361  1268.72
 1362  1269.27
 1363  1269.82
 1364  1270.37
 1365  1270.92
 1366  1271.48
 1367  1272.03
 1368  1272.58
 1369  1284.34
 1370  1284.91
 1371  1285.47
 1372  1286.03
 1373  1286.60
 1374  1287.16
 1375  1287.73
 1376  1288.30
 1377  1288.86
 1378  1289.43
 1379  1290.00
 1380  1290.57
 1381  1291.13
 1382  1291.70
 1383  1292.27
 1384  1292.84
 1385  1293.41
 1386  1293.98
 1387  1294.56
 1388  1295.13
 1389  1295.70
 1390  1296.27
 1391  1296.85
 1392  1297.42
 1393  1298.00
 1394  1298.57
 1395  1299.15
 1396  1299.72
 1397  1300.30
 1398  1300.88
 1399  1301.45
 1400  1302.03
 1401  1302.61
 1402  1303.19
 1403  1303.77
 1404  1304.35
 1405  1304.93
 1406  1305.51
 1407  1306.09
 1408  1306.67
 1409  1307.25
 1410  1307.84
 1411  1308.42
 1412  1309.00
 1413  1309.59
 1414  1310.17
 1415  1310.76
 1416  1311.35
 1417  1311.93
 1418  1312.52
 1419  1313.11
 1420  1313.69
 1421  1314.28
 1422  1314.87
 1423  1315.46
 1424  1316.05
 1425  1316.64
 1426  1317.23
 1427  1317.83
 1428  1318.42
 1429  1319.01
 1430  1319.60
 1431  1320.20
 1432  1320.79
 1433  1321.39
 1434  1321.98
 1435  1322.58
 1436  1323.17
 1437  1323.77
 1438  1324.37
 1439  1324.96
 1440  1325.56
 1441  1326.16
 1442  1326.76
 1443  1327.36
 1444  1327.96
 1445  1328.56
 1446  1329.16
 1447  1329.76
 1448  1330.37
 1449  1330.97
 1450  1331.57
 1451  1332.18
 1452  1332.78
 1453  1333.39
 1454  1333.99
 1455  1334.60
 1456  1335.21
 1457  1335.81
 1458  1336.42
 1459  1337.03
 1460  1337.64
 1461  1338.25
 1462  1338.86
 1463  1338.16
 1464  1338.66
 1465  1339.17
 1466  1339.68
 1467  1340.19
 1468  1340.70
 1469  1341.21
 1470  1341.72
 1471  1342.23
 1472  1342.74
 1473  1343.26
 1474  1343.77
 1475  1344.28
 1476  1344.79
 1477  1345.31
 1478  1345.82
 1479  1346.34
 1480  1346.85
 1481  1347.36
 1482  1347.88
 1483  1348.40
 1484  1348.91
 1485  1349.43
 1486  1349.95
 1487  1350.46
 1488  1350.98
 1489  1351.50
 1490  1352.02
 1491  1352.54
 1492  1353.06
 1493  1353.58
 1494  1354.10
 1495  1354.62
 1496  1355.14
 1497  1355.66
 1498  1356.18
 1499  1356.71
 1500  1357.23
 1501  1357.75
 1502  1358.28
 1503  1358.80
 1504  1359.33
 1505  1359.85
 1506  1360.38
 1507  1360.90
 1508  1361.43
 1509  1361.96
 1510  1362.48
 1511  1363.01
 1512  1363.54
 1513  1364.07
 1514  1364.60
 1515  1365.13
 1516  1365.66
 1517  1366.19
 1518  1366.72
 1519  1367.25
 1520  1367.78
 1521  1368.31
 1522  1368.84
 1523  1369.38
 1524  1369.91
 1525  1370.44
 1526  1370.98
 1527  1371.51
 1528  1372.05
 1529  1372.58
 1530  1373.12
 1531  1373.65
 1532  1374.19
 1533  1374.73
 1534  1375.27
 1535  1375.80
 1536  1376.34
 1537  1376.88
 1538  1377.42
 1539  1377.96
 1540  1378.50
 1541  1379.04
 1542  1379.58
 1543  1380.12
 1544  1380.67
 1545  1381.21
 1546  1381.75
 1547  1382.29
 1548  1382.84
 1549  1383.38
 1550  1383.93
 1551  1384.47
 1552  1385.02
 1553  1385.56
 1573  1396.57
 1574  1397.13
 1601  1412.30
 1602  1412.86
 1603  1413.43
 1624  1425.48
 1625  1426.06
 1637  1433.05
 1638  1433.64
 1650  1440.70
 1651  1441.29
 1663  1465.14
 1664  1465.75
 1665  1466.36
 1678  1474.38
 1679  1475.00
 1691  1482.48
 1692  1483.11
 1693  1483.73
 1694  1484.36
 1707  1492.57
 1708  1493.21
 1722  1502.16
 1723  1502.80
 1761  1541.09
 1762  1541.77
 1763  1542.44
 1764  1543.12
 1765  1543.80
 1771  1547.87
 1772  1548.56
 1775  1550.60
 1776  1551.29
 1828  1587.68
 1829  1588.40
 1843  1598.49
 1844  1599.21
 1845  1599.94
 1858  1609.43
 1859  1610.17
 1860  1610.91
 2592  1200.80
 2593  1201.32
 2594  1201.84
 2595  1202.36
 2596  1202.88
 2597  1203.40
 2598  1203.93
 2599  1204.45
 2605  1207.58
 2606  1208.10
 2609  1209.66
 2610  1210.19
 2611  1210.71
 2612  1211.23
 2613  1211.75
 2614  1212.27
 2620  1215.40
 2621  1215.93
 2622  1216.45
 2623  1273.12
 2624  1273.65
 2625  1274.19
 2626  1274.72
 2627  1275.26
 2628  1275.79
 2629  1276.32
 2630  1276.86
 2631  1277.39
 2632  1277.93
 2633  1278.46
 2634  1279.00
 2635  1279.53
 2636  1280.07
 2637  1280.60
 2638  1281.14
 2639  1281.67
 2640  1282.20
 2641  1282.74
 2642  1283.27
 2643  1283.81
 2644  1339.47
 2645  1337.65
 2654  1448.22
 2655  1448.80
 2656  1449.37
 2657  1449.94
 2662  1452.81
 2663  1453.38
 2664  1453.96
 2669  1456.82
 2670  1457.39
 2671  1457.97
 2685  1534.04
 2686  1534.68
 2687  1535.32
 2688  1535.97
 2689  1536.61
 2690  1537.25
 2691  1537.89
 2692  1538.53
 2693  1539.17
 2694  1539.81
 2695  1540.45
 2696  1614.59
