  149   692.48
  150   692.75
  196   705.57
  203   707.56
  206   708.42
  207   708.70
  217   711.58
  220   712.45
  221   712.74
  223   713.32
  224   713.61
  225   713.90
  226   714.19
  229   715.06
  230   715.35
  231   715.65
  232   715.94
  233   716.23
  234   716.52
  235   716.82
  236   717.11
  237   717.40
  252   721.83
  254   722.43
  255   722.73
  256   723.03
  257   723.32
  258   723.62
  259   723.92
  261   724.52
  271   727.53
  273   728.13
  275   728.05
  280   729.57
  281   729.87
  282   730.17
  283   730.48
  291   732.92
  299   735.38
  300   735.69
  303   736.61
  304   736.92
  305   737.23
  324   743.17
  325   743.48
  326   743.80
  346   750.16
  347   750.48
  348   750.80
  349   751.12
  370   757.93
  371   758.26
  967   986.16
  968   986.57
  969   986.99
  970   987.41
  971   987.82
  972   988.24
  973   988.66
  974   989.08
  975   989.50
  976   989.92
  977   990.34
  978   990.76
  979   991.18
  980   991.60
  981   992.02
  982   992.44
  983   992.86
  984   993.29
  985   993.71
  986   994.13
  987   994.56
  988   994.98
  989   995.40
  990   995.83
  991   996.25
  992   996.68
  993   997.10
  994   997.53
  995   997.96
  996   998.38
  997   998.81
  998   999.24
  999   999.67
 1000  1000.09
 1001  1000.52
 1002  1000.95
 1003  1001.38
 1004  1001.81
 1005  1002.24
 1006  1002.67
 1007  1003.10
 1008  1003.53
 1009  1003.96
 1010  1004.39
 1011  1004.83
 1012  1005.26
 1013  1005.69
 1014  1006.12
 1015  1006.56
 1016  1006.99
 1017  1007.43
 1018  1007.86
 1019  1008.30
 1020  1008.73
 1021  1009.17
 1022  1009.60
 1023  1010.04
 1024  1010.48
 1025  1010.91
 1026  1011.35
 1027  1011.79
 1028  1012.23
 1029  1012.67
 1030  1013.10
 1031  1013.54
 1032  1013.98
 1033  1014.42
 1034  1014.86
 1035  1015.31
 1036  1015.75
 1037  1016.19
 1038  1016.63
 1039  1017.07
 1040  1017.52
 1041  1017.96
 1042  1018.40
 1043  1018.85
 1044  1019.29
 1045  1019.74
 1046  1020.18
 1047  1020.63
 1048  1021.07
 1049  1021.52
 1050  1021.97
 1051  1022.41
 1052  1022.86
 1053  1023.31
 1054  1023.76
 1055  1024.20
 1056  1024.65
 1057  1025.10
 1058  1025.55
 1059  1026.00
 1060  1026.45
 1061  1026.90
 1062  1027.35
 1063  1027.81
 1064  1028.26
 1065  1028.71
 1066  1029.16
 1067  1029.62
 1068  1030.07
 1069  1030.52
 1070  1030.98
 1071  1031.43
 1072  1031.89
 1073  1032.34
 1074  1032.80
 1075  1033.26
 1076  1033.71
 1077  1034.17
 1078  1034.63
 1079  1035.08
 1080  1035.54
 1081  1036.00
 1082  1036.46
 1083  1036.92
 1084  1037.38
 1085  1037.84
 1086  1038.30
 1087  1038.76
 1088  1039.22
 1089  1039.68
 1090  1040.15
 1091  1040.61
 1092  1041.07
 1093  1041.54
 1094  1042.00
 1095  1042.46
 1096  1042.93
 1097  1043.39
 1098  1043.86
 1099  1044.32
 1100  1044.79
 1101  1045.26
 1102  1045.72
 1103  1046.19
 1104  1056.07
 1105  1056.55
 1106  1057.02
 1107  1057.50
 1108  1057.98
 1109  1058.45
 1110  1058.93
 1111  1059.41
 1112  1059.89
 1113  1060.37
 1114  1060.85
 1115  1061.33
 1116  1061.81
 1117  1062.29
 1118  1062.77
 1119  1063.25
 1120  1063.73
 1121  1064.22
 1122  1064.70
 1123  1065.18
 1124  1065.67
 1125  1066.15
 1126  1066.63
 1127  1067.12
 1128  1067.60
 1129  1068.09
 1130  1068.58
 1131  1069.06
 1132  1069.55
 1133  1070.04
 1134  1070.52
 1135  1071.01
 1136  1071.50
 1144  1075.43
 1155  1080.87
 1156  1081.37
 1157  1081.86
 1166  1086.36
 1167  1086.86
 1168  1087.37
 1169  1087.87
 1170  1088.37
 1171  1088.88
 1172  1089.38
 1173  1089.89
 1174  1090.39
 1177  1091.91
 1178  1092.42
 1179  1092.92
 1180  1093.43
 1181  1093.94
 1182  1094.45
 1183  1094.96
 1184  1095.47
 1185  1095.98
 1186  1096.49
 1187  1097.00
 1188  1097.51
 1189  1098.02
 1190  1098.53
 1194  1100.59
 1197  1102.13
 1198  1102.65
 1199  1103.16
 1200  1103.68
 1201  1104.20
 1202  1104.71
 1203  1105.23
 1204  1105.75
 1208  1107.83
 1209  1108.35
 1210  1108.87
 1211  1109.39
 1212  1109.92
 1213  1110.44
 1217  1112.53
 1218  1113.06
 1219  1113.59
 1220  1114.11
 1221  1114.64
 1222  1115.16
 1223  1115.69
 1224  1116.22
 1225  1116.75
 1226  1117.28
 1227  1117.81
 1228  1118.34
 1229  1118.87
 1230  1119.40
 1231  1119.93
 1235  1122.06
 1236  1122.59
 1237  1123.12
 1238  1123.66
 1239  1124.19
 1240  1124.73
 1241  1125.26
 1242  1125.80
 1243  1126.34
 1244  1126.88
 1245  1127.41
 1246  1127.95
 1247  1128.49
 1248  1129.03
 1249  1129.57
 1250  1130.11
 1251  1130.65
 1252  1131.19
 1253  1131.73
 1254  1132.27
 1255  1132.82
 1256  1133.36
 1257  1133.90
 1258  1134.45
 2402   727.75
 2449  1046.64
 2450  1047.09
 2451  1047.54
 2452  1047.99
 2453  1048.44
 2454  1048.89
 2455  1049.33
 2456  1049.78
 2457  1050.23
 2458  1050.68
 2459  1051.13
 2460  1051.58
 2461  1052.03
 2462  1052.48
 2463  1052.93
 2464  1053.38
 2465  1053.83
 2466  1054.27
 2467  1054.72
 2468  1055.17
 2469  1055.62
