   2.1140000e+03   2.3930386e+03
   2.1150000e+03   2.3940200e+03
   2.1160000e+03   2.3950022e+03
   2.1170000e+03   2.3959851e+03
   2.1180000e+03   2.3969690e+03
   2.1190000e+03   2.3979536e+03
   2.1200000e+03   2.3989390e+03
   2.1210000e+03   2.3999253e+03
   2.1220000e+03   2.4009124e+03
   2.1230000e+03   2.4019001e+03
   2.1240000e+03   2.4028889e+03
   2.1250000e+03   2.4038787e+03
   2.1260000e+03   2.4048689e+03
   2.1270000e+03   2.4058601e+03
   2.1280000e+03   2.4068523e+03
   2.1290000e+03   2.4078450e+03
   2.1300000e+03   2.4088389e+03
   2.1310000e+03   2.4098333e+03
   2.1320000e+03   2.4108286e+03
   2.1330000e+03   2.4118250e+03
   2.1340000e+03   2.4128218e+03
   2.1350000e+03   2.4138198e+03
   2.1360000e+03   2.4148184e+03
   2.1370000e+03   2.4158179e+03
   2.1380000e+03   2.4168184e+03
   2.1390000e+03   2.4178196e+03
   2.1400000e+03   2.4188215e+03
   2.1410000e+03   2.4198245e+03
   2.1420000e+03   2.4208281e+03
   2.1430000e+03   2.4218328e+03
   2.1440000e+03   2.4228381e+03
   2.1450000e+03   2.4461841e+03
   2.1460000e+03   2.4472085e+03
   2.1470000e+03   2.4482339e+03
   2.1480000e+03   2.4492600e+03
   2.1490000e+03   2.4502869e+03
   2.1500000e+03   2.4513147e+03
   2.1510000e+03   2.4523435e+03
   2.1520000e+03   2.4533730e+03
   2.1530000e+03   2.4544033e+03
   2.1540000e+03   2.4554346e+03
   2.1550000e+03   2.4564666e+03
   2.1560000e+03   2.4574995e+03
   2.1570000e+03   2.4585332e+03
   2.1580000e+03   2.4595679e+03
   2.1590000e+03   2.4606033e+03
   2.1600000e+03   2.4616396e+03
   2.1610000e+03   2.4626768e+03
   2.1620000e+03   2.4637148e+03
   2.1630000e+03   2.4647537e+03
   2.1640000e+03   2.4657935e+03
   2.1650000e+03   2.4668340e+03
   2.1660000e+03   2.4678755e+03
   2.1670000e+03   2.4689177e+03
   2.1680000e+03   2.4699609e+03
   2.1690000e+03   2.4710049e+03
   2.1700000e+03   2.4720498e+03
   2.1710000e+03   2.4730957e+03
   2.1720000e+03   2.4741423e+03
   2.1730000e+03   2.4751897e+03
   2.1740000e+03   2.4762380e+03
   2.1750000e+03   2.4772874e+03
   2.1760000e+03   2.4783374e+03
   2.1770000e+03   2.4793882e+03
   2.1780000e+03   2.4804402e+03
   2.1790000e+03   2.4814927e+03
   2.1800000e+03   2.4825464e+03
   2.1810000e+03   2.4836008e+03
   2.1820000e+03   2.4846560e+03
   2.1830000e+03   2.4857122e+03
   2.1840000e+03   2.4867693e+03
   2.1850000e+03   2.4878271e+03
   2.1860000e+03   2.4888860e+03
   2.1870000e+03   2.4899456e+03
   2.1880000e+03   2.4910061e+03
   2.1890000e+03   2.4920676e+03
   2.1900000e+03   2.4931299e+03
   2.1910000e+03   2.4941931e+03
   2.1920000e+03   2.4952571e+03
   2.1930000e+03   2.4963220e+03
   2.1940000e+03   2.4973879e+03
   2.1950000e+03   2.4984546e+03
   2.1960000e+03   2.4995222e+03
   2.1970000e+03   2.5005908e+03
   2.1980000e+03   2.5016602e+03
   2.1990000e+03   2.5027305e+03
   2.2000000e+03   2.5038015e+03
   2.2010000e+03   2.5048738e+03
   2.2020000e+03   2.5059465e+03
   2.2030000e+03   2.5070205e+03
   2.2040000e+03   2.5080952e+03
   2.2050000e+03   2.5091709e+03
   2.2060000e+03   2.5102473e+03
   2.2070000e+03   2.5113247e+03
   2.2080000e+03   2.5124031e+03
   2.2090000e+03   2.5134822e+03
   2.2100000e+03   2.5145623e+03
   2.2110000e+03   2.5156433e+03
   2.2120000e+03   2.5167253e+03
   2.2130000e+03   2.5178081e+03
   2.2140000e+03   2.5188918e+03
   2.2150000e+03   2.5199763e+03
   2.2160000e+03   2.5210618e+03
   2.2170000e+03   2.5221482e+03
   2.2180000e+03   2.5232356e+03
   2.2190000e+03   2.5243240e+03
   2.2200000e+03   2.5254131e+03
   2.2210000e+03   2.5265032e+03
   2.2220000e+03   2.5275940e+03
   2.2230000e+03   2.5286860e+03
   2.2240000e+03   2.5297788e+03
   2.2250000e+03   2.5308723e+03
   2.2260000e+03   2.5319670e+03
   2.2270000e+03   2.5330625e+03
   2.2280000e+03   2.5341589e+03
   2.2290000e+03   2.5352563e+03
   2.2300000e+03   2.5363547e+03
   2.2310000e+03   2.5374539e+03
   2.2320000e+03   2.5385540e+03
   2.2330000e+03   2.5396550e+03
   2.2340000e+03   2.5407571e+03
   2.2350000e+03   2.5418599e+03
   2.2360000e+03   2.5429639e+03
   2.2370000e+03   2.5440686e+03
   2.2380000e+03   2.5451741e+03
   2.2390000e+03   2.5462808e+03
   2.2610000e+03   2.5418894e+03
   2.2620000e+03   2.5428940e+03
   2.2630000e+03   2.5438994e+03
   2.2640000e+03   2.5449055e+03
   2.2650000e+03   2.5459126e+03
   2.2800000e+03   2.5611179e+03
   2.2860000e+03   2.5672527e+03
   2.2900000e+03   2.5713594e+03
   2.2910000e+03   2.5723882e+03
   2.2920000e+03   2.5734177e+03
   2.2930000e+03   2.5744482e+03
   2.2940000e+03   2.5754795e+03
   2.3020000e+03   2.5837605e+03
   2.3050000e+03   2.5868801e+03
   2.3060000e+03   2.5879216e+03
   2.3130000e+03   2.5952368e+03
   2.3160000e+03   2.5983848e+03
   2.3170000e+03   2.5994358e+03
   2.3200000e+03   2.6025942e+03
   2.3210000e+03   2.6036487e+03
   2.3270000e+03   2.6099946e+03
   2.3280000e+03   2.6110552e+03
   2.3310000e+03   2.6142427e+03
   2.3320000e+03   2.6153069e+03
   2.3330000e+03   2.6163718e+03
   2.3340000e+03   2.6174380e+03
   2.3460000e+03   2.6302991e+03
   2.3470000e+03   2.6313767e+03
   2.3480000e+03   2.6324553e+03
   2.3490000e+03   2.6335347e+03
   2.3610000e+03   2.6465579e+03
   2.3620000e+03   2.6476489e+03
   2.7170000e+03   2.4238108e+03
   2.7180000e+03   2.4247837e+03
   2.7190000e+03   2.4257563e+03
   2.7200000e+03   2.4267290e+03
   2.7210000e+03   2.4277019e+03
   2.7220000e+03   2.4286746e+03
   2.7230000e+03   2.4296472e+03
   2.7240000e+03   2.4306201e+03
   2.7250000e+03   2.4315928e+03
   2.7260000e+03   2.4325654e+03
   2.7270000e+03   2.4335383e+03
   2.7280000e+03   2.4345110e+03
   2.7290000e+03   2.4354839e+03
   2.7300000e+03   2.4364565e+03
   2.7310000e+03   2.4374292e+03
   2.7320000e+03   2.4384021e+03
   2.7330000e+03   2.4393748e+03
   2.7340000e+03   2.4403474e+03
   2.7350000e+03   2.4413203e+03
   2.7360000e+03   2.4422930e+03
   2.7370000e+03   2.4432659e+03
   2.7380000e+03   2.4442385e+03
   2.7390000e+03   2.4452112e+03
   2.7400000e+03   2.5708618e+03
   2.7410000e+03   2.5408848e+03
   2.7440000e+03   2.6685120e+03
   2.7450000e+03   2.6696050e+03
   2.7460000e+03   2.6706982e+03
   2.7570000e+03   2.6827229e+03
   2.7580000e+03   2.6838162e+03
   2.7590000e+03   2.6849092e+03
   2.7600000e+03   2.6860024e+03
   2.7610000e+03   2.6870955e+03
   2.7620000e+03   2.6881887e+03
   2.7700000e+03   2.6969338e+03
   2.7710000e+03   2.6980271e+03
   2.7720000e+03   2.6991204e+03
   2.7730000e+03   2.7002134e+03
   2.7740000e+03   2.7013066e+03
   2.7750000e+03   2.7023997e+03
   2.7760000e+03   2.7034929e+03
   2.7770000e+03   2.7045859e+03
   2.8030000e+03   2.7330081e+03
   2.8040000e+03   2.7341011e+03
   2.8050000e+03   2.7351943e+03
   2.8100000e+03   2.7406602e+03
   2.8110000e+03   2.7417532e+03
   2.8120000e+03   2.7428464e+03
   2.8130000e+03   2.7439395e+03
   2.8140000e+03   2.7450327e+03
   2.8150000e+03   2.7461260e+03
   2.8160000e+03   2.7472190e+03
   2.8170000e+03   2.7483123e+03
   2.8180000e+03   2.7494053e+03
   2.8260000e+03   2.7581506e+03
   2.8270000e+03   2.7592437e+03
   2.8280000e+03   2.7603369e+03
   2.8290000e+03   2.7614302e+03
   2.8300000e+03   2.7625232e+03
