 2240  2547.39
 2241  2548.50
 2242  2549.61
 2253  2561.87
 2254  2562.99
 2255  2564.11
 2256  2565.24
 2257  2566.36
 2266  2546.92
 2267  2547.93
 2268  2548.94
 2269  2549.95
 2281  2562.14
 2282  2563.16
 2283  2564.18
 2284  2565.20
 2285  2566.23
 2295  2576.51
 2296  2577.54
 2297  2578.58
 2298  2579.61
 2299  2580.65
 2300  2581.69
 2301  2582.72
 2303  2584.80
 2304  2585.84
 2307  2588.96
 2308  2590.01
 2309  2591.05
 2310  2592.10
 2311  2593.14
 2312  2594.19
 2314  2596.29
 2315  2597.33
 2318  2600.49
 2319  2601.54
 2322  2604.70
 2323  2605.76
 2324  2606.82
 2325  2607.88
 2326  2608.93
 2329  2612.12
 2330  2613.18
 2335  2618.50
 2336  2619.57
 2337  2620.64
 2338  2621.71
 2339  2622.78
 2340  2623.85
 2341  2624.92
 2342  2626.00
 2343  2627.07
 2344  2628.15
 2345  2629.22
 2350  2634.61
 2351  2635.70
 2352  2636.78
 2353  2637.86
 2354  2638.95
 2355  2640.03
 2356  2641.12
 2357  2642.20
 2358  2643.29
 2359  2644.38
 2360  2645.47
 2363  2648.74
 2364  2649.83
 2365  2650.93
 2366  2652.02
 2367  2653.12
 2368  2654.22
 2369  2655.31
 2370  2656.41
 2371  2657.51
 2372  2658.61
 2373  2659.71
 2374  2660.81
 2375  2661.92
 2376  2663.02
 2377  2664.13
 2378  2665.23
 2742  2666.33
 2743  2667.42
 2747  2671.79
 2748  2672.88
 2749  2673.98
 2750  2675.07
 2751  2676.16
 2752  2677.26
 2753  2678.35
 2754  2679.44
 2755  2680.54
 2756  2681.63
 2763  2689.28
 2764  2690.37
 2765  2691.47
 2766  2692.56
 2767  2693.65
 2768  2694.75
 2769  2695.84
 2778  2705.68
 2779  2706.77
 2780  2707.87
 2781  2708.96
 2782  2710.05
 2783  2711.15
 2784  2712.24
 2785  2713.33
 2786  2714.42
 2787  2715.52
 2788  2716.61
 2789  2717.70
 2790  2718.80
 2791  2719.89
 2792  2720.98
 2793  2722.08
 2794  2723.17
 2795  2724.26
 2796  2725.36
 2797  2726.45
 2798  2727.54
 2799  2728.64
 2800  2729.73
 2801  2730.82
 2802  2731.91
 2806  2736.29
 2807  2737.38
 2808  2738.47
 2809  2739.57
 2819  2750.50
 2820  2751.59
 2821  2752.68
 2822  2753.78
 2823  2754.87
 2824  2755.96
 2825  2757.06
 2831  2763.62
 2832  2764.71
 2833  2765.80
 2834  2766.90
