 1865  2181.49
 1866  2182.39
 1867  2183.30
 1868  2184.20
 1869  2185.11
 1870  2186.02
 1871  2186.93
 1872  2187.84
 1873  2188.75
 1874  2189.66
 1875  2190.58
 1876  2191.49
 1877  2192.40
 1878  2193.32
 1879  2194.23
 1880  2195.15
 1881  2196.07
 1882  2196.98
 1883  2197.90
 1884  2198.82
 1885  2199.74
 1886  2200.66
 1887  2201.58
 1888  2202.50
 1889  2203.43
 1890  2204.35
 1891  2205.28
 1892  2206.20
 1893  2207.13
 1894  2208.05
 1895  2208.98
 1896  2209.91
 1897  2210.84
 1898  2211.77
 1899  2212.70
 1900  2213.63
 1901  2214.56
 1902  2215.50
 1903  2216.43
 1904  2217.36
 1905  2218.30
 1906  2219.23
 1907  2220.17
 1908  2221.11
 1909  2222.05
 1910  2222.99
 1911  2223.93
 1912  2224.87
 1913  2225.81
 1914  2226.75
 1915  2227.69
 1916  2228.64
 1917  2229.58
 1918  2230.53
 1919  2231.47
 1920  2232.42
 1921  2233.37
 1922  2234.32
 1923  2235.27
 1924  2236.22
 1925  2237.17
 1926  2238.12
 1927  2239.07
 1928  2240.02
 1929  2240.98
 1930  2241.93
 1931  2242.89
 2697  2165.86
 2698  2166.73
 2699  2167.60
 2700  2168.46
 2701  2169.33
 2702  2170.20
 2703  2171.07
 2704  2171.94
 2705  2172.80
 2706  2173.67
 2707  2174.54
 2708  2175.41
 2709  2176.28
 2710  2177.14
 2711  2178.01
 2712  2178.88
 2713  2179.75
 2714  2180.62
