   1.9320000e+03   2.2438440e+03
   1.9330000e+03   2.2448010e+03
   1.9340000e+03   2.2457590e+03
   1.9350000e+03   2.2467178e+03
   1.9360000e+03   2.2476772e+03
   1.9370000e+03   2.2486377e+03
   1.9380000e+03   2.2495986e+03
   1.9390000e+03   2.2505605e+03
   1.9400000e+03   2.2515234e+03
   1.9410000e+03   2.2524871e+03
   1.9420000e+03   2.2534512e+03
   1.9430000e+03   2.2544165e+03
   1.9440000e+03   2.2553823e+03
   1.9450000e+03   2.2563491e+03
   1.9460000e+03   2.2573167e+03
   1.9470000e+03   2.2582852e+03
   1.9480000e+03   2.2592542e+03
   1.9490000e+03   2.2602241e+03
   1.9500000e+03   2.2611951e+03
   1.9510000e+03   2.2621667e+03
   1.9520000e+03   2.2631392e+03
   1.9530000e+03   2.2641123e+03
   1.9540000e+03   2.2650864e+03
   1.9550000e+03   2.2660613e+03
   1.9560000e+03   2.2670369e+03
   1.9570000e+03   2.2680134e+03
   1.9580000e+03   2.2689907e+03
   1.9590000e+03   2.2699688e+03
   1.9600000e+03   2.2709478e+03
   1.9610000e+03   2.2719275e+03
   1.9620000e+03   2.2729080e+03
   1.9630000e+03   2.2738894e+03
   1.9640000e+03   2.2748718e+03
   1.9650000e+03   2.2758547e+03
   1.9660000e+03   2.2768386e+03
   1.9670000e+03   2.2778232e+03
   1.9680000e+03   2.2788088e+03
   1.9690000e+03   2.2797952e+03
   1.9700000e+03   2.2807825e+03
   1.9710000e+03   2.2817705e+03
   1.9720000e+03   2.2827593e+03
   1.9730000e+03   2.2837490e+03
   1.9740000e+03   2.2847395e+03
   1.9750000e+03   2.2857307e+03
   1.9760000e+03   2.2867229e+03
   1.9770000e+03   2.2877158e+03
   1.9780000e+03   2.2887097e+03
   1.9790000e+03   2.2897043e+03
   1.9800000e+03   2.2907000e+03
   1.9810000e+03   2.2916963e+03
   1.9820000e+03   2.2926934e+03
   1.9830000e+03   2.2936914e+03
   1.9840000e+03   2.2946904e+03
   1.9850000e+03   2.2956899e+03
   1.9860000e+03   2.2966907e+03
   1.9870000e+03   2.2976919e+03
   1.9880000e+03   2.2986941e+03
   1.9890000e+03   2.2996973e+03
   1.9900000e+03   2.3007012e+03
   1.9910000e+03   2.3017061e+03
   1.9920000e+03   2.3027117e+03
   1.9930000e+03   2.3037180e+03
   1.9940000e+03   2.3047253e+03
   1.9950000e+03   2.3057334e+03
   1.9960000e+03   2.3067424e+03
   1.9970000e+03   2.3077524e+03
   1.9980000e+03   2.3087632e+03
   1.9990000e+03   2.3097747e+03
   2.0000000e+03   2.3107871e+03
   2.0010000e+03   2.3118005e+03
   2.0020000e+03   2.3128145e+03
   2.0030000e+03   2.3138296e+03
   2.0040000e+03   2.3148455e+03
   2.0050000e+03   2.3158621e+03
   2.0060000e+03   2.3168796e+03
   2.0070000e+03   2.3178982e+03
   2.0080000e+03   2.3189175e+03
   2.0090000e+03   2.3199377e+03
   2.0100000e+03   2.3209587e+03
   2.0110000e+03   2.3219807e+03
   2.0120000e+03   2.3230034e+03
   2.0130000e+03   2.3240271e+03
   2.0140000e+03   2.3250515e+03
   2.0150000e+03   2.2997891e+03
   2.0160000e+03   2.3006938e+03
   2.0170000e+03   2.3015991e+03
   2.0180000e+03   2.3025051e+03
   2.0190000e+03   2.3034119e+03
   2.0200000e+03   2.3043196e+03
   2.0210000e+03   2.3052278e+03
   2.0220000e+03   2.3061367e+03
   2.0230000e+03   2.3070466e+03
   2.0240000e+03   2.3079570e+03
   2.0250000e+03   2.3088682e+03
   2.0260000e+03   2.3097803e+03
   2.0270000e+03   2.3106929e+03
   2.0280000e+03   2.3116064e+03
   2.0290000e+03   2.3125208e+03
   2.0300000e+03   2.3134355e+03
   2.0310000e+03   2.3143513e+03
   2.0320000e+03   2.3152678e+03
   2.0330000e+03   2.3161851e+03
   2.0340000e+03   2.3171030e+03
   2.0350000e+03   2.3180217e+03
   2.0360000e+03   2.3189412e+03
   2.0370000e+03   2.3198613e+03
   2.0380000e+03   2.3207822e+03
   2.0390000e+03   2.3217041e+03
   2.0400000e+03   2.3226265e+03
   2.0410000e+03   2.3235498e+03
   2.0420000e+03   2.3244736e+03
   2.0430000e+03   2.3253984e+03
   2.0440000e+03   2.3263240e+03
   2.0450000e+03   2.3272502e+03
   2.0460000e+03   2.3281772e+03
   2.0470000e+03   2.3291050e+03
   2.0480000e+03   2.3300334e+03
   2.0490000e+03   2.3309629e+03
   2.0500000e+03   2.3318928e+03
   2.0510000e+03   2.3328237e+03
   2.0520000e+03   2.3337554e+03
   2.0530000e+03   2.3346875e+03
   2.0540000e+03   2.3356206e+03
   2.0550000e+03   2.3365547e+03
   2.0560000e+03   2.3374893e+03
   2.0570000e+03   2.3384246e+03
   2.0580000e+03   2.3393608e+03
   2.0590000e+03   2.3402979e+03
   2.0600000e+03   2.3412356e+03
   2.0610000e+03   2.3421741e+03
   2.0620000e+03   2.3431133e+03
   2.0630000e+03   2.3440532e+03
   2.0640000e+03   2.3449941e+03
   2.0650000e+03   2.3459355e+03
   2.0660000e+03   2.3468779e+03
   2.0670000e+03   2.3478210e+03
   2.0680000e+03   2.3487651e+03
   2.0690000e+03   2.3497097e+03
   2.0700000e+03   2.3506553e+03
   2.0710000e+03   2.3516013e+03
   2.0720000e+03   2.3525483e+03
   2.0730000e+03   2.3534963e+03
   2.0740000e+03   2.3544448e+03
   2.0750000e+03   2.3553943e+03
   2.0760000e+03   2.3563442e+03
   2.0770000e+03   2.3572952e+03
   2.0780000e+03   2.3582471e+03
   2.0790000e+03   2.3591995e+03
   2.0800000e+03   2.3601528e+03
   2.0810000e+03   2.3611069e+03
   2.0820000e+03   2.3620618e+03
   2.0830000e+03   2.3630173e+03
   2.0840000e+03   2.3639739e+03
   2.0850000e+03   2.3649312e+03
   2.0860000e+03   2.3658892e+03
   2.0870000e+03   2.3668479e+03
   2.0880000e+03   2.3678076e+03
   2.0890000e+03   2.3687678e+03
   2.0900000e+03   2.3697290e+03
   2.0910000e+03   2.3706912e+03
   2.0920000e+03   2.3716538e+03
   2.0930000e+03   2.3726174e+03
   2.0940000e+03   2.3735818e+03
   2.0950000e+03   2.3745471e+03
   2.0960000e+03   2.3755132e+03
   2.0970000e+03   2.3764797e+03
   2.0980000e+03   2.3774475e+03
   2.0990000e+03   2.3784158e+03
   2.1000000e+03   2.3793850e+03
   2.1010000e+03   2.3803550e+03
   2.1020000e+03   2.3813259e+03
   2.1030000e+03   2.3822974e+03
   2.1040000e+03   2.3832698e+03
   2.1050000e+03   2.3842432e+03
   2.1060000e+03   2.3852170e+03
   2.1070000e+03   2.3861919e+03
   2.1080000e+03   2.3871677e+03
   2.1090000e+03   2.3881440e+03
   2.1100000e+03   2.3891213e+03
   2.1110000e+03   2.3900994e+03
   2.1120000e+03   2.3910784e+03
   2.1130000e+03   2.3920581e+03
   2.2430000e+03   2.5507166e+03
   2.2440000e+03   2.5518276e+03
   2.2450000e+03   2.5529399e+03
   2.2460000e+03   2.5540530e+03
   2.2470000e+03   2.5551670e+03
   2.2480000e+03   2.5562820e+03
   2.2490000e+03   2.5573979e+03
   2.2500000e+03   2.5585149e+03
   2.2510000e+03   2.5596326e+03
   2.2520000e+03   2.5607515e+03
   2.2580000e+03   2.5674836e+03
   2.2590000e+03   2.5686091e+03
   2.2600000e+03   2.5697354e+03
   2.2700000e+03   2.5509604e+03
   2.2710000e+03   2.5519724e+03
   2.2720000e+03   2.5529854e+03
   2.2730000e+03   2.5539990e+03
   2.2740000e+03   2.5550134e+03
   2.2750000e+03   2.5560288e+03
   2.2760000e+03   2.5570449e+03
   2.2770000e+03   2.5580620e+03
   2.2780000e+03   2.5590798e+03
   2.2790000e+03   2.5600984e+03
   2.2870000e+03   2.5682781e+03
   2.2880000e+03   2.5693044e+03
   2.2890000e+03   2.5703313e+03
   2.7150000e+03   2.3260762e+03
   2.7160000e+03   2.2988845e+03
