   1.9120000e+03   2.2248857e+03   1.6217082e-03
   1.9130000e+03   2.2258271e+03   1.6655271e-03
   1.9140000e+03   2.2267693e+03   1.6650504e-03
   1.9150000e+03   2.2277123e+03   2.0366734e-03
   1.9160000e+03   2.2286560e+03   2.8343225e-03
   1.9170000e+03   2.2296006e+03   2.7572141e-03
   1.9180000e+03   2.2305459e+03   3.9288639e-03
   1.9190000e+03   2.2314920e+03   3.8103678e-03
   1.9200000e+03   2.2324389e+03   5.0347630e-03
   1.9210000e+03   2.2333866e+03   5.5752328e-03
   1.9220000e+03   2.2343350e+03   6.0130587e-03
   1.9230000e+03   2.2352843e+03   7.4352834e-03
   1.9240000e+03   2.2362343e+03   7.0569895e-03
   1.9250000e+03   2.2371851e+03   9.3109718e-03
   1.9260000e+03   2.2381367e+03   8.7717284e-03
   1.9270000e+03   2.2390891e+03   1.1592113e-02
   1.9280000e+03   2.2400423e+03   1.1333764e-02
   1.9290000e+03   2.2409963e+03   1.3434204e-02
   1.9300000e+03   2.2419511e+03   1.4197003e-02
   1.9310000e+03   2.2429067e+03   1.5394545e-02
   1.9320000e+03   2.2438630e+03   1.7563693e-02
   1.9330000e+03   2.2448202e+03   1.7601096e-02
   1.9340000e+03   2.2457782e+03   2.0650909e-02
   1.9350000e+03   2.2467369e+03   1.9815290e-02
   1.9360000e+03   2.2476965e+03   2.3081673e-02
   1.9370000e+03   2.2486568e+03   2.2042953e-02
   1.9380000e+03   2.2496180e+03   2.5386117e-02
   1.9390000e+03   2.2505799e+03   2.4375166e-02
   1.9400000e+03   2.2515427e+03   2.7529771e-02
   1.9410000e+03   2.2525062e+03   2.6479655e-02
   1.9420000e+03   2.2534706e+03   2.9041582e-02
   1.9430000e+03   2.2544357e+03   2.7997119e-02
   1.9440000e+03   2.2554017e+03   3.0131046e-02
   1.9450000e+03   2.2563685e+03   2.8987829e-02
   1.9460000e+03   2.2573361e+03   3.0140644e-02
   1.9470000e+03   2.2583044e+03   2.9196342e-02
   1.9480000e+03   2.2592736e+03   3.1361548e-02
   1.9490000e+03   2.2602436e+03   3.1285707e-02
   1.9500000e+03   2.2612144e+03   3.0447796e-02
   1.9510000e+03   2.2621861e+03   3.0629411e-02
   1.9520000e+03   2.2631585e+03   3.0997515e-02
   1.9530000e+03   2.2641318e+03   3.3481206e-02
   1.9540000e+03   2.2651058e+03   3.3722305e-02
   1.9550000e+03   2.2660807e+03   3.5337097e-02
   1.9560000e+03   2.2670564e+03   3.4700557e-02
   1.9570000e+03   2.2680329e+03   3.6209144e-02
   1.9580000e+03   2.2690102e+03   3.6004765e-02
   1.9590000e+03   2.2699884e+03   3.4793618e-02
   1.9600000e+03   2.2709673e+03   3.8011380e-02
   1.9610000e+03   2.2719471e+03   3.6250189e-02
   1.9620000e+03   2.2729277e+03   3.8728473e-02
   1.9630000e+03   2.2739091e+03   3.7371818e-02
   1.9640000e+03   2.2748914e+03   4.2377241e-02
   1.9650000e+03   2.2758744e+03   4.2395387e-02
   1.9660000e+03   2.2768583e+03   3.9704550e-02
   1.9670000e+03   2.2778430e+03   4.3760368e-02
   1.9680000e+03   2.2788286e+03   4.1695909e-02
   1.9690000e+03   2.2798149e+03   4.4002704e-02
   1.9700000e+03   2.2808021e+03   4.1617396e-02
   1.9710000e+03   2.2817902e+03   4.0144268e-02
   1.9720000e+03   2.2827790e+03   3.8007154e-02
   1.9730000e+03   2.2837687e+03   3.9875328e-02
   1.9740000e+03   2.2847592e+03   4.8551445e-02
   1.9750000e+03   2.2857506e+03   5.2049185e-02
   1.9760000e+03   2.2867428e+03   6.5314371e-02
   1.9770000e+03   2.2877358e+03   6.8091679e-02
   1.9780000e+03   2.2887296e+03   7.5508714e-02
   1.9790000e+03   2.2897243e+03   8.7645843e-02
   1.9800000e+03   2.2907198e+03   9.2366412e-02
   1.9810000e+03   2.2917162e+03   9.8173594e-02
   1.9820000e+03   2.2927134e+03   1.0255268e-01
   1.9830000e+03   2.2937114e+03   1.1901613e-01
   1.9840000e+03   2.2947103e+03   1.1616122e-01
   1.9850000e+03   2.2957100e+03   1.3079912e-01
   1.9860000e+03   2.2967106e+03   1.3808023e-01
   1.9870000e+03   2.2977120e+03   1.4923773e-01
   1.9880000e+03   2.2987142e+03   1.5497918e-01
   1.9890000e+03   2.2997173e+03   1.5703312e-01
   1.9900000e+03   2.3007213e+03   1.7131660e-01
   1.9910000e+03   2.3017261e+03   1.7803924e-01
   1.9920000e+03   2.3027317e+03   1.9299886e-01
   1.9930000e+03   2.3037382e+03   1.9254480e-01
   1.9940000e+03   2.3047455e+03   2.0478602e-01
   1.9950000e+03   2.3057537e+03   2.0430282e-01
   1.9960000e+03   2.3067627e+03   2.2043202e-01
   1.9970000e+03   2.3077726e+03   2.2306343e-01
   1.9980000e+03   2.3087834e+03   2.3573684e-01
   1.9990000e+03   2.3097949e+03   2.3462374e-01
   2.0000000e+03   2.3108074e+03   2.4580593e-01
   2.0010000e+03   2.3118207e+03   2.4505497e-01
   2.0020000e+03   2.3128349e+03   2.4572006e-01
   2.0030000e+03   2.3138499e+03   2.3947925e-01
   2.0040000e+03   2.3148658e+03   2.3188322e-01
   2.0050000e+03   2.3158825e+03   2.2999912e-01
   2.0060000e+03   2.3169001e+03   2.3293156e-01
   2.0070000e+03   2.3179186e+03   2.3377216e-01
   2.0080000e+03   2.3189379e+03   2.3493924e-01
   2.0090000e+03   2.3199581e+03   2.2982534e-01
   2.0100000e+03   2.3209791e+03   2.2227386e-01
   2.0110000e+03   2.3220010e+03   2.1460661e-01
   2.0120000e+03   2.3230238e+03   2.1475307e-01
   2.0130000e+03   2.3240475e+03   2.1369957e-01
   2.0140000e+03   2.3250720e+03   1.8922160e-01
   2.0150000e+03   2.2998072e+03   1.5680863e-01
   2.0160000e+03   2.3007118e+03   1.7356734e-01
   2.0170000e+03   2.3016172e+03   1.7137026e-01
   2.0180000e+03   2.3025233e+03   1.9357207e-01
   2.0190000e+03   2.3034301e+03   1.8639892e-01
   2.0200000e+03   2.3043376e+03   2.0857048e-01
   2.0210000e+03   2.3052459e+03   2.1026058e-01
   2.0220000e+03   2.3061549e+03   2.0725416e-01
   2.0230000e+03   2.3070647e+03   2.2545453e-01
   2.0240000e+03   2.3079752e+03   2.1844790e-01
   2.0250000e+03   2.3088865e+03   2.3993214e-01
   2.0260000e+03   2.3097985e+03   2.3132142e-01
   2.0270000e+03   2.3107112e+03   2.4783051e-01
   2.0280000e+03   2.3116247e+03   2.4699217e-01
   2.0290000e+03   2.3125390e+03   2.3943438e-01
   2.0300000e+03   2.3134539e+03   2.4600205e-01
   2.0310000e+03   2.3143697e+03   2.2879875e-01
   2.0320000e+03   2.3152862e+03   2.3397439e-01
   2.0330000e+03   2.3162034e+03   2.2679801e-01
   2.0340000e+03   2.3171213e+03   2.3639643e-01
   2.0350000e+03   2.3180401e+03   2.3043279e-01
   2.0360000e+03   2.3189595e+03   2.3700687e-01
   2.0370000e+03   2.3198798e+03   2.2706402e-01
   2.0380000e+03   2.3208008e+03   2.2843500e-01
   2.0390000e+03   2.3217225e+03   2.1599730e-01
   2.0400000e+03   2.3226450e+03   2.0906333e-01
   2.0410000e+03   2.3235682e+03   2.1987864e-01
   2.0420000e+03   2.3244922e+03   2.0763482e-01
   2.0430000e+03   2.3254170e+03   1.7922756e-01
   2.0440000e+03   2.3263425e+03   1.6691224e-01
   2.0450000e+03   2.3272687e+03   1.7214577e-01
   2.0460000e+03   2.3281958e+03   1.8612677e-01
   2.0470000e+03   2.3291235e+03   1.9529153e-01
   2.0480000e+03   2.3300521e+03   2.0524132e-01
   2.0490000e+03   2.3309814e+03   2.1341902e-01
   2.0500000e+03   2.3319115e+03   2.1344209e-01
   2.0510000e+03   2.3328423e+03   2.2003716e-01
   2.0520000e+03   2.3337739e+03   2.3013627e-01
   2.0530000e+03   2.3347063e+03   2.3144266e-01
   2.0540000e+03   2.3356394e+03   2.6607700e-01
   2.0550000e+03   2.3365733e+03   2.8827397e-01
   2.0560000e+03   2.3375079e+03   2.3587670e-01
   2.0570000e+03   2.3384434e+03   2.2942096e-01
   2.0580000e+03   2.3393795e+03   2.4736419e-01
   2.0590000e+03   2.3403165e+03   2.4494176e-01
   2.0600000e+03   2.3412542e+03   2.3965370e-01
   2.0610000e+03   2.3421927e+03   2.5029735e-01
   2.0620000e+03   2.3431320e+03   2.4021487e-01
   2.0630000e+03   2.3440721e+03   2.1820898e-01
   2.0640000e+03   2.3450129e+03   2.2013656e-01
   2.0650000e+03   2.3459545e+03   2.1797791e-01
   2.0660000e+03   2.3468969e+03   2.1541884e-01
   2.0670000e+03   2.3478400e+03   2.0201378e-01
   2.0680000e+03   2.3487839e+03   1.7974237e-01
   2.0690000e+03   2.3497286e+03   1.8365487e-01
   2.0700000e+03   2.3506741e+03   1.8329223e-01
   2.0710000e+03   2.3516204e+03   1.6962952e-01
   2.0720000e+03   2.3525674e+03   1.6690529e-01
   2.0730000e+03   2.3535152e+03   1.6083169e-01
   2.0740000e+03   2.3544638e+03   1.4939902e-01
   2.0750000e+03   2.3554132e+03   1.5091923e-01
   2.0760000e+03   2.3563634e+03   1.4583113e-01
   2.0770000e+03   2.3573143e+03   1.3245995e-01
   2.0780000e+03   2.3582660e+03   1.3418773e-01
   2.0790000e+03   2.3592186e+03   1.2736348e-01
   2.0800000e+03   2.3601719e+03   1.1280692e-01
   2.0810000e+03   2.3611260e+03   1.1207783e-01
   2.0820000e+03   2.3620808e+03   1.1037530e-01
   2.0830000e+03   2.3630365e+03   1.0033307e-01
   2.0840000e+03   2.3639930e+03   9.2106361e-02
   2.0850000e+03   2.3649502e+03   9.0206955e-02
   2.0860000e+03   2.3659083e+03   8.3258244e-02
   2.0870000e+03   2.3668671e+03   7.1509484e-02
   2.0880000e+03   2.3678267e+03   6.2781222e-02
   2.0890000e+03   2.3687871e+03   6.0524652e-02
   2.0900000e+03   2.3697484e+03   5.9416485e-02
   2.0910000e+03   2.3707104e+03   5.5500533e-02
   2.0920000e+03   2.3716732e+03   5.1405120e-02
   2.0930000e+03   2.3726368e+03   5.0755010e-02
   2.0940000e+03   2.3736012e+03   5.1820521e-02
   2.0950000e+03   2.3745664e+03   5.4703451e-02
   2.0960000e+03   2.3755324e+03   5.8829354e-02
   2.0970000e+03   2.3764992e+03   6.2558945e-02
   2.0980000e+03   2.3774668e+03   6.4065698e-02
   2.0990000e+03   2.3784352e+03   6.2432266e-02
   2.1000000e+03   2.3794044e+03   5.9070222e-02
   2.1010000e+03   2.3803744e+03   5.5246006e-02
   2.1020000e+03   2.3813453e+03   5.1079260e-02
   2.1030000e+03   2.3823169e+03   4.5718397e-02
   2.1040000e+03   2.3832893e+03   3.8955890e-02
   2.1050000e+03   2.3842626e+03   3.2597896e-02
   2.1060000e+03   2.3852366e+03   2.6028339e-02
   2.1070000e+03   2.3862115e+03   1.8889330e-02
   2.1080000e+03   2.3871871e+03   1.2578287e-02
   2.1090000e+03   2.3881636e+03   8.0218756e-03
   2.1100000e+03   2.3891409e+03   4.7593289e-03
   2.1110000e+03   2.3901190e+03   2.2765500e-03
   2.1120000e+03   2.3910979e+03   1.0263520e-03
   2.7150000e+03   2.3260966e+03   1.7105056e-01
   2.7160000e+03   2.2989026e+03   1.5606639e-01
