  279   729.26
  284   730.78
  315   740.34
  321   742.22
  322   742.54
  328   744.43
  329   744.74
  340   748.24
  341   748.56
  352   752.09
  353   752.41
  357   753.70
  358   754.02
  359   754.35
  360   754.67
  361   755.00
  365   756.30
  398   767.20
  399   767.54
  402   768.54
  403   768.88
  404   769.22
  406   769.89
  407   770.23
  422   775.33
  423   775.67
  424   776.01
  426   776.70
  427   777.04
  428   777.38
  433   779.11
  434   779.45
  435   779.80
  454   793.52
  455   793.88
  456   794.24
  459   795.31
  460   795.67
  461   796.03
  462   796.39
  464   797.11
  465   797.47
  466   797.83
  467   798.20
  468   798.56
  469   798.92
  470   799.28
  479   802.55
  480   802.92
  481   803.28
  482   803.65
  483   804.02
  488   805.85
  489   806.22
  490   806.59
  493   807.70
  494   808.07
  495   808.44
  496   808.81
  509   813.65
  510   814.02
  511   814.40
  512   814.78
  539   825.04
  540   825.43
  544   826.97
  545   827.36
  546   827.74
  547   828.13
  566   835.56
  576   839.51
  577   839.91
  578   840.31
  582   841.91
  600   849.16
  601   849.57
  602   849.97
  607   852.01
  608   852.42
  611   852.10
  612   852.41
  613   852.72
  614   853.02
  615   853.33
  616   853.64
  618   854.26
  619   854.56
  620   854.87
  631   858.29
  632   858.60
  635   859.54
  636   859.85
  652   864.89
  653   865.21
  654   865.53
  655   865.85
  671   870.96
  672   871.29
  673   871.61
  693   878.11
  694   878.43
  695   878.76
  702   881.07
  708   883.05
  709   883.38
  710   883.71
  711   884.05
  720   887.05
  721   887.38
  724   888.39
  725   888.72
  729   890.07
  732   891.08
  733   891.42
  777   913.72
  778   914.08
  790   918.38
  791   918.74
  798   921.28
  799   921.64
  800   922.00
  801   922.37
  807   924.55
  808   924.92
  809   925.28
  819   928.96
  869   947.80
  870   948.18
  871   948.57
  883   953.21
  884   953.60
  888   955.16
  889   955.55
  937   973.81
  942   975.85
  943   976.26
 1141  1073.95
 1142  1074.44
 1143  1074.93
 1175  1090.90
 1176  1091.40
 1191  1099.05
 1192  1099.56
 1193  1100.07
 1195  1101.10
 1196  1101.62
 1205  1106.27
 1206  1106.79
 1207  1107.31
 1214  1110.96
 1215  1111.49
 1216  1112.01
 1232  1120.46
 1233  1120.99
 1234  1121.52
 1259  1134.99
 1260  1135.54
 1261  1136.08
 1265  1217.98
 1266  1218.49
 1267  1219.00
 1269  1220.02
 1270  1220.53
 1271  1221.04
 1272  1221.55
 1278  1224.62
 1279  1225.13
 1280  1225.64
 1281  1226.16
 1282  1226.67
 1283  1227.19
 1287  1229.25
 1305  1238.63
 1306  1239.15
 1307  1239.68
 1308  1240.21
 1312  1242.31
 1313  1242.84
 1314  1243.37
 1315  1243.90
 1316  1244.43
 1323  1248.15
 1324  1248.68
 1328  1250.82
 1329  1251.35
 1330  1251.89
 1331  1252.42
 1332  1252.96
 1333  1253.50
 1340  1257.27
 1341  1257.81
 1342  1258.35
 1343  1258.89
 1346  1260.52
 1347  1261.06
 1352  1263.79
 1353  1264.33
 1354  1264.88
 1355  1265.43
 1356  1265.98
 1357  1266.52
 1358  1267.07
 1359  1267.62
 1360  1268.17
 1361  1268.72
 1363  1269.82
 1364  1270.37
 1366  1271.48
 1368  1272.58
 1369  1284.34
 1370  1284.91
 1371  1285.47
 1372  1286.03
 1373  1286.60
 1374  1287.16
 1375  1287.73
 1376  1288.30
 1377  1288.86
 1378  1289.43
 1379  1290.00
 1380  1290.57
 1381  1291.13
 1382  1291.70
 1383  1292.27
 1389  1295.70
 1390  1296.27
 1391  1296.85
 1410  1307.84
 1411  1308.42
 1412  1309.00
 1417  1311.93
 1418  1312.52
 1419  1313.11
 1420  1313.69
 1421  1314.28
 1422  1314.87
 1423  1315.46
 1424  1316.05
 1425  1316.64
 1426  1317.23
 1427  1317.83
 1428  1318.42
 1429  1319.01
 1430  1319.60
 1431  1320.20
 1432  1320.79
 1433  1321.39
 1435  1322.58
 1436  1323.17
 1437  1323.77
 1438  1324.37
 1439  1324.96
 1440  1325.56
 1441  1326.16
 1443  1327.36
 1444  1327.96
 1445  1328.56
 1446  1329.16
 1447  1329.76
 1448  1330.37
 1453  1333.39
 1454  1333.99
 1455  1334.60
 1456  1335.21
 1457  1335.81
 1458  1336.42
 1459  1337.03
 1461  1338.25
 1462  1338.86
 1463  1338.16
 1464  1338.66
 1465  1339.17
 1466  1339.68
 1467  1340.19
 1468  1340.70
 1474  1343.77
 1475  1344.28
 1476  1344.79
 1477  1345.31
 1478  1345.82
 1484  1348.91
 1485  1349.43
 1486  1349.95
 1489  1351.50
 1490  1352.02
 1491  1352.54
 1494  1354.10
 1495  1354.62
 1500  1357.23
 1501  1357.75
 1502  1358.28
 1503  1358.80
 1504  1359.33
 1507  1360.90
 1508  1361.43
 1509  1361.96
 1510  1362.48
 1511  1363.01
 1512  1363.54
 1513  1364.07
 1514  1364.60
 1519  1367.25
 1520  1367.78
 1522  1368.84
 1523  1369.38
 1524  1369.91
 1525  1370.44
 1526  1370.98
 1527  1371.51
 1528  1372.05
 1529  1372.58
 1530  1373.12
 1531  1373.65
 1532  1374.19
 1533  1374.73
 1534  1375.27
 1535  1375.80
 1536  1376.34
 1537  1376.88
 1538  1377.42
 1539  1377.96
 1540  1378.50
 1541  1379.04
 1542  1379.58
 1543  1380.12
 1544  1380.67
 1545  1381.21
 1546  1381.75
 1547  1382.29
 1548  1382.84
 1549  1383.38
 1550  1383.93
 1551  1384.47
 1552  1385.02
 1553  1385.56
 1554  1386.11
 1555  1386.66
 1556  1387.20
 1557  1387.75
 1558  1388.30
 1559  1388.85
 1560  1389.40
 1561  1389.95
 1562  1390.50
 1563  1391.05
 1564  1391.60
 1565  1392.15
 1566  1392.70
 1567  1393.25
 1568  1393.80
 1569  1394.36
 1570  1394.91
 1571  1395.46
 1572  1396.02
 1573  1396.57
 1574  1397.13
 1575  1397.69
 1576  1398.24
 1577  1398.80
 1578  1399.36
 1579  1399.91
 1580  1400.47
 1581  1401.03
 1582  1401.59
 1583  1402.15
 1584  1402.71
 1585  1403.27
 1586  1403.83
 1587  1404.39
 1588  1404.95
 1589  1405.51
 1590  1406.08
 1591  1406.64
 1592  1407.20
 1593  1407.77
 1594  1408.33
 1595  1408.90
 1596  1409.46
 1597  1410.03
 1598  1410.59
 1599  1411.16
 1600  1411.73
 1601  1412.30
 1602  1412.86
 1603  1413.43
 1604  1414.00
 1605  1414.57
 1606  1415.14
 1607  1415.71
 1608  1416.28
 1609  1416.85
 1610  1417.43
 1611  1418.00
 1612  1418.57
 1613  1419.15
 1614  1419.72
 1615  1420.29
 1616  1420.87
 1617  1421.44
 1618  1422.02
 1619  1422.60
 1620  1423.17
 1621  1423.75
 1622  1424.33
 1623  1424.91
 1624  1425.48
 1625  1426.06
 1626  1426.64
 1627  1427.22
 1628  1427.80
 1629  1428.38
 1630  1428.97
 1631  1429.55
 1632  1430.13
 1633  1430.71
 1634  1431.30
 1635  1431.88
 1636  1432.47
 1637  1433.05
 1638  1433.64
 1639  1434.22
 1640  1434.81
 1641  1435.39
 1642  1435.98
 1643  1436.57
 1644  1437.16
 1645  1437.75
 1646  1438.34
 1647  1438.93
 1648  1439.52
 1649  1440.11
 1650  1440.70
 1651  1441.29
 1652  1441.88
 1653  1442.47
 1654  1443.07
 1655  1460.26
 1656  1460.87
 1657  1461.48
 1658  1462.09
 1659  1462.69
 1660  1463.31
 1661  1463.92
 1662  1464.53
 1663  1465.14
 1664  1465.75
 1665  1466.36
 1666  1466.98
 1667  1467.59
 1668  1468.21
 1669  1468.82
 1670  1469.44
 1671  1470.05
 1672  1470.67
 1673  1471.29
 1674  1471.90
 1675  1472.52
 1676  1473.14
 1677  1473.76
 1678  1474.38
 1679  1475.00
 1680  1475.62
 1681  1476.24
 1682  1476.86
 1683  1477.48
 1684  1478.11
 1685  1478.73
 1686  1479.35
 1687  1479.98
 1688  1480.60
 1689  1481.23
 1690  1481.85
 1691  1482.48
 1692  1483.11
 1693  1483.73
 1694  1484.36
 1695  1484.99
 1696  1485.62
 1697  1486.25
 1698  1486.88
 1699  1487.51
 1700  1488.14
 1701  1488.77
 1702  1489.40
 1703  1490.04
 1704  1490.67
 1705  1491.30
 1706  1491.94
 1707  1492.57
 1708  1493.21
 1709  1493.84
 1710  1494.48
 1711  1495.12
 1712  1495.76
 1713  1496.39
 1714  1497.03
 1715  1497.67
 1716  1498.31
 1717  1498.95
 1718  1499.59
 1719  1500.23
 1720  1500.87
 1721  1501.52
 1722  1502.16
 1723  1502.80
 1724  1503.45
 1725  1504.09
 1726  1504.74
 1727  1505.38
 1728  1506.03
 1729  1506.68
 1730  1507.32
 1731  1507.97
 1732  1508.62
 1733  1509.27
 1734  1509.92
 1735  1510.57
 1736  1511.22
 1737  1511.87
 1738  1512.52
 1739  1513.17
 1740  1513.83
 1741  1514.48
 1742  1515.13
 1743  1515.79
 1744  1516.44
 1745  1517.10
 1746  1517.75
 1747  1518.41
 1748  1519.07
 1749  1519.73
 1750  1520.38
 1751  1521.04
 1752  1521.70
 1753  1522.36
 1754  1523.02
 1755  1523.68
 1756  1524.35
 1757  1525.01
 1758  1525.67
 1759  1526.33
 1760  1527.00
 1761  1541.09
 1762  1541.77
 1763  1542.44
 1764  1543.12
 1765  1543.80
 1766  1544.47
 1767  1545.15
 1768  1545.83
 1769  1546.51
 1770  1547.19
 1771  1547.87
 1772  1548.56
 1773  1549.24
 1774  1549.92
 1775  1550.60
 1776  1551.29
 1777  1551.97
 1778  1552.66
 1779  1553.34
 1780  1554.03
 1781  1554.72
 1782  1555.41
 1783  1556.09
 1784  1556.78
 1785  1557.47
 1786  1558.16
 1787  1558.85
 1788  1559.54
 1789  1560.23
 1790  1560.93
 1791  1561.62
 1792  1562.31
 1793  1563.01
 1794  1563.70
 1795  1564.40
 1796  1565.09
 1797  1565.79
 1798  1566.49
 1799  1567.18
 1800  1567.88
 1801  1568.58
 1802  1569.28
 1803  1569.98
 1804  1570.68
 1805  1571.38
 1806  1572.09
 1807  1572.79
 1808  1573.49
 1809  1574.19
 1810  1574.90
 1811  1575.60
 1812  1576.31
 1813  1577.02
 1814  1577.72
 1815  1578.43
 1816  1579.14
 1817  1579.85
 1818  1580.56
 1819  1581.27
 1820  1581.98
 1821  1582.69
 1822  1583.40
 1823  1584.11
 1824  1584.82
 1825  1585.54
 1826  1586.25
 1827  1586.97
 1828  1587.68
 1829  1588.40
 1830  1589.11
 1831  1589.83
 1832  1590.55
 1833  1591.27
 1834  1591.99
 1835  1592.71
 1836  1593.43
 1837  1594.15
 1838  1594.87
 1839  1595.59
 1840  1596.31
 1841  1597.04
 1842  1597.76
 1843  1598.49
 1844  1599.21
 1845  1599.94
 1846  1600.67
 1847  1601.39
 1848  1602.12
 1849  1602.85
 1850  1603.58
 1851  1604.31
 1852  1605.04
 1853  1605.77
 1854  1606.50
 1855  1607.23
 1856  1607.97
 1857  1608.70
 1858  1609.43
 1859  1610.17
 1860  1610.91
 1861  1611.64
 1862  1612.38
 1863  1613.12
 1864  1613.85
 2408   783.89
 2409   784.23
 2410   784.56
 2411   784.90
 2424   852.83
 2432   906.15
 2433   906.49
 2434   906.82
 2439   908.52
 2440   908.86
 2441   909.20
 2470  1137.15
 2471  1137.67
 2493  1149.15
 2494  1149.67
 2497  1151.24
 2498  1151.76
 2499  1152.28
 2500  1152.80
 2523  1164.80
 2524  1165.32
 2525  1165.84
 2526  1166.37
 2539  1173.15
 2540  1173.67
 2541  1174.19
 2542  1174.71
 2543  1175.23
 2554  1180.97
 2564  1186.19
 2565  1186.71
 2566  1187.23
 2567  1187.75
 2573  1190.88
 2574  1191.41
 2578  1193.49
 2586  1197.67
 2587  1198.19
 2588  1198.71
 2602  1206.01
 2603  1206.53
 2611  1210.71
 2612  1211.23
 2613  1211.75
 2614  1212.27
 2615  1212.80
 2616  1213.32
 2619  1214.88
 2620  1215.40
 2623  1273.12
 2624  1273.65
 2635  1279.53
 2636  1280.07
 2637  1280.60
 2638  1281.14
 2639  1281.67
 2644  1339.47
 2646  1443.64
 2647  1444.21
 2648  1444.79
 2649  1445.36
 2650  1445.93
 2651  1446.51
 2652  1447.08
 2653  1447.65
 2654  1448.22
 2655  1448.80
 2656  1449.37
 2657  1449.94
 2658  1450.52
 2659  1451.09
 2660  1451.66
 2661  1452.24
 2662  1452.81
 2663  1453.38
 2664  1453.96
 2665  1454.53
 2666  1455.10
 2667  1455.67
 2668  1456.25
 2669  1456.82
 2670  1457.39
 2671  1457.97
 2672  1458.54
 2673  1459.11
 2674  1459.69
 2675  1527.64
 2676  1528.28
 2677  1528.92
 2678  1529.56
 2679  1530.20
 2680  1530.84
 2681  1531.48
 2682  1532.12
 2683  1532.76
 2684  1533.40
 2685  1534.04
 2686  1534.68
 2687  1535.32
 2688  1535.97
 2689  1536.61
 2690  1537.25
 2691  1537.89
 2692  1538.53
 2693  1539.17
 2694  1539.81
 2695  1540.45
 2696  1614.59
