   1.2560000e+03   1.1333708e+03   7.8819566e-05
   1.2570000e+03   1.1339143e+03   8.5007545e-05
   1.2580000e+03   1.1344584e+03   8.7863658e-05
   1.2590000e+03   1.1350029e+03   9.6744095e-05
   1.2600000e+03   1.1355479e+03   1.0635069e-04
   1.2610000e+03   1.1360934e+03   1.1053531e-04
   1.2620000e+03   1.1366394e+03   1.1709824e-04
   1.2870000e+03   1.2292635e+03   7.9398295e-05
   1.2880000e+03   1.2297807e+03   1.1811701e-04
   1.2890000e+03   1.2302983e+03   1.2470104e-04
   1.2900000e+03   1.2308164e+03   9.2251388e-05
   1.2910000e+03   1.2313349e+03   9.3954218e-05
   1.2920000e+03   1.2318538e+03   1.0583492e-04
   1.2930000e+03   1.2323731e+03   1.1324618e-04
   1.2940000e+03   1.2328929e+03   1.3102002e-04
   1.2950000e+03   1.2334132e+03   1.5801153e-04
   1.2960000e+03   1.2339338e+03   1.5416374e-04
   1.2970000e+03   1.2344549e+03   1.6302944e-04
   1.2980000e+03   1.2349765e+03   1.7453923e-04
   1.2990000e+03   1.2354984e+03   1.7739651e-04
   1.3000000e+03   1.2360208e+03   2.2882385e-04
   1.3010000e+03   1.2365437e+03   3.0803489e-04
   1.3020000e+03   1.2370670e+03   3.3483462e-04
   1.3030000e+03   1.2375907e+03   3.4426965e-04
   1.3040000e+03   1.2381148e+03   2.8042193e-04
   1.3050000e+03   1.2386394e+03   2.4152427e-04
   1.3060000e+03   1.2391645e+03   2.7142380e-04
   1.3070000e+03   1.2396899e+03   3.6066888e-04
   1.3080000e+03   1.2402158e+03   3.6017450e-04
   1.3090000e+03   1.2407422e+03   3.7419612e-04
   1.3100000e+03   1.2412690e+03   3.7068281e-04
   1.3110000e+03   1.2417962e+03   3.2065018e-04
   1.3120000e+03   1.2423239e+03   3.9920727e-04
   1.3130000e+03   1.2428520e+03   5.4965090e-04
   1.3140000e+03   1.2433806e+03   7.0271950e-04
   1.3150000e+03   1.2439096e+03   6.7927367e-04
   1.3160000e+03   1.2444390e+03   6.8438259e-04
   1.3170000e+03   1.2449689e+03   9.1511494e-04
   1.3180000e+03   1.2454992e+03   6.5685104e-04
   1.3190000e+03   1.2460300e+03   6.0625547e-04
   1.3200000e+03   1.2465612e+03   9.6756278e-04
   1.3210000e+03   1.2470929e+03   8.0180811e-04
   1.3220000e+03   1.2476250e+03   4.6752423e-04
   1.3230000e+03   1.2481576e+03   8.8153949e-04
   1.3240000e+03   1.2486906e+03   1.0771930e-03
   1.3250000e+03   1.2492241e+03   8.6813720e-04
   1.3260000e+03   1.2497580e+03   8.1103766e-04
   1.3270000e+03   1.2502923e+03   1.3484153e-03
   1.3280000e+03   1.2508271e+03   1.2865535e-03
   1.3290000e+03   1.2513624e+03   1.3255998e-03
   1.3300000e+03   1.2518981e+03   1.3938553e-03
   1.3310000e+03   1.2524343e+03   1.3852369e-03
   1.3320000e+03   1.2529709e+03   1.2997950e-03
   1.3330000e+03   1.2535079e+03   8.6770051e-04
   1.3340000e+03   1.2540455e+03   1.7016202e-03
   1.3350000e+03   1.2545834e+03   2.0839097e-03
   1.3360000e+03   1.2551218e+03   2.3414839e-03
   1.3370000e+03   1.2556607e+03   1.8215836e-03
   1.3380000e+03   1.2562001e+03   1.5861869e-03
   1.3390000e+03   1.2567398e+03   1.9063164e-03
   1.3400000e+03   1.2572801e+03   1.9506198e-03
   1.3410000e+03   1.2578208e+03   1.9552065e-03
   1.3420000e+03   1.2583619e+03   1.9574891e-03
   1.3430000e+03   1.2589035e+03   2.0109436e-03
   1.3440000e+03   1.2594456e+03   3.2782473e-03
   1.3450000e+03   1.2599881e+03   3.1511561e-03
   1.3460000e+03   1.2605311e+03   2.4906784e-03
   1.3470000e+03   1.2610746e+03   2.6215384e-03
   1.3480000e+03   1.2616185e+03   2.8633743e-03
   1.3490000e+03   1.2621628e+03   2.7577982e-03
   1.3500000e+03   1.2627076e+03   3.1421108e-03
   1.3510000e+03   1.2632529e+03   4.4523004e-03
   1.3520000e+03   1.2637987e+03   3.5549158e-03
   1.3530000e+03   1.2643449e+03   3.2157661e-03
   1.3540000e+03   1.2648915e+03   3.5929832e-03
   1.3550000e+03   1.2654387e+03   3.2364152e-03
   1.3560000e+03   1.2659863e+03   3.2202305e-03
   1.3570000e+03   1.2665343e+03   3.6960828e-03
   1.3580000e+03   1.2670829e+03   3.6694097e-03
   1.3590000e+03   1.2676318e+03   3.9104404e-03
   1.3600000e+03   1.2681813e+03   4.5701780e-03
   1.3610000e+03   1.2687312e+03   4.8143774e-03
   1.3620000e+03   1.2692816e+03   4.4686110e-03
   1.3630000e+03   1.2698325e+03   4.4859851e-03
   1.3640000e+03   1.2703838e+03   5.2892335e-03
   1.3650000e+03   1.2709356e+03   5.9610946e-03
   1.3660000e+03   1.2714878e+03   7.6586173e-03
   1.3670000e+03   1.2720406e+03   5.2354955e-03
   1.3680000e+03   1.2725937e+03   5.1284812e-03
   1.3690000e+03   1.2843537e+03   1.5460532e-03
   1.3700000e+03   1.2849170e+03   1.2347650e-03
   1.3710000e+03   1.2854807e+03   1.4471510e-03
   1.3720000e+03   1.2860450e+03   1.8608665e-03
   1.3730000e+03   1.2866098e+03   2.0457802e-03
   1.3740000e+03   1.2871750e+03   2.5037797e-03
   1.3750000e+03   1.2877407e+03   4.0246099e-03
   1.3760000e+03   1.2883069e+03   4.2769871e-03
   1.3770000e+03   1.2888736e+03   3.3956055e-03
   1.3780000e+03   1.2894408e+03   3.5818582e-03
   1.3790000e+03   1.2900084e+03   3.9739898e-03
   1.3800000e+03   1.2905765e+03   4.4525428e-03
   1.3810000e+03   1.2911452e+03   4.9009358e-03
   1.3820000e+03   1.2917143e+03   5.0281529e-03
   1.3830000e+03   1.2922839e+03   5.3960803e-03
   1.3840000e+03   1.2928540e+03   6.6329397e-03
   1.3850000e+03   1.2934245e+03   5.9723605e-03
   1.3860000e+03   1.2939956e+03   6.1594501e-03
   1.3870000e+03   1.2945671e+03   6.0786772e-03
   1.3880000e+03   1.2951392e+03   5.4454514e-03
   1.3890000e+03   1.2957117e+03   5.7050461e-03
   1.3900000e+03   1.2962847e+03   5.9719470e-03
   1.3910000e+03   1.2968582e+03   6.2316986e-03
   1.3920000e+03   1.2974323e+03   7.5995757e-03
   1.3930000e+03   1.2980068e+03   6.7143088e-03
   1.3940000e+03   1.2985817e+03   6.5159543e-03
   1.3950000e+03   1.2991572e+03   6.2000396e-03
   1.3960000e+03   1.2997332e+03   6.1636563e-03
   1.3970000e+03   1.3003097e+03   6.1420178e-03
   1.3980000e+03   1.3008867e+03   6.9142349e-03
   1.3990000e+03   1.3014641e+03   7.6777471e-03
   1.4000000e+03   1.3020421e+03   7.9900600e-03
   1.4010000e+03   1.3026205e+03   8.7476761e-03
   1.4020000e+03   1.3031995e+03   7.5945599e-03
   1.4030000e+03   1.3037790e+03   6.0639905e-03
   1.4040000e+03   1.3043589e+03   4.7619413e-03
   1.4050000e+03   1.3049394e+03   3.3316062e-03
   1.4060000e+03   1.3055203e+03   3.0519156e-03
   1.4070000e+03   1.3061018e+03   6.1023062e-03
   1.4080000e+03   1.3066837e+03   3.9988425e-03
   1.4090000e+03   1.3072662e+03   3.6424450e-03
   1.4100000e+03   1.3078491e+03   3.5051184e-03
   1.4110000e+03   1.3084326e+03   3.2737690e-03
   1.4120000e+03   1.3090166e+03   3.1848913e-03
   1.4130000e+03   1.3096010e+03   3.1895746e-03
   1.4140000e+03   1.3101860e+03   3.1778116e-03
   1.4150000e+03   1.3107715e+03   2.9868231e-03
   1.4160000e+03   1.3113575e+03   2.7430475e-03
   1.4170000e+03   1.3119440e+03   3.1012389e-03
   1.4180000e+03   1.3125310e+03   3.1975104e-03
   1.4190000e+03   1.3131185e+03   3.2013136e-03
   1.4200000e+03   1.3137065e+03   3.1175459e-03
   1.4210000e+03   1.3142950e+03   2.9578708e-03
   1.4220000e+03   1.3148840e+03   2.7759066e-03
   1.4230000e+03   1.3154736e+03   2.6068868e-03
   1.4240000e+03   1.3160636e+03   2.4855662e-03
   1.4250000e+03   1.3166542e+03   2.1661141e-03
   1.4260000e+03   1.3172452e+03   1.9688834e-03
   1.4270000e+03   1.3178368e+03   1.9384311e-03
   1.4280000e+03   1.3184289e+03   1.7425406e-03
   1.4290000e+03   1.3190215e+03   1.5343506e-03
   1.4300000e+03   1.3196146e+03   1.3880106e-03
   1.4310000e+03   1.3202083e+03   1.2668275e-03
   1.4320000e+03   1.3208024e+03   1.1597911e-03
   1.4330000e+03   1.3213971e+03   1.1194305e-03
   1.4340000e+03   1.3219923e+03   9.8604713e-04
   1.4350000e+03   1.3225880e+03   7.4659437e-04
   1.4360000e+03   1.3231842e+03   7.2315072e-04
   1.4370000e+03   1.3237809e+03   6.3979043e-04
   1.4380000e+03   1.3243782e+03   5.6355717e-04
   1.4390000e+03   1.3249759e+03   5.0274315e-04
   1.4400000e+03   1.3255742e+03   4.4231143e-04
   1.4410000e+03   1.3261730e+03   3.8892198e-04
   1.4420000e+03   1.3267724e+03   3.6096497e-04
   1.4430000e+03   1.3273722e+03   2.7869322e-04
   1.4440000e+03   1.3279726e+03   2.3335359e-04
   1.4450000e+03   1.3285735e+03   2.0941288e-04
   1.4460000e+03   1.3291749e+03   1.7975615e-04
   1.4470000e+03   1.3297768e+03   1.5747618e-04
   1.4480000e+03   1.3303793e+03   1.4186736e-04
   1.4490000e+03   1.3309823e+03   1.2352137e-04
   1.4500000e+03   1.3315858e+03   1.1094305e-04
   1.4510000e+03   1.3321898e+03   1.1071067e-04
   1.8650000e+03   2.1815032e+03   4.0122867e-03
   1.8660000e+03   2.1824089e+03   4.8433164e-03
   1.8670000e+03   2.1833154e+03   6.4314591e-03
   1.8680000e+03   2.1842225e+03   6.7450401e-03
   1.8690000e+03   2.1851305e+03   7.0590076e-03
   1.8700000e+03   2.1860391e+03   7.5842579e-03
   1.8710000e+03   2.1869486e+03   7.9894050e-03
   1.8720000e+03   2.1878587e+03   7.8510672e-03
   1.8730000e+03   2.1887696e+03   7.1101052e-03
   1.8740000e+03   2.1896813e+03   6.5240439e-03
   1.8750000e+03   2.1905937e+03   6.4546161e-03
   1.8760000e+03   2.1915069e+03   6.5660600e-03
   1.8770000e+03   2.1924208e+03   6.8233800e-03
   1.8780000e+03   2.1933354e+03   7.3394862e-03
   1.8790000e+03   2.1942508e+03   8.2846235e-03
   1.8800000e+03   2.1951670e+03   1.0309363e-02
   1.8810000e+03   2.1960839e+03   1.2194824e-02
   1.8820000e+03   2.1970015e+03   1.3293166e-02
   1.8830000e+03   2.1979200e+03   1.2990976e-02
   1.8840000e+03   2.1988391e+03   1.1524006e-02
   1.8850000e+03   2.1997591e+03   1.0974633e-02
   1.8860000e+03   2.2006797e+03   1.1414632e-02
   1.8870000e+03   2.2016012e+03   1.2183181e-02
   1.8880000e+03   2.2025234e+03   1.3290032e-02
   1.8890000e+03   2.2034463e+03   1.4944337e-02
   1.8900000e+03   2.2043701e+03   1.6260169e-02
   1.8910000e+03   2.2052945e+03   1.8011185e-02
   1.8920000e+03   2.2062198e+03   1.8680223e-02
   1.8930000e+03   2.2071458e+03   1.8152162e-02
   1.8940000e+03   2.2080725e+03   1.8216346e-02
   1.8950000e+03   2.2090001e+03   1.8953062e-02
   1.8960000e+03   2.2099284e+03   1.9729433e-02
   1.8970000e+03   2.2108574e+03   2.0257348e-02
   1.8980000e+03   2.2117872e+03   2.1109042e-02
   1.8990000e+03   2.2127178e+03   2.2943433e-02
   1.9000000e+03   2.2136492e+03   2.3022142e-02
   1.9010000e+03   2.2145813e+03   2.1690238e-02
   1.9020000e+03   2.2155142e+03   2.1040296e-02
   1.9030000e+03   2.2164479e+03   2.0535451e-02
   1.9040000e+03   2.2173823e+03   2.0171654e-02
   1.9050000e+03   2.2183175e+03   2.0869894e-02
   1.9060000e+03   2.2192535e+03   1.9311664e-02
   1.9070000e+03   2.2201903e+03   1.4857577e-02
   1.9080000e+03   2.2211278e+03   1.2645953e-02
   1.9090000e+03   2.2220661e+03   9.9635019e-03
   1.9100000e+03   2.2230052e+03   7.3167803e-03
   1.9110000e+03   2.2239451e+03   6.8478651e-03
   1.9120000e+03   2.2248857e+03   9.1230549e-03
   1.9130000e+03   2.2258271e+03   1.1873049e-02
   1.9140000e+03   2.2267693e+03   1.4046988e-02
   1.9150000e+03   2.2277123e+03   1.7494287e-02
   1.9160000e+03   2.2286560e+03   2.2187418e-02
   1.9170000e+03   2.2296006e+03   2.4292937e-02
   1.9180000e+03   2.2305459e+03   2.5823202e-02
   1.9190000e+03   2.2314920e+03   2.8025615e-02
   1.9200000e+03   2.2324389e+03   2.9383356e-02
   1.9210000e+03   2.2333866e+03   3.0459316e-02
   1.9220000e+03   2.2343350e+03   3.0939499e-02
   1.9230000e+03   2.2352843e+03   3.0188866e-02
   1.9240000e+03   2.2362343e+03   3.0896385e-02
   1.9250000e+03   2.2371851e+03   3.0648223e-02
   1.9260000e+03   2.2381367e+03   3.0868337e-02
   1.9270000e+03   2.2390891e+03   2.9855299e-02
   1.9280000e+03   2.2400423e+03   2.8019019e-02
   1.9290000e+03   2.2409963e+03   2.7128084e-02
   1.9300000e+03   2.2419511e+03   2.4682901e-02
   1.9310000e+03   2.2429067e+03   2.4757981e-02
   1.9320000e+03   2.2438630e+03   2.4122475e-02
   1.9330000e+03   2.2448202e+03   2.4749155e-02
   1.9340000e+03   2.2457782e+03   2.2454316e-02
   1.9350000e+03   2.2467369e+03   3.1384760e-02
   1.9360000e+03   2.2476965e+03   3.9895323e-02
   1.9370000e+03   2.2486568e+03   4.4502831e-02
   1.9380000e+03   2.2496180e+03   4.6237296e-02
   1.9390000e+03   2.2505799e+03   5.1288364e-02
   1.9400000e+03   2.2515427e+03   4.9685930e-02
   1.9410000e+03   2.2525062e+03   6.1300915e-02
   1.9420000e+03   2.2534706e+03   6.2117413e-02
   1.9430000e+03   2.2544357e+03   6.3377088e-02
   1.9440000e+03   2.2554017e+03   4.5265265e-02
   1.9450000e+03   2.2563685e+03   5.3842415e-02
   1.9460000e+03   2.2573361e+03   4.8486925e-02
   1.9470000e+03   2.2583044e+03   4.2480262e-02
   1.9480000e+03   2.2592736e+03   3.6313429e-02
   1.9490000e+03   2.2602436e+03   3.9251385e-02
   2.1450000e+03   2.4462045e+03   3.1173560e-04
   2.1460000e+03   2.4472290e+03   3.2488594e-04
   2.1470000e+03   2.4482543e+03   3.3515192e-04
   2.1480000e+03   2.4492805e+03   3.3452487e-04
   2.1490000e+03   2.4503075e+03   3.3380684e-04
   2.1500000e+03   2.4513353e+03   3.3675335e-04
   2.1510000e+03   2.4523640e+03   3.2695646e-04
   2.1520000e+03   2.4533935e+03   3.0807349e-04
   2.1530000e+03   2.4544239e+03   2.9051814e-04
   2.1540000e+03   2.4554552e+03   2.6506478e-04
   2.1550000e+03   2.4564872e+03   2.3562734e-04
   2.1560000e+03   2.4575202e+03   2.0588058e-04
   2.1570000e+03   2.4585539e+03   1.6697426e-04
   2.1580000e+03   2.4595886e+03   1.2662101e-04
   2.1590000e+03   2.4606240e+03   8.7816838e-05
   2.1600000e+03   2.4616604e+03   6.2510550e-05
   2.1610000e+03   2.4626976e+03   7.5568270e-05
   2.1620000e+03   2.4637356e+03   1.1846673e-04
   2.1630000e+03   2.4647745e+03   1.6798517e-04
   2.1640000e+03   2.4658142e+03   2.1432151e-04
   2.1650000e+03   2.4668549e+03   2.5531851e-04
   2.1660000e+03   2.4678963e+03   2.9086964e-04
   2.1670000e+03   2.4689386e+03   3.2334704e-04
   2.1680000e+03   2.4699818e+03   3.4915280e-04
   2.1690000e+03   2.4710259e+03   3.6485279e-04
   2.1700000e+03   2.4720708e+03   3.7809089e-04
   2.1710000e+03   2.4731165e+03   3.8665647e-04
   2.1720000e+03   2.4741632e+03   3.8454263e-04
   2.1730000e+03   2.4752107e+03   3.7802150e-04
   2.1740000e+03   2.4762590e+03   3.7216017e-04
   2.1750000e+03   2.4773083e+03   3.6084926e-04
   2.1760000e+03   2.4783583e+03   3.4137438e-04
   2.1770000e+03   2.4794093e+03   3.2294550e-04
   2.1780000e+03   2.4804611e+03   3.0963998e-04
   2.1790000e+03   2.4815138e+03   2.9195378e-04
   2.1800000e+03   2.4825674e+03   2.7531159e-04
   2.1810000e+03   2.4836218e+03   2.5628117e-04
   2.1820000e+03   2.4846772e+03   2.3436173e-04
   2.1830000e+03   2.4857333e+03   2.1649431e-04
   2.1840000e+03   2.4867904e+03   1.9713985e-04
   2.1850000e+03   2.4878483e+03   1.7628325e-04
   2.1860000e+03   2.4889072e+03   1.5891200e-04
   2.1870000e+03   2.4899668e+03   1.3993449e-04
   2.1880000e+03   2.4910274e+03   1.2244206e-04
   2.1890000e+03   2.4920889e+03   1.0740037e-04
   2.1900000e+03   2.4931512e+03   9.1800121e-05
   2.1910000e+03   2.4942144e+03   7.9325278e-05
   2.2150000e+03   2.5199981e+03   1.0600732e-04
   2.2160000e+03   2.5210836e+03   1.2073470e-04
   2.2170000e+03   2.5221700e+03   1.3731027e-04
   2.2180000e+03   2.5232574e+03   1.5563245e-04
   2.2190000e+03   2.5243457e+03   1.7530809e-04
   2.2200000e+03   2.5254348e+03   1.9804855e-04
   2.2210000e+03   2.5265249e+03   2.2215740e-04
   2.2220000e+03   2.5276159e+03   2.4446907e-04
   2.2230000e+03   2.5287078e+03   2.6884415e-04
   2.2240000e+03   2.5298006e+03   2.9575998e-04
   2.2250000e+03   2.5308943e+03   3.2493747e-04
   2.2260000e+03   2.5319890e+03   3.5630407e-04
   2.2270000e+03   2.5330845e+03   3.8973102e-04
   2.2280000e+03   2.5341810e+03   4.2534308e-04
   2.2290000e+03   2.5352784e+03   4.6035691e-04
   2.2300000e+03   2.5363767e+03   4.9593544e-04
   2.2310000e+03   2.5374759e+03   5.2905010e-04
   2.2320000e+03   2.5385760e+03   5.6032534e-04
   2.2330000e+03   2.5396771e+03   5.9883921e-04
   2.2340000e+03   2.5407791e+03   6.4558014e-04
   2.2350000e+03   2.5418820e+03   6.9495960e-04
   2.2360000e+03   2.5429858e+03   7.5069155e-04
   2.2370000e+03   2.5440906e+03   7.9976917e-04
   2.2380000e+03   2.5451963e+03   8.3543788e-04
   2.2390000e+03   2.5463029e+03   8.7650887e-04
   2.2400000e+03   2.5474105e+03   9.2536720e-04
   2.2410000e+03   2.5485189e+03   9.7354012e-04
   2.2420000e+03   2.5496283e+03   1.0089939e-03
   2.2430000e+03   2.5507387e+03   1.0278275e-03
   2.2440000e+03   2.5518500e+03   1.0377144e-03
   2.2450000e+03   2.5529622e+03   1.0518527e-03
   2.2460000e+03   2.5540753e+03   1.0548884e-03
   2.2470000e+03   2.5551894e+03   1.0262353e-03
   2.2480000e+03   2.5563044e+03   9.6453284e-04
   2.2490000e+03   2.5574203e+03   8.8166005e-04
   2.2500000e+03   2.5585372e+03   8.0082359e-04
   2.2510000e+03   2.5596550e+03   6.9354778e-04
   2.2520000e+03   2.5607738e+03   5.5370493e-04
   2.2530000e+03   2.5618935e+03   3.8862325e-04
   2.2540000e+03   2.5630142e+03   2.7877035e-04
   2.2550000e+03   2.5641358e+03   3.1428596e-04
   2.2560000e+03   2.5652583e+03   5.0172120e-04
   2.2570000e+03   2.5663818e+03   6.9326684e-04
   2.2580000e+03   2.5675062e+03   8.6888673e-04
   2.2590000e+03   2.5686316e+03   1.0388293e-03
   2.2600000e+03   2.5697579e+03   1.1763776e-03
   2.2610000e+03   2.5419095e+03   6.9697664e-04
   2.2620000e+03   2.5429141e+03   7.4399110e-04
   2.2630000e+03   2.5439195e+03   7.9018714e-04
   2.2640000e+03   2.5449258e+03   8.2621118e-04
   2.2650000e+03   2.5459328e+03   8.6786114e-04
   2.2660000e+03   2.5469408e+03   9.1510203e-04
   2.2670000e+03   2.5479495e+03   9.5243582e-04
   2.2680000e+03   2.5489590e+03   9.7895769e-04
   2.2690000e+03   2.5499694e+03   1.0081879e-03
   2.2700000e+03   2.5509806e+03   1.0332128e-03
   2.2710000e+03   2.5519927e+03   1.0413647e-03
   2.2720000e+03   2.5530055e+03   1.0560943e-03
   2.2730000e+03   2.5540192e+03   1.0529867e-03
   2.2740000e+03   2.5550338e+03   1.0289233e-03
   2.2750000e+03   2.5560491e+03   9.8889794e-04
   2.2760000e+03   2.5570653e+03   9.1472643e-04
   2.2770000e+03   2.5580823e+03   8.3374058e-04
   2.2780000e+03   2.5591002e+03   7.4977890e-04
   2.2790000e+03   2.5601189e+03   6.3816927e-04
   2.2800000e+03   2.5611384e+03   5.0966995e-04
   2.2810000e+03   2.5621588e+03   3.4756759e-04
   2.2820000e+03   2.5631800e+03   2.6760463e-04
   2.2830000e+03   2.5642020e+03   3.1794566e-04
   2.2840000e+03   2.5652249e+03   4.9609042e-04
   2.2850000e+03   2.5662486e+03   6.7332633e-04
   2.2860000e+03   2.5672732e+03   8.3438787e-04
   2.2870000e+03   2.5682986e+03   9.8696916e-04
   2.2880000e+03   2.5693249e+03   1.1319649e-03
   2.2890000e+03   2.5703519e+03   1.2424691e-03
   2.2900000e+03   2.5713799e+03   1.3066234e-03
   2.2910000e+03   2.5724087e+03   1.3618797e-03
   2.2920000e+03   2.5734383e+03   1.3909762e-03
   2.2930000e+03   2.5744688e+03   1.4183977e-03
   2.2940000e+03   2.5755001e+03   1.4286194e-03
   2.2950000e+03   2.5765323e+03   1.4160474e-03
   2.2960000e+03   2.5775653e+03   1.3940165e-03
   2.2970000e+03   2.5785992e+03   1.3400178e-03
   2.2980000e+03   2.5796339e+03   1.2971125e-03
   2.2990000e+03   2.5806695e+03   1.2275179e-03
   2.3000000e+03   2.5817059e+03   1.1454877e-03
   2.3010000e+03   2.5827432e+03   1.0759953e-03
   2.3020000e+03   2.5837814e+03   1.0392835e-03
   2.3030000e+03   2.5848204e+03   9.9699106e-04
   2.3040000e+03   2.5858602e+03   9.2417235e-04
   2.3050000e+03   2.5869009e+03   8.7461134e-04
   2.3060000e+03   2.5879425e+03   8.2311104e-04
   2.3070000e+03   2.5889849e+03   7.3656417e-04
   2.3080000e+03   2.5900282e+03   6.6387863e-04
   2.3090000e+03   2.5910724e+03   5.9168897e-04
   2.3100000e+03   2.5921174e+03   5.1852790e-04
   2.3110000e+03   2.5931633e+03   4.5300423e-04
   2.3120000e+03   2.5942101e+03   3.9098120e-04
   2.3130000e+03   2.5952577e+03   3.3673017e-04
   2.3140000e+03   2.5963062e+03   2.8820904e-04
   2.3150000e+03   2.5973555e+03   2.4507799e-04
   2.3160000e+03   2.5984057e+03   2.0903898e-04
   2.3170000e+03   2.5994568e+03   1.7707957e-04
   2.3180000e+03   2.6005088e+03   1.4887340e-04
   2.3190000e+03   2.6015616e+03   1.2553023e-04
   2.3200000e+03   2.6026153e+03   1.0555337e-04
   2.4700000e+03   1.1371608e+03   1.2996380e-04
   2.4710000e+03   1.1376824e+03   1.3508409e-04
   2.4720000e+03   1.1382041e+03   1.3945256e-04
   2.4730000e+03   1.1387258e+03   1.5528876e-04
   2.4740000e+03   1.1392475e+03   1.6115542e-04
   2.4750000e+03   1.1397692e+03   1.6351690e-04
   2.4760000e+03   1.1402909e+03   1.8237658e-04
   2.4770000e+03   1.1408126e+03   1.8755918e-04
   2.4780000e+03   1.1413342e+03   1.8832852e-04
   2.4790000e+03   1.1418559e+03   2.1114372e-04
   2.4800000e+03   1.1423776e+03   2.1400121e-04
   2.4810000e+03   1.1428993e+03   2.1357075e-04
   2.4820000e+03   1.1434210e+03   2.3919269e-04
   2.4830000e+03   1.1439427e+03   2.3754839e-04
   2.4840000e+03   1.1444644e+03   2.3780819e-04
   2.4850000e+03   1.1449860e+03   2.6492722e-04
   2.4860000e+03   1.1455077e+03   2.5847322e-04
   2.4870000e+03   1.1460294e+03   2.6235420e-04
   2.4880000e+03   1.1465511e+03   2.8950535e-04
   2.4890000e+03   1.1470728e+03   2.7818660e-04
   2.4900000e+03   1.1475945e+03   2.8649122e-04
   2.4910000e+03   1.1481162e+03   3.1091744e-04
   2.4920000e+03   1.1486378e+03   2.9527055e-04
   2.4930000e+03   1.1491595e+03   3.0815153e-04
   2.4940000e+03   1.1496812e+03   3.2472858e-04
   2.4950000e+03   1.1502029e+03   3.0629773e-04
   2.4960000e+03   1.1507246e+03   3.2474094e-04
   2.4970000e+03   1.1512463e+03   3.3835453e-04
   2.4980000e+03   1.1517680e+03   3.2160747e-04
   2.4990000e+03   1.1522897e+03   3.4687339e-04
   2.5000000e+03   1.1528113e+03   3.5684962e-04
   2.5010000e+03   1.1533330e+03   3.4115622e-04
   2.5020000e+03   1.1538547e+03   3.6932407e-04
   2.5030000e+03   1.1543764e+03   3.6659499e-04
   2.5040000e+03   1.1548981e+03   3.5027405e-04
   2.5050000e+03   1.1554198e+03   3.7719235e-04
   2.5060000e+03   1.1559415e+03   3.6360090e-04
   2.5070000e+03   1.1564631e+03   3.5460835e-04
   2.5080000e+03   1.1569848e+03   3.7511012e-04
   2.5090000e+03   1.1575065e+03   3.4822664e-04
   2.5100000e+03   1.1580282e+03   3.4408137e-04
   2.5110000e+03   1.1585499e+03   3.5121295e-04
   2.5120000e+03   1.1590716e+03   3.1876076e-04
   2.5130000e+03   1.1595933e+03   3.3201072e-04
   2.5140000e+03   1.1601149e+03   3.3565839e-04
   2.5150000e+03   1.1606366e+03   3.0940851e-04
   2.5160000e+03   1.1611583e+03   3.1597343e-04
   2.5170000e+03   1.1616800e+03   2.8543440e-04
   2.5180000e+03   1.1622017e+03   2.6409655e-04
   2.5190000e+03   1.1627234e+03   2.6717985e-04
   2.5200000e+03   1.1632451e+03   2.3737032e-04
   2.5210000e+03   1.1637667e+03   2.2529903e-04
   2.5220000e+03   1.1642884e+03   2.1446385e-04
   2.5230000e+03   1.1648101e+03   1.8284684e-04
   2.5240000e+03   1.1653318e+03   1.7087358e-04
   2.5250000e+03   1.1658535e+03   1.4915186e-04
   2.5260000e+03   1.1663752e+03   1.2135871e-04
   2.5270000e+03   1.1668969e+03   1.0790885e-04
   2.5310000e+03   1.1689836e+03   1.0188152e-04
   2.5320000e+03   1.1695053e+03   1.2267917e-04
   2.5330000e+03   1.1700270e+03   1.4369237e-04
   2.5340000e+03   1.1705487e+03   1.5962215e-04
   2.5350000e+03   1.1710703e+03   1.9220015e-04
   2.5360000e+03   1.1715920e+03   2.0333352e-04
   2.5370000e+03   1.1721137e+03   2.3079487e-04
   2.5380000e+03   1.1726354e+03   2.5434082e-04
   2.5390000e+03   1.1731571e+03   2.5777620e-04
   2.5400000e+03   1.1736788e+03   2.9285126e-04
   2.5410000e+03   1.1742005e+03   2.9563303e-04
   2.5420000e+03   1.1747222e+03   3.1175113e-04
   2.5430000e+03   1.1752438e+03   3.3599779e-04
   2.5440000e+03   1.1757655e+03   3.2448563e-04
   2.5450000e+03   1.1762872e+03   3.5623036e-04
   2.5460000e+03   1.1768089e+03   3.5492777e-04
   2.5470000e+03   1.1773306e+03   3.5781652e-04
   2.5480000e+03   1.1778523e+03   3.8318897e-04
   2.5490000e+03   1.1783740e+03   3.5959936e-04
   2.5500000e+03   1.1788956e+03   3.8278063e-04
   2.5510000e+03   1.1794173e+03   3.7856059e-04
   2.5520000e+03   1.1799390e+03   3.6851078e-04
   2.5530000e+03   1.1804607e+03   3.8876488e-04
   2.5540000e+03   1.1809824e+03   3.6092342e-04
   2.5550000e+03   1.1815041e+03   3.7772820e-04
   2.5560000e+03   1.1820258e+03   3.7072808e-04
   2.5570000e+03   1.1825474e+03   3.5318121e-04
   2.5580000e+03   1.1830691e+03   3.6834239e-04
   2.5590000e+03   1.1835908e+03   3.3764451e-04
   2.5600000e+03   1.1841125e+03   3.4608186e-04
   2.5610000e+03   1.1846342e+03   3.3617846e-04
   2.5620000e+03   1.1851559e+03   3.1694708e-04
   2.5630000e+03   1.1856776e+03   3.2720500e-04
   2.5640000e+03   1.1861992e+03   2.9610689e-04
   2.5650000e+03   1.1867209e+03   3.0163351e-04
   2.5660000e+03   1.1872426e+03   2.8992736e-04
   2.5670000e+03   1.1877643e+03   2.7412228e-04
   2.5680000e+03   1.1882860e+03   2.8229972e-04
   2.5690000e+03   1.1888077e+03   2.5939307e-04
   2.5700000e+03   1.1893294e+03   2.6392376e-04
   2.5710000e+03   1.1898510e+03   2.5031940e-04
   2.5720000e+03   1.1903727e+03   2.4285706e-04
   2.5730000e+03   1.1908944e+03   2.4550632e-04
   2.5740000e+03   1.1914161e+03   2.1005916e-04
   2.5750000e+03   1.1919378e+03   2.2186766e-04
   2.5760000e+03   1.1924595e+03   2.1499830e-04
   2.5770000e+03   1.1929812e+03   2.0526113e-04
   2.5780000e+03   1.1935029e+03   1.9987407e-04
   2.5790000e+03   1.1940245e+03   1.7807185e-04
   2.5800000e+03   1.1945462e+03   1.7729746e-04
   2.5810000e+03   1.1950679e+03   1.5821954e-04
   2.5820000e+03   1.1955896e+03   1.6068322e-04
   2.5830000e+03   1.1961113e+03   1.6157585e-04
   2.5840000e+03   1.1966330e+03   1.4337691e-04
   2.5850000e+03   1.1971547e+03   1.4409264e-04
   2.5860000e+03   1.1976763e+03   1.2743413e-04
   2.5870000e+03   1.1981980e+03   1.2489812e-04
   2.5880000e+03   1.1987197e+03   1.1967073e-04
   2.5890000e+03   1.1992414e+03   1.1062016e-04
   2.5900000e+03   1.1997631e+03   1.1120506e-04
   2.6230000e+03   1.2731284e+03   5.2775787e-03
   2.6240000e+03   1.2736630e+03   5.3306420e-03
   2.6250000e+03   1.2741975e+03   5.4514425e-03
   2.6260000e+03   1.2747321e+03   5.7873706e-03
   2.6270000e+03   1.2752666e+03   6.2406487e-03
   2.6280000e+03   1.2758011e+03   5.3633713e-03
   2.6290000e+03   1.2763357e+03   5.7300588e-03
   2.6300000e+03   1.2768702e+03   6.8211898e-03
   2.6310000e+03   1.2774047e+03   5.5017857e-03
   2.6320000e+03   1.2779393e+03   5.3183319e-03
   2.6330000e+03   1.2784738e+03   5.1575868e-03
   2.6340000e+03   1.2790084e+03   4.8824849e-03
   2.6350000e+03   1.2795429e+03   4.6843826e-03
   2.6360000e+03   1.2800774e+03   4.5020843e-03
   2.6370000e+03   1.2806120e+03   4.2383052e-03
   2.6380000e+03   1.2811465e+03   3.8537264e-03
   2.6390000e+03   1.2816810e+03   3.2761965e-03
   2.6400000e+03   1.2822156e+03   3.4632187e-03
   2.6410000e+03   1.2827501e+03   4.3529662e-03
   2.6420000e+03   1.2832846e+03   2.5214474e-03
   2.6430000e+03   1.2838192e+03   1.9810038e-03
   2.6970000e+03   2.1658771e+03   1.6431501e-03
   2.6980000e+03   2.1667452e+03   1.6762252e-03
   2.6990000e+03   2.1676133e+03   1.7947873e-03
   2.7000000e+03   2.1684815e+03   2.1141920e-03
   2.7010000e+03   2.1693496e+03   2.5038962e-03
   2.7020000e+03   2.1702177e+03   2.4975443e-03
   2.7030000e+03   2.1710858e+03   2.5814817e-03
   2.7040000e+03   2.1719539e+03   2.7567946e-03
   2.7050000e+03   2.1728220e+03   2.9438149e-03
   2.7060000e+03   2.1736901e+03   3.1937405e-03
   2.7070000e+03   2.1745582e+03   3.5130350e-03
   2.7080000e+03   2.1754264e+03   3.6158867e-03
   2.7090000e+03   2.1762945e+03   3.6450044e-03
   2.7100000e+03   2.1771626e+03   3.4842439e-03
   2.7110000e+03   2.1780307e+03   3.2114554e-03
   2.7120000e+03   2.1788988e+03   3.2805539e-03
   2.7130000e+03   2.1797669e+03   3.8022023e-03
   2.7140000e+03   2.1806350e+03   3.9564251e-03
   2.7230000e+03   2.4296678e+03   1.0429462e-04
   2.7240000e+03   2.4306405e+03   1.1500485e-04
   2.7250000e+03   2.4316133e+03   1.2629879e-04
   2.7260000e+03   2.4325860e+03   1.3967505e-04
   2.7270000e+03   2.4335588e+03   1.5375711e-04
   2.7280000e+03   2.4345315e+03   1.6760555e-04
   2.7290000e+03   2.4355043e+03   1.7899719e-04
   2.7300000e+03   2.4364770e+03   1.9317391e-04
   2.7310000e+03   2.4374498e+03   2.1030117e-04
   2.7320000e+03   2.4384225e+03   2.2439999e-04
   2.7330000e+03   2.4393953e+03   2.3839082e-04
   2.7340000e+03   2.4403680e+03   2.5124941e-04
   2.7350000e+03   2.4413408e+03   2.6399369e-04
   2.7360000e+03   2.4423135e+03   2.7657280e-04
   2.7370000e+03   2.4432863e+03   2.8520606e-04
   2.7380000e+03   2.4442590e+03   2.9339664e-04
   2.7390000e+03   2.4452318e+03   3.0229580e-04
   2.7400000e+03   2.5708842e+03   1.2845416e-03
   2.7410000e+03   2.5409049e+03   6.5566190e-04
