   1.0000000e+00   6.4961719e+02
   2.0000000e+00   6.4985565e+02
   3.0000000e+00   6.5009430e+02
   4.0000000e+00   6.5033307e+02
   5.0000000e+00   6.5057208e+02
   6.0000000e+00   6.5081128e+02
   7.0000000e+00   6.5105060e+02
   8.0000000e+00   6.5129016e+02
   9.0000000e+00   6.5152991e+02
   1.0000000e+01   6.5176990e+02
   1.1000000e+01   6.5201001e+02
   1.2000000e+01   6.5225031e+02
   1.3000000e+01   6.5249084e+02
   1.4000000e+01   6.5273151e+02
   1.5000000e+01   6.5297241e+02
   1.6000000e+01   6.5321350e+02
   1.7000000e+01   6.5345471e+02
   1.8000000e+01   6.5369617e+02
   1.9000000e+01   6.5393781e+02
   2.0000000e+01   6.5417969e+02
   2.1000000e+01   6.5442169e+02
   2.2000000e+01   6.5466394e+02
   2.3000000e+01   6.5490631e+02
   2.4000000e+01   6.5514893e+02
   2.5000000e+01   6.5539172e+02
   2.6000000e+01   6.5563470e+02
   2.7000000e+01   6.5587787e+02
   2.8000000e+01   6.5612122e+02
   2.9000000e+01   6.5636481e+02
   3.0000000e+01   6.5660852e+02
   3.1000000e+01   6.5685248e+02
   3.2000000e+01   6.5709662e+02
   3.3000000e+01   6.5734094e+02
   3.4000000e+01   6.5758551e+02
   3.5000000e+01   6.5783020e+02
   3.6000000e+01   6.5807513e+02
   3.7000000e+01   6.5832025e+02
   3.8000000e+01   6.5856555e+02
   3.9000000e+01   6.5881104e+02
   4.0000000e+01   6.5905670e+02
   4.1000000e+01   6.5930261e+02
   4.2000000e+01   6.5954865e+02
   4.3000000e+01   6.5979492e+02
   4.4000000e+01   6.6004138e+02
   4.5000000e+01   6.6028809e+02
   4.6000000e+01   6.6053491e+02
   4.7000000e+01   6.6078198e+02
   4.8000000e+01   6.6102924e+02
   4.9000000e+01   6.6127667e+02
   5.0000000e+01   6.6152435e+02
   5.1000000e+01   6.6177216e+02
   5.2000000e+01   6.6202020e+02
   5.3000000e+01   6.6226843e+02
   5.4000000e+01   6.6251691e+02
   5.5000000e+01   6.6276550e+02
   5.6000000e+01   6.6301434e+02
   5.7000000e+01   6.6326337e+02
   5.8000000e+01   6.6351257e+02
   5.9000000e+01   6.6376202e+02
   6.0000000e+01   6.6401160e+02
   6.1000000e+01   6.6426141e+02
   6.2000000e+01   6.6451147e+02
   6.3000000e+01   6.6476166e+02
   6.4000000e+01   6.6501208e+02
   6.5000000e+01   6.6526270e+02
   6.6000000e+01   6.6551355e+02
   6.7000000e+01   6.6576453e+02
   6.8000000e+01   6.6601575e+02
   6.9000000e+01   6.6626715e+02
   7.0000000e+01   6.6651880e+02
   7.1000000e+01   6.6677063e+02
   7.2000000e+01   6.6702264e+02
   7.3000000e+01   6.6727484e+02
   7.4000000e+01   6.6752728e+02
   7.5000000e+01   6.6777991e+02
   7.6000000e+01   6.6803271e+02
   7.7000000e+01   6.6828571e+02
   7.8000000e+01   6.6853894e+02
   7.9000000e+01   6.6879236e+02
   8.0000000e+01   6.6904602e+02
   8.1000000e+01   6.6929987e+02
   8.2000000e+01   6.6955389e+02
   8.3000000e+01   6.6980811e+02
   8.4000000e+01   6.7006256e+02
   8.5000000e+01   6.7031720e+02
   8.6000000e+01   6.7057208e+02
   8.7000000e+01   6.7082715e+02
   8.8000000e+01   6.7108240e+02
   8.9000000e+01   6.7133783e+02
   9.0000000e+01   6.7159351e+02
   9.1000000e+01   6.7184943e+02
   9.2000000e+01   6.7210547e+02
   9.3000000e+01   6.7236176e+02
   9.4000000e+01   6.7261823e+02
   9.5000000e+01   6.7287494e+02
   9.6000000e+01   6.7313184e+02
   9.7000000e+01   6.7338898e+02
   9.8000000e+01   6.7364624e+02
   9.9000000e+01   6.7390381e+02
   1.0000000e+02   6.7416150e+02
   1.0100000e+02   6.7441943e+02
   1.0200000e+02   6.7467761e+02
   1.0300000e+02   6.7493591e+02
   1.0400000e+02   6.7519446e+02
   1.0500000e+02   6.7545325e+02
   1.0600000e+02   6.7571222e+02
   1.0700000e+02   6.7597137e+02
   1.0800000e+02   6.7623077e+02
   1.0900000e+02   6.7649036e+02
   1.1000000e+02   6.7675018e+02
   1.1100000e+02   6.7701019e+02
   1.1200000e+02   6.7727045e+02
   1.1300000e+02   6.7753088e+02
   1.1400000e+02   6.7779150e+02
   1.1500000e+02   6.7805237e+02
   1.1600000e+02   6.7831342e+02
   1.1700000e+02   6.7857471e+02
   1.1800000e+02   6.7883618e+02
   1.1900000e+02   6.7909790e+02
   1.2000000e+02   6.7935980e+02
   1.2100000e+02   6.7962189e+02
   1.2200000e+02   6.7988422e+02
   1.2300000e+02   6.8014679e+02
   1.2400000e+02   6.8040948e+02
   1.2500000e+02   6.8067249e+02
   1.2600000e+02   6.8093567e+02
   1.2700000e+02   6.8119904e+02
   1.2800000e+02   6.8146265e+02
   1.2900000e+02   6.8172644e+02
   1.3000000e+02   6.8199048e+02
   1.3100000e+02   6.8759857e+02
   1.3200000e+02   6.8786786e+02
   1.3300000e+02   6.8813739e+02
   1.3400000e+02   6.8840710e+02
   1.3500000e+02   6.8867706e+02
   1.3600000e+02   6.8894720e+02
   1.3700000e+02   6.8921759e+02
   1.3800000e+02   6.8948816e+02
   1.3900000e+02   6.8975897e+02
   1.4000000e+02   6.9003003e+02
   1.4100000e+02   6.9030127e+02
   1.4200000e+02   6.9057275e+02
   1.4300000e+02   6.9084448e+02
   1.4400000e+02   6.9111639e+02
   1.4500000e+02   6.9138849e+02
   1.4600000e+02   6.9166089e+02
   1.4700000e+02   6.9193347e+02
   1.4800000e+02   6.9220624e+02
   1.5100000e+02   6.9302600e+02
   1.5200000e+02   6.9329968e+02
   1.5300000e+02   6.9357361e+02
   1.5400000e+02   6.9384778e+02
   1.5500000e+02   6.9412213e+02
   1.5600000e+02   6.9439673e+02
   1.5700000e+02   6.9467151e+02
   1.5800000e+02   6.9494653e+02
   1.5900000e+02   6.9522180e+02
   1.6000000e+02   6.9549731e+02
   1.6100000e+02   6.9577301e+02
   1.6200000e+02   6.9604895e+02
   1.6300000e+02   6.9632507e+02
   1.6400000e+02   6.9660150e+02
   1.6500000e+02   6.9687811e+02
   1.6600000e+02   6.9715491e+02
   1.6700000e+02   6.9743201e+02
   1.6800000e+02   6.9770929e+02
   1.6900000e+02   6.9798682e+02
   1.7000000e+02   6.9826453e+02
   1.7100000e+02   6.9854248e+02
   1.7200000e+02   6.9882068e+02
   1.7300000e+02   6.9909912e+02
   1.7400000e+02   6.9937775e+02
   1.7500000e+02   6.9965668e+02
   1.7600000e+02   6.9993573e+02
   1.7700000e+02   7.0021509e+02
   1.7800000e+02   7.0049469e+02
   1.7900000e+02   7.0077448e+02
   1.8000000e+02   7.0105450e+02
   1.8100000e+02   7.0133472e+02
   1.8200000e+02   7.0161523e+02
   1.8300000e+02   7.0189594e+02
   1.8400000e+02   7.0217688e+02
   1.8500000e+02   7.0245807e+02
   1.8600000e+02   7.0273944e+02
   1.8700000e+02   7.0302112e+02
   1.8800000e+02   7.0330298e+02
   1.8900000e+02   7.0358508e+02
   1.9000000e+02   7.0386737e+02
   1.9100000e+02   7.0414996e+02
   1.9200000e+02   7.0443274e+02
   1.9300000e+02   7.0471576e+02
   1.9400000e+02   7.0499902e+02
   1.9500000e+02   7.0528253e+02
   1.9700000e+02   7.0585022e+02
   1.9800000e+02   7.0613440e+02
   1.9900000e+02   7.0641882e+02
   2.0000000e+02   7.0670349e+02
   2.0100000e+02   7.0698840e+02
   2.0200000e+02   7.0727350e+02
   2.0400000e+02   7.0784448e+02
   2.0500000e+02   7.0813031e+02
   2.0800000e+02   7.0898926e+02
   2.0900000e+02   7.0927600e+02
   2.1000000e+02   7.0956305e+02
   2.1100000e+02   7.0985028e+02
   2.1200000e+02   7.1013782e+02
   2.1300000e+02   7.1042554e+02
   2.1400000e+02   7.1071350e+02
   2.1500000e+02   7.1100171e+02
   2.1600000e+02   7.1129016e+02
   2.1800000e+02   7.1186774e+02
   2.1900000e+02   7.1215686e+02
   2.2200000e+02   7.1302582e+02
   2.2700000e+02   7.1447882e+02
   2.2800000e+02   7.1477014e+02
   2.3800000e+02   7.1769666e+02
   2.3900000e+02   7.1799066e+02
   2.4000000e+02   7.1828485e+02
   2.4100000e+02   7.1857935e+02
   2.4200000e+02   7.1887408e+02
   2.4300000e+02   7.1916907e+02
   2.4400000e+02   7.1946429e+02
   2.4500000e+02   7.1975970e+02
   2.4600000e+02   7.2005542e+02
   2.4700000e+02   7.2035138e+02
   2.4800000e+02   7.2064758e+02
   2.4900000e+02   7.2094403e+02
   2.5000000e+02   7.2124072e+02
   2.5100000e+02   7.2153766e+02
   2.5300000e+02   7.2213232e+02
   2.6000000e+02   7.2422131e+02
   2.6200000e+02   7.2482043e+02
   2.6300000e+02   7.2512036e+02
   2.6400000e+02   7.2542053e+02
   2.6500000e+02   7.2572095e+02
   2.6600000e+02   7.2602167e+02
   2.6700000e+02   7.2632257e+02
   2.6800000e+02   7.2662378e+02
   2.6900000e+02   7.2692523e+02
   2.7000000e+02   7.2722693e+02
   2.7200000e+02   7.2783105e+02
   2.7400000e+02   7.2843622e+02
   2.7600000e+02   7.2835437e+02
   2.7700000e+02   7.2865698e+02
   2.7800000e+02   7.2895984e+02
   2.7900000e+02   7.2926300e+02
   2.8400000e+02   7.3078235e+02
   2.8500000e+02   7.3108698e+02
   2.8600000e+02   7.3139185e+02
   2.8700000e+02   7.3169696e+02
   2.8800000e+02   7.3200238e+02
   2.8900000e+02   7.3230798e+02
   2.9000000e+02   7.3261389e+02
   2.9200000e+02   7.3322644e+02
   2.9300000e+02   7.3353308e+02
   2.9400000e+02   7.3383997e+02
   2.9500000e+02   7.3414716e+02
   2.9600000e+02   7.3445459e+02
   2.9700000e+02   7.3476227e+02
   2.9800000e+02   7.3507019e+02
   3.0100000e+02   7.3599548e+02
   3.0200000e+02   7.3630444e+02
   3.0600000e+02   7.3754285e+02
   3.0700000e+02   7.3785309e+02
   3.0800000e+02   7.3816357e+02
   3.0900000e+02   7.3847430e+02
   3.1000000e+02   7.3878534e+02
   3.1100000e+02   7.3909662e+02
   3.1200000e+02   7.3940814e+02
   3.1300000e+02   7.3971991e+02
   3.1400000e+02   7.4003198e+02
   3.1500000e+02   7.4034430e+02
   3.1600000e+02   7.4065686e+02
   3.1700000e+02   7.4096973e+02
   3.1800000e+02   7.4128284e+02
   3.1900000e+02   7.4159619e+02
   3.2000000e+02   7.4190979e+02
   3.2100000e+02   7.4222369e+02
   3.2200000e+02   7.4253784e+02
   3.2300000e+02   7.4285223e+02
   3.2700000e+02   7.4411249e+02
   3.2800000e+02   7.4442822e+02
   3.2900000e+02   7.4474420e+02
   3.3000000e+02   7.4506042e+02
   3.3100000e+02   7.4537695e+02
   3.3200000e+02   7.4569373e+02
   3.3300000e+02   7.4601080e+02
   3.3400000e+02   7.4632806e+02
   3.3500000e+02   7.4664569e+02
   3.3600000e+02   7.4696350e+02
   3.3700000e+02   7.4728162e+02
   3.3800000e+02   7.4759998e+02
   3.3900000e+02   7.4791864e+02
   3.4000000e+02   7.4823755e+02
   3.4100000e+02   7.4855676e+02
   3.4200000e+02   7.4887616e+02
   3.4300000e+02   7.4919592e+02
   3.4400000e+02   7.4951587e+02
   3.4500000e+02   7.4983612e+02
   3.5000000e+02   7.5144147e+02
   3.5100000e+02   7.5176331e+02
   3.5200000e+02   7.5208545e+02
   3.5300000e+02   7.5240790e+02
   3.5400000e+02   7.5273059e+02
   3.5500000e+02   7.5305353e+02
   3.5600000e+02   7.5337677e+02
   3.5700000e+02   7.5370026e+02
   3.5800000e+02   7.5402405e+02
   3.5900000e+02   7.5434808e+02
   3.6000000e+02   7.5467242e+02
   3.6100000e+02   7.5499701e+02
   3.6200000e+02   7.5532184e+02
   3.6300000e+02   7.5564703e+02
   3.6400000e+02   7.5597241e+02
   3.6500000e+02   7.5629810e+02
   3.6600000e+02   7.5662408e+02
   3.6700000e+02   7.5695032e+02
   3.6800000e+02   7.5727686e+02
   3.6900000e+02   7.5760364e+02
   3.7200000e+02   7.5858569e+02
   3.7300000e+02   7.5891357e+02
   3.7400000e+02   7.5924176e+02
   3.7500000e+02   7.5957019e+02
   3.7600000e+02   7.5989893e+02
   3.7700000e+02   7.6022797e+02
   3.7800000e+02   7.6055725e+02
   3.7900000e+02   7.6088684e+02
   3.8000000e+02   7.6121667e+02
   3.8100000e+02   7.6154681e+02
   3.8200000e+02   7.6187720e+02
   3.8300000e+02   7.6220789e+02
   3.8400000e+02   7.6253888e+02
   3.8500000e+02   7.6287012e+02
   3.8600000e+02   7.6320166e+02
   3.8700000e+02   7.6353345e+02
   3.8800000e+02   7.6386554e+02
   3.8900000e+02   7.6419794e+02
   3.9000000e+02   7.6453058e+02
   3.9100000e+02   7.6486353e+02
   3.9200000e+02   7.6519672e+02
   3.9300000e+02   7.6553027e+02
   3.9400000e+02   7.6586407e+02
   3.9500000e+02   7.6619812e+02
   3.9600000e+02   7.6653247e+02
   3.9700000e+02   7.6686713e+02
   3.9800000e+02   7.6720203e+02
   3.9900000e+02   7.6753729e+02
   4.0000000e+02   7.6787274e+02
   4.0100000e+02   7.6820856e+02
   4.0200000e+02   7.6854462e+02
   4.0300000e+02   7.6888098e+02
   4.0400000e+02   7.6921765e+02
   4.0500000e+02   7.6955457e+02
   4.0600000e+02   7.6989178e+02
   4.0700000e+02   7.7022931e+02
   4.0800000e+02   7.7056708e+02
   4.0900000e+02   7.7090515e+02
   4.1000000e+02   7.7124353e+02
   4.1100000e+02   7.7158221e+02
   4.1200000e+02   7.7192114e+02
   4.1300000e+02   7.7226038e+02
   4.1400000e+02   7.7259991e+02
   4.1500000e+02   7.7293976e+02
   4.1600000e+02   7.7327985e+02
   4.1700000e+02   7.7362024e+02
   4.1800000e+02   7.7396094e+02
   4.1900000e+02   7.7430194e+02
   4.2000000e+02   7.7464319e+02
   4.2100000e+02   7.7498480e+02
   4.2200000e+02   7.7532666e+02
   4.2300000e+02   7.7566882e+02
   4.2400000e+02   7.7601123e+02
   4.2500000e+02   7.7635400e+02
   4.2600000e+02   7.7669702e+02
   4.2700000e+02   7.7704034e+02
   4.2800000e+02   7.7738397e+02
   4.2900000e+02   7.7772791e+02
   4.3000000e+02   7.7807208e+02
   4.3100000e+02   7.7841663e+02
   4.3200000e+02   7.7876141e+02
   4.3300000e+02   7.7910651e+02
   4.3400000e+02   7.7945190e+02
   4.3500000e+02   7.7979761e+02
   4.3600000e+02   7.8014362e+02
   4.3700000e+02   7.8048993e+02
   4.3800000e+02   7.8083649e+02
   4.3900000e+02   7.8118335e+02
   4.4000000e+02   7.8153058e+02
   4.4100000e+02   7.8187805e+02
   4.4200000e+02   7.8925916e+02
   4.4300000e+02   7.8961292e+02
   4.4400000e+02   7.8996698e+02
   4.4500000e+02   7.9032135e+02
   4.4600000e+02   7.9067603e+02
   4.4700000e+02   7.9103101e+02
   4.4800000e+02   7.9138623e+02
   4.4900000e+02   7.9174182e+02
   4.5000000e+02   7.9209772e+02
   4.5100000e+02   7.9245392e+02
   4.5200000e+02   7.9281042e+02
   4.5300000e+02   7.9316724e+02
   4.5400000e+02   7.9352435e+02
   4.5500000e+02   7.9388177e+02
   4.5600000e+02   7.9423950e+02
   4.5700000e+02   7.9459753e+02
   4.5800000e+02   7.9495587e+02
   4.5900000e+02   7.9531458e+02
   4.6000000e+02   7.9567352e+02
   4.6100000e+02   7.9603278e+02
   4.6200000e+02   7.9639240e+02
   4.6300000e+02   7.9675232e+02
   4.6400000e+02   7.9711249e+02
   4.6500000e+02   7.9747302e+02
   4.6600000e+02   7.9783386e+02
   4.6700000e+02   7.9819501e+02
   4.6800000e+02   7.9855646e+02
   4.6900000e+02   7.9891827e+02
   4.7000000e+02   7.9928033e+02
   4.7100000e+02   7.9964276e+02
   4.7200000e+02   8.0000543e+02
   4.7300000e+02   8.0036847e+02
   4.7400000e+02   8.0073181e+02
   4.7500000e+02   8.0109546e+02
   4.7600000e+02   8.0145947e+02
   4.7700000e+02   8.0182373e+02
   4.7800000e+02   8.0218835e+02
   4.7900000e+02   8.0255328e+02
   4.8000000e+02   8.0291852e+02
   4.8100000e+02   8.0328406e+02
   4.8200000e+02   8.0364996e+02
   4.8300000e+02   8.0401617e+02
   4.8400000e+02   8.0438263e+02
   4.8500000e+02   8.0474951e+02
   4.8600000e+02   8.0511664e+02
   4.8700000e+02   8.0548413e+02
   4.8800000e+02   8.0585187e+02
   4.8900000e+02   8.0622003e+02
   4.9000000e+02   8.0658844e+02
   4.9100000e+02   8.0695715e+02
   4.9200000e+02   8.0732623e+02
   4.9300000e+02   8.0769562e+02
   4.9400000e+02   8.0806537e+02
   4.9500000e+02   8.0843542e+02
   4.9600000e+02   8.0880579e+02
   4.9700000e+02   8.0917645e+02
   4.9800000e+02   8.0954742e+02
   4.9900000e+02   8.0991876e+02
   5.0000000e+02   8.1029041e+02
   5.0100000e+02   8.1066241e+02
   5.0200000e+02   8.1103473e+02
   5.0300000e+02   8.1140735e+02
   5.0400000e+02   8.1178027e+02
   5.0500000e+02   8.1215356e+02
   5.0600000e+02   8.1252716e+02
   5.0700000e+02   8.1290112e+02
   5.0800000e+02   8.1327539e+02
   5.0900000e+02   8.1364996e+02
   5.1000000e+02   8.1402490e+02
   5.1100000e+02   8.1440015e+02
   5.1200000e+02   8.1477570e+02
   5.1300000e+02   8.1515161e+02
   5.1400000e+02   8.1552783e+02
   5.1500000e+02   8.1590442e+02
   5.1600000e+02   8.1628131e+02
   5.1700000e+02   8.1665851e+02
   5.1800000e+02   8.1703607e+02
   5.1900000e+02   8.1741394e+02
   5.2000000e+02   8.1779218e+02
   5.2100000e+02   8.1817072e+02
   5.2200000e+02   8.1854962e+02
   5.2300000e+02   8.1892883e+02
   5.2400000e+02   8.1930835e+02
   5.2500000e+02   8.1968823e+02
   5.2600000e+02   8.2006848e+02
   5.2700000e+02   8.2044904e+02
   5.2800000e+02   8.2082990e+02
   5.2900000e+02   8.2121112e+02
   5.3000000e+02   8.2159265e+02
   5.3100000e+02   8.2197455e+02
   5.3200000e+02   8.2235681e+02
   5.3300000e+02   8.2273938e+02
   5.3400000e+02   8.2312225e+02
   5.3500000e+02   8.2350549e+02
   5.3600000e+02   8.2388910e+02
   5.3700000e+02   8.2427301e+02
   5.3800000e+02   8.2465723e+02
   5.3900000e+02   8.2504187e+02
   5.4000000e+02   8.2542676e+02
   5.4100000e+02   8.2581207e+02
   5.4200000e+02   8.2619769e+02
   5.4300000e+02   8.2658362e+02
   5.4400000e+02   8.2696991e+02
   5.4500000e+02   8.2735657e+02
   5.4600000e+02   8.2774353e+02
   5.4700000e+02   8.2813086e+02
   5.4800000e+02   8.2851849e+02
   5.4900000e+02   8.2890649e+02
   5.5000000e+02   8.2929486e+02
   5.5100000e+02   8.2968353e+02
   5.5200000e+02   8.3007257e+02
   5.5300000e+02   8.3046198e+02
   5.5400000e+02   8.3085168e+02
   5.5500000e+02   8.3124176e+02
   5.5600000e+02   8.3163220e+02
   5.5700000e+02   8.3202295e+02
   5.5800000e+02   8.3241406e+02
   5.5900000e+02   8.3280554e+02
   5.6000000e+02   8.3319733e+02
   5.6100000e+02   8.3358948e+02
   5.6200000e+02   8.3398199e+02
   5.6300000e+02   8.3437482e+02
   5.6400000e+02   8.3476807e+02
   5.6500000e+02   8.3516162e+02
   5.6600000e+02   8.3555548e+02
   5.6700000e+02   8.3594977e+02
   5.6800000e+02   8.3634436e+02
   5.6900000e+02   8.3673932e+02
   5.7000000e+02   8.3713458e+02
   5.7100000e+02   8.3753027e+02
   5.7200000e+02   8.3792627e+02
   5.7300000e+02   8.3832263e+02
   5.7400000e+02   8.3871936e+02
   5.7500000e+02   8.3911639e+02
   5.7600000e+02   8.3951385e+02
   5.7700000e+02   8.3991162e+02
   5.7800000e+02   8.4030975e+02
   5.7900000e+02   8.4070819e+02
   5.8000000e+02   8.4110706e+02
   5.8100000e+02   8.4150629e+02
   5.8200000e+02   8.4190582e+02
   5.8300000e+02   8.4230573e+02
   5.8400000e+02   8.4270599e+02
   5.8500000e+02   8.4310663e+02
   5.8600000e+02   8.4350763e+02
   5.8700000e+02   8.4390894e+02
   5.8800000e+02   8.4431067e+02
   5.8900000e+02   8.4471271e+02
   5.9000000e+02   8.4511511e+02
   5.9100000e+02   8.4551794e+02
   5.9200000e+02   8.4592108e+02
   5.9300000e+02   8.4632458e+02
   5.9400000e+02   8.4672845e+02
   5.9500000e+02   8.4713269e+02
   5.9600000e+02   8.4753723e+02
   5.9700000e+02   8.4794220e+02
   5.9800000e+02   8.4834753e+02
   5.9900000e+02   8.4875323e+02
   6.0000000e+02   8.4915924e+02
   6.0100000e+02   8.4956567e+02
   6.0200000e+02   8.4997241e+02
   6.0300000e+02   8.5037958e+02
   6.0400000e+02   8.5078711e+02
   6.0500000e+02   8.5119495e+02
   6.0600000e+02   8.5160321e+02
   6.0700000e+02   8.5201178e+02
   6.0800000e+02   8.5242078e+02
   6.0900000e+02   8.5148700e+02
   6.1000000e+02   8.5179364e+02
   6.1100000e+02   8.5210052e+02
   6.1200000e+02   8.5240771e+02
   6.1300000e+02   8.5271509e+02
   6.1400000e+02   8.5302271e+02
   6.1500000e+02   8.5333057e+02
   6.1600000e+02   8.5363867e+02
   6.1700000e+02   8.5394702e+02
   6.1800000e+02   8.5425562e+02
   6.1900000e+02   8.5456445e+02
   6.2000000e+02   8.5487354e+02
   6.2100000e+02   8.5518286e+02
   6.2200000e+02   8.5549237e+02
   6.2300000e+02   8.5580219e+02
   6.2400000e+02   8.5611224e+02
   6.2500000e+02   8.5642255e+02
   6.2600000e+02   8.5673303e+02
   6.2700000e+02   8.5704382e+02
   6.2800000e+02   8.5735486e+02
   6.2900000e+02   8.5766614e+02
   6.3000000e+02   8.5797760e+02
   6.3100000e+02   8.5828937e+02
   6.3200000e+02   8.5860138e+02
   6.3300000e+02   8.5891364e+02
   6.3400000e+02   8.5922614e+02
   6.3500000e+02   8.5953888e+02
   6.3600000e+02   8.5985181e+02
   6.3700000e+02   8.6016504e+02
   6.3800000e+02   8.6047852e+02
   6.3900000e+02   8.6079224e+02
   6.4000000e+02   8.6110620e+02
   6.4100000e+02   8.6142047e+02
   6.4200000e+02   8.6173492e+02
   6.4300000e+02   8.6204962e+02
   6.4400000e+02   8.6236456e+02
   6.4500000e+02   8.6267981e+02
   6.4600000e+02   8.6299524e+02
   6.4700000e+02   8.6331097e+02
   6.4800000e+02   8.6362689e+02
   6.4900000e+02   8.6394312e+02
   6.5000000e+02   8.6425958e+02
   6.5100000e+02   8.6457623e+02
   6.5200000e+02   8.6489319e+02
   6.5300000e+02   8.6521039e+02
   6.5400000e+02   8.6552789e+02
   6.5500000e+02   8.6584558e+02
   6.5600000e+02   8.6616351e+02
   6.5700000e+02   8.6648175e+02
   6.5800000e+02   8.6680017e+02
   6.5900000e+02   8.6711890e+02
   6.6000000e+02   8.6743787e+02
   6.6100000e+02   8.6775708e+02
   6.6200000e+02   8.6807654e+02
   6.6300000e+02   8.6839624e+02
   6.6400000e+02   8.6871625e+02
   6.6500000e+02   8.6903650e+02
   6.6600000e+02   8.6935693e+02
   6.6700000e+02   8.6967767e+02
   6.6800000e+02   8.6999866e+02
   6.6900000e+02   8.7031989e+02
   6.7000000e+02   8.7064142e+02
   6.7100000e+02   8.7096313e+02
   6.7200000e+02   8.7128516e+02
   6.7300000e+02   8.7160742e+02
   6.7400000e+02   8.7192993e+02
   6.7500000e+02   8.7225275e+02
   6.7600000e+02   8.7257574e+02
   6.7700000e+02   8.7289905e+02
   6.7800000e+02   8.7322260e+02
   6.7900000e+02   8.7354639e+02
   6.8000000e+02   8.7387042e+02
   6.8100000e+02   8.7419476e+02
   6.8200000e+02   8.7451935e+02
   6.8300000e+02   8.7484418e+02
   6.8400000e+02   8.7516925e+02
   6.8500000e+02   8.7549457e+02
   6.8600000e+02   8.7582019e+02
   6.8700000e+02   8.7614606e+02
   6.8800000e+02   8.7647217e+02
   6.8900000e+02   8.7679858e+02
   6.9000000e+02   8.7712524e+02
   6.9100000e+02   8.7745215e+02
   6.9200000e+02   8.7777930e+02
   6.9300000e+02   8.7810669e+02
   6.9400000e+02   8.7843439e+02
   6.9500000e+02   8.7876233e+02
   6.9600000e+02   8.7909058e+02
   6.9700000e+02   8.7941901e+02
   6.9800000e+02   8.7974774e+02
   6.9900000e+02   8.8007672e+02
   7.0000000e+02   8.8040601e+02
   7.0100000e+02   8.8073553e+02
   7.0200000e+02   8.8106531e+02
   7.0300000e+02   8.8139532e+02
   7.0400000e+02   8.8172565e+02
   7.0500000e+02   8.8205621e+02
   7.0600000e+02   8.8238708e+02
   7.0700000e+02   8.8271814e+02
   7.0800000e+02   8.8304950e+02
   7.0900000e+02   8.8338116e+02
   7.1000000e+02   8.8371307e+02
   7.1100000e+02   8.8404523e+02
   7.1200000e+02   8.8437762e+02
   7.1300000e+02   8.8471033e+02
   7.1400000e+02   8.8504327e+02
   7.1500000e+02   8.8537653e+02
   7.1600000e+02   8.8571002e+02
   7.1700000e+02   8.8604376e+02
   7.1800000e+02   8.8637781e+02
   7.1900000e+02   8.8671210e+02
   7.2000000e+02   8.8704663e+02
   7.2100000e+02   8.8738147e+02
   7.2200000e+02   8.8771655e+02
   7.2300000e+02   8.8805194e+02
   7.2400000e+02   8.8838757e+02
   7.2500000e+02   8.8872345e+02
   7.2600000e+02   8.8905963e+02
   7.2700000e+02   8.8939612e+02
   7.2800000e+02   8.8973279e+02
   7.2900000e+02   8.9006976e+02
   7.3000000e+02   8.9040704e+02
   7.3100000e+02   8.9074457e+02
   7.3200000e+02   8.9108234e+02
   7.3300000e+02   8.9142041e+02
   7.3400000e+02   8.9175879e+02
   7.3500000e+02   8.9209741e+02
   7.3600000e+02   8.9243628e+02
   7.3700000e+02   8.9277545e+02
   7.3800000e+02   8.9311487e+02
   7.3900000e+02   8.9345453e+02
   7.4000000e+02   8.9379456e+02
   7.4100000e+02   8.9413477e+02
   7.4200000e+02   8.9447528e+02
   7.4300000e+02   8.9481610e+02
   7.4400000e+02   8.9515717e+02
   7.4500000e+02   8.9549854e+02
   7.4600000e+02   8.9584015e+02
   7.4700000e+02   8.9618207e+02
   7.4800000e+02   8.9652423e+02
   7.4900000e+02   8.9686664e+02
   7.5000000e+02   8.9720941e+02
   7.5100000e+02   8.9755237e+02
   7.5200000e+02   8.9789569e+02
   7.5300000e+02   8.9823920e+02
   7.5400000e+02   8.9858307e+02
   7.5500000e+02   8.9892719e+02
   7.5600000e+02   8.9927155e+02
   7.5700000e+02   8.9961621e+02
   7.5800000e+02   8.9996118e+02
   7.5900000e+02   9.0030640e+02
   7.6000000e+02   9.0065192e+02
   7.6100000e+02   9.0099768e+02
   7.6200000e+02   9.0134375e+02
   7.6300000e+02   9.0169006e+02
   7.6400000e+02   9.0203668e+02
   7.6500000e+02   9.0238361e+02
   7.6600000e+02   9.0273077e+02
   7.6700000e+02   9.0307825e+02
   7.6800000e+02   9.0342596e+02
   7.6900000e+02   9.0377399e+02
   7.7000000e+02   9.1123193e+02
   7.7100000e+02   9.1158667e+02
   7.7200000e+02   9.1194177e+02
   7.7300000e+02   9.1229718e+02
   7.7400000e+02   9.1265283e+02
   7.7500000e+02   9.1300873e+02
   7.7600000e+02   9.1336499e+02
   7.7700000e+02   9.1372150e+02
   7.7800000e+02   9.1407831e+02
   7.7900000e+02   9.1443542e+02
   7.8000000e+02   9.1479279e+02
   7.8100000e+02   9.1515045e+02
   7.8200000e+02   9.1550842e+02
   7.8300000e+02   9.1586670e+02
   7.8400000e+02   9.1622522e+02
   7.8500000e+02   9.1658411e+02
   7.8600000e+02   9.1694318e+02
   7.8700000e+02   9.1730261e+02
   7.8800000e+02   9.1766235e+02
   7.8900000e+02   9.1802234e+02
   7.9000000e+02   9.1838263e+02
   7.9100000e+02   9.1874323e+02
   7.9200000e+02   9.1910413e+02
   7.9300000e+02   9.1946527e+02
   7.9400000e+02   9.1982672e+02
   7.9500000e+02   9.2018848e+02
   7.9600000e+02   9.2055054e+02
   7.9700000e+02   9.2091290e+02
   7.9800000e+02   9.2127557e+02
   7.9900000e+02   9.2163849e+02
   8.0000000e+02   9.2200171e+02
   8.0100000e+02   9.2236523e+02
   8.0200000e+02   9.2272906e+02
   8.0300000e+02   9.2309320e+02
   8.0400000e+02   9.2345758e+02
   8.0500000e+02   9.2382233e+02
   8.0600000e+02   9.2418732e+02
   8.0700000e+02   9.2455267e+02
   8.0800000e+02   9.2491827e+02
   8.0900000e+02   9.2528418e+02
   8.1000000e+02   9.2565033e+02
   8.1100000e+02   9.2601685e+02
   8.1200000e+02   9.2638367e+02
   8.1300000e+02   9.2675073e+02
   8.1400000e+02   9.2711816e+02
   8.1500000e+02   9.2748584e+02
   8.1600000e+02   9.2785388e+02
   8.1700000e+02   9.2822217e+02
   8.1800000e+02   9.2859076e+02
   8.1900000e+02   9.2895966e+02
   8.2000000e+02   9.2932886e+02
   8.2100000e+02   9.2969836e+02
   8.2200000e+02   9.3006818e+02
   8.2300000e+02   9.3043829e+02
   8.2400000e+02   9.3080872e+02
   8.2500000e+02   9.3117938e+02
   8.2600000e+02   9.3155042e+02
   8.2700000e+02   9.3192175e+02
   8.2800000e+02   9.3229340e+02
   8.2900000e+02   9.3266528e+02
   8.3000000e+02   9.3303754e+02
   8.3100000e+02   9.3341010e+02
   8.3200000e+02   9.3378290e+02
   8.3300000e+02   9.3415607e+02
   8.3400000e+02   9.3452954e+02
   8.3500000e+02   9.3490332e+02
   8.3600000e+02   9.3527734e+02
   8.3700000e+02   9.3565173e+02
   8.3800000e+02   9.3602643e+02
   8.3900000e+02   9.3640143e+02
   8.4000000e+02   9.3677673e+02
   8.4100000e+02   9.3715234e+02
   8.4200000e+02   9.3752826e+02
   8.4300000e+02   9.3790448e+02
   8.4400000e+02   9.3828101e+02
   8.4500000e+02   9.3865784e+02
   8.4600000e+02   9.3903497e+02
   8.4700000e+02   9.3941248e+02
   8.4800000e+02   9.3979022e+02
   8.4900000e+02   9.4016833e+02
   8.5000000e+02   9.4054669e+02
   8.5100000e+02   9.4092542e+02
   8.5200000e+02   9.4130444e+02
   8.5300000e+02   9.4168378e+02
   8.5400000e+02   9.4206342e+02
   8.5500000e+02   9.4244336e+02
   8.5600000e+02   9.4282361e+02
   8.5700000e+02   9.4320422e+02
   8.5800000e+02   9.4358508e+02
   8.5900000e+02   9.4396631e+02
   8.6000000e+02   9.4434784e+02
   8.6100000e+02   9.4472968e+02
   8.6200000e+02   9.4511182e+02
   8.6300000e+02   9.4549432e+02
   8.6400000e+02   9.4587708e+02
   8.6500000e+02   9.4626019e+02
   8.6600000e+02   9.4664362e+02
   8.6700000e+02   9.4702734e+02
   8.6800000e+02   9.4741138e+02
   8.6900000e+02   9.4779578e+02
   8.7000000e+02   9.4818042e+02
   8.7100000e+02   9.4856543e+02
   8.7200000e+02   9.4895081e+02
   8.7300000e+02   9.4933643e+02
   8.7400000e+02   9.4972235e+02
   8.7500000e+02   9.5010864e+02
   8.7600000e+02   9.5049524e+02
   8.7700000e+02   9.5088220e+02
   8.7800000e+02   9.5126941e+02
   8.7900000e+02   9.5165698e+02
   8.8000000e+02   9.5204486e+02
   8.8100000e+02   9.5243304e+02
   8.8200000e+02   9.5282159e+02
   8.8300000e+02   9.5321045e+02
   8.8400000e+02   9.5359961e+02
   8.8500000e+02   9.5398914e+02
   8.8600000e+02   9.5437891e+02
   8.8700000e+02   9.5476904e+02
   8.8800000e+02   9.5515955e+02
   8.8900000e+02   9.5555035e+02
   8.9000000e+02   9.5594147e+02
   8.9100000e+02   9.5633289e+02
   8.9200000e+02   9.5672467e+02
   8.9300000e+02   9.5711676e+02
   8.9400000e+02   9.5750916e+02
   8.9500000e+02   9.5790192e+02
   8.9600000e+02   9.5829498e+02
   8.9700000e+02   9.5868835e+02
   8.9800000e+02   9.5908209e+02
   8.9900000e+02   9.5947614e+02
   9.0000000e+02   9.5987048e+02
   9.0100000e+02   9.6026520e+02
   9.0200000e+02   9.6066028e+02
   9.0300000e+02   9.6105560e+02
   9.0400000e+02   9.6145129e+02
   9.0500000e+02   9.6184735e+02
   9.0600000e+02   9.6224371e+02
   9.0700000e+02   9.6264038e+02
   9.0800000e+02   9.6303741e+02
   9.0900000e+02   9.6343475e+02
   9.1000000e+02   9.6383240e+02
   9.1100000e+02   9.6423041e+02
   9.1200000e+02   9.6462878e+02
   9.1300000e+02   9.6502747e+02
   9.1400000e+02   9.6542645e+02
   9.1500000e+02   9.6582581e+02
   9.1600000e+02   9.6622546e+02
   9.1700000e+02   9.6662549e+02
   9.1800000e+02   9.6702582e+02
   9.1900000e+02   9.6742651e+02
   9.2000000e+02   9.6782751e+02
   9.2100000e+02   9.6822888e+02
   9.2200000e+02   9.6863055e+02
   9.2300000e+02   9.6903259e+02
   9.2400000e+02   9.6943494e+02
   9.2500000e+02   9.6983765e+02
   9.2600000e+02   9.7024072e+02
   9.2700000e+02   9.7064404e+02
   9.2800000e+02   9.7104779e+02
   9.2900000e+02   9.7145184e+02
   9.3000000e+02   9.7185620e+02
   9.3100000e+02   9.7226093e+02
   9.3200000e+02   9.7266602e+02
   9.3300000e+02   9.7307141e+02
   9.3400000e+02   9.7347717e+02
   9.3500000e+02   9.7388324e+02
   9.3600000e+02   9.7428967e+02
   9.3700000e+02   9.7381415e+02
   9.3800000e+02   9.7422058e+02
   9.3900000e+02   9.7462738e+02
   9.4000000e+02   9.7503448e+02
   9.4100000e+02   9.7544189e+02
   9.4200000e+02   9.7584973e+02
   9.4300000e+02   9.7625781e+02
   9.4400000e+02   9.7666632e+02
   9.4500000e+02   9.7707507e+02
   9.4600000e+02   9.7748425e+02
   9.4700000e+02   9.7789374e+02
   9.4800000e+02   9.7830353e+02
   9.4900000e+02   9.7871375e+02
   9.5000000e+02   9.7912421e+02
   9.5100000e+02   9.7953510e+02
   9.5200000e+02   9.7994629e+02
   9.5300000e+02   9.8035779e+02
   9.5400000e+02   9.8076965e+02
   9.5500000e+02   9.8118188e+02
   9.5600000e+02   9.8159448e+02
   9.5700000e+02   9.8200739e+02
   9.5800000e+02   9.8242059e+02
   9.5900000e+02   9.8283423e+02
   9.6000000e+02   9.8324817e+02
   9.6100000e+02   9.8366248e+02
   9.6200000e+02   9.8407709e+02
   9.6300000e+02   9.8449207e+02
   9.6400000e+02   9.8490741e+02
   9.6500000e+02   9.8532306e+02
   9.6600000e+02   9.8573907e+02
   1.1370000e+03   1.0719910e+03
   1.1380000e+03   1.0724806e+03
   1.1390000e+03   1.0729706e+03
   1.1400000e+03   1.0734609e+03
   1.1410000e+03   1.0739518e+03
   1.1420000e+03   1.0744430e+03
   1.1430000e+03   1.0749347e+03
   1.1450000e+03   1.0759193e+03
   1.1460000e+03   1.0764122e+03
   1.1470000e+03   1.0769056e+03
   1.1480000e+03   1.0773994e+03
   1.1490000e+03   1.0778937e+03
   1.1500000e+03   1.0783883e+03
   1.1510000e+03   1.0788834e+03
   1.1520000e+03   1.0793789e+03
   1.1530000e+03   1.0798749e+03
   1.1540000e+03   1.0803713e+03
   1.1580000e+03   1.0823612e+03
   1.1590000e+03   1.0828597e+03
   1.1600000e+03   1.0833586e+03
   1.1610000e+03   1.0838582e+03
   1.1620000e+03   1.0843580e+03
   1.1630000e+03   1.0848583e+03
   1.1640000e+03   1.0853590e+03
   1.1650000e+03   1.0858601e+03
   1.1750000e+03   1.0908959e+03
   1.1760000e+03   1.0914019e+03
   1.1910000e+03   1.0990452e+03
   1.1920000e+03   1.0995583e+03
   1.1930000e+03   1.1000719e+03
   1.1950000e+03   1.1011005e+03
   1.1960000e+03   1.1016154e+03
   1.2050000e+03   1.1062704e+03
   1.2060000e+03   1.1067898e+03
   1.2070000e+03   1.1073098e+03
   1.2140000e+03   1.1109623e+03
   1.2150000e+03   1.1114860e+03
   1.2160000e+03   1.1120100e+03
   1.2320000e+03   1.1204591e+03
   1.2330000e+03   1.1209911e+03
   1.2340000e+03   1.1215237e+03
   1.2590000e+03   1.1349921e+03
   1.2600000e+03   1.1355370e+03
   1.2610000e+03   1.1360825e+03
   1.2620000e+03   1.1366285e+03
   1.5540000e+03   1.3861084e+03
   1.5550000e+03   1.3866553e+03
   1.5560000e+03   1.3872024e+03
   1.5570000e+03   1.3877501e+03
   1.5580000e+03   1.3882982e+03
   1.5590000e+03   1.3888468e+03
   1.5600000e+03   1.3893959e+03
   1.5610000e+03   1.3899453e+03
   1.5620000e+03   1.3904952e+03
   1.5630000e+03   1.3910455e+03
   1.5640000e+03   1.3915963e+03
   1.5650000e+03   1.3921476e+03
   1.5660000e+03   1.3926993e+03
   1.5670000e+03   1.3932515e+03
   1.5680000e+03   1.3938041e+03
   1.5690000e+03   1.3943572e+03
   1.5700000e+03   1.3949106e+03
   1.5710000e+03   1.3954646e+03
   1.5720000e+03   1.3960190e+03
   1.5750000e+03   1.3976851e+03
   1.5760000e+03   1.3982412e+03
   1.5770000e+03   1.3987980e+03
   1.5780000e+03   1.3993551e+03
   1.5790000e+03   1.3999126e+03
   1.5800000e+03   1.4004707e+03
   1.5810000e+03   1.4010292e+03
   1.5820000e+03   1.4015881e+03
   1.5830000e+03   1.4021476e+03
   1.5840000e+03   1.4027075e+03
   1.5850000e+03   1.4032678e+03
   1.5860000e+03   1.4038286e+03
   1.5870000e+03   1.4043899e+03
   1.5880000e+03   1.4049517e+03
   1.5890000e+03   1.4055138e+03
   1.5900000e+03   1.4060764e+03
   1.5910000e+03   1.4066395e+03
   1.5920000e+03   1.4072031e+03
   1.5930000e+03   1.4077672e+03
   1.5940000e+03   1.4083317e+03
   1.5950000e+03   1.4088966e+03
   1.5960000e+03   1.4094620e+03
   1.5970000e+03   1.4100280e+03
   1.5980000e+03   1.4105942e+03
   1.5990000e+03   1.4111611e+03
   1.6000000e+03   1.4117284e+03
   1.6040000e+03   1.4140022e+03
   1.6050000e+03   1.4145718e+03
   1.6060000e+03   1.4151418e+03
   1.6070000e+03   1.4157124e+03
   1.6080000e+03   1.4162834e+03
   1.6090000e+03   1.4168550e+03
   1.6100000e+03   1.4174270e+03
   1.6110000e+03   1.4179994e+03
   1.6120000e+03   1.4185723e+03
   1.6130000e+03   1.4191458e+03
   1.6140000e+03   1.4197196e+03
   1.6150000e+03   1.4202939e+03
   1.6160000e+03   1.4208688e+03
   1.6170000e+03   1.4214440e+03
   1.6180000e+03   1.4220198e+03
   1.6190000e+03   1.4225959e+03
   1.6200000e+03   1.4231727e+03
   1.6210000e+03   1.4237499e+03
   1.6220000e+03   1.4243275e+03
   1.6230000e+03   1.4249058e+03
   1.6260000e+03   1.4266429e+03
   1.6270000e+03   1.4272230e+03
   1.6280000e+03   1.4278036e+03
   1.6290000e+03   1.4283846e+03
   1.6300000e+03   1.4289661e+03
   1.6310000e+03   1.4295481e+03
   1.6320000e+03   1.4301306e+03
   1.6330000e+03   1.4307135e+03
   1.6340000e+03   1.4312970e+03
   1.6350000e+03   1.4318809e+03
   1.6360000e+03   1.4324652e+03
   1.6390000e+03   1.4342213e+03
   1.6400000e+03   1.4348077e+03
   1.6410000e+03   1.4353945e+03
   1.6420000e+03   1.4359818e+03
   1.6430000e+03   1.4365697e+03
   1.6440000e+03   1.4371580e+03
   1.6450000e+03   1.4377467e+03
   1.6460000e+03   1.4383361e+03
   1.6470000e+03   1.4389258e+03
   1.6480000e+03   1.4395160e+03
   1.6490000e+03   1.4401068e+03
   1.6520000e+03   1.4418820e+03
   1.6530000e+03   1.4424746e+03
   1.6540000e+03   1.4430679e+03
   1.6550000e+03   1.4602585e+03
   1.6560000e+03   1.4608668e+03
   1.6570000e+03   1.4614757e+03
   1.6580000e+03   1.4620850e+03
   1.6590000e+03   1.4626948e+03
   1.6600000e+03   1.4633052e+03
   1.6610000e+03   1.4639160e+03
   1.6620000e+03   1.4645273e+03
   1.6660000e+03   1.4669778e+03
   1.6670000e+03   1.4675917e+03
   1.6680000e+03   1.4682062e+03
   1.6690000e+03   1.4688210e+03
   1.6700000e+03   1.4694365e+03
   1.6710000e+03   1.4700524e+03
   1.6720000e+03   1.4706689e+03
   1.6730000e+03   1.4712859e+03
   1.6740000e+03   1.4719033e+03
   1.6750000e+03   1.4725214e+03
   1.6760000e+03   1.4731399e+03
   1.6770000e+03   1.4737589e+03
   1.6800000e+03   1.4756191e+03
   1.6810000e+03   1.4762402e+03
   1.6820000e+03   1.4768619e+03
   1.6830000e+03   1.4774841e+03
   1.6840000e+03   1.4781067e+03
   1.6850000e+03   1.4787300e+03
   1.6860000e+03   1.4793536e+03
   1.6870000e+03   1.4799779e+03
   1.6880000e+03   1.4806027e+03
   1.6890000e+03   1.4812279e+03
   1.6900000e+03   1.4818538e+03
   1.6950000e+03   1.4849907e+03
   1.6960000e+03   1.4856196e+03
   1.6970000e+03   1.4862491e+03
   1.6980000e+03   1.4868792e+03
   1.6990000e+03   1.4875098e+03
   1.7000000e+03   1.4881409e+03
   1.7010000e+03   1.4887725e+03
   1.7020000e+03   1.4894045e+03
   1.7030000e+03   1.4900372e+03
   1.7040000e+03   1.4906704e+03
   1.7050000e+03   1.4913042e+03
   1.7060000e+03   1.4919385e+03
   1.7090000e+03   1.4938445e+03
   1.7100000e+03   1.4944810e+03
   1.7110000e+03   1.4951178e+03
   1.7120000e+03   1.4957554e+03
   1.7130000e+03   1.4963933e+03
   1.7140000e+03   1.4970320e+03
   1.7150000e+03   1.4976710e+03
   1.7160000e+03   1.4983107e+03
   1.7170000e+03   1.4989508e+03
   1.7180000e+03   1.4995916e+03
   1.7190000e+03   1.5002328e+03
   1.7200000e+03   1.5008746e+03
   1.7210000e+03   1.5015170e+03
   1.7240000e+03   1.5034473e+03
   1.7250000e+03   1.5040918e+03
   1.7260000e+03   1.5047368e+03
   1.7270000e+03   1.5053824e+03
   1.7280000e+03   1.5060286e+03
   1.7290000e+03   1.5066753e+03
   1.7300000e+03   1.5073225e+03
   1.7310000e+03   1.5079703e+03
   1.7320000e+03   1.5086187e+03
   1.7330000e+03   1.5092676e+03
   1.7340000e+03   1.5099170e+03
   1.7350000e+03   1.5105670e+03
   1.7360000e+03   1.5112175e+03
   1.7370000e+03   1.5118687e+03
   1.7380000e+03   1.5125203e+03
   1.7390000e+03   1.5131725e+03
   1.7400000e+03   1.5138252e+03
   1.7410000e+03   1.5144785e+03
   1.7420000e+03   1.5151324e+03
   1.7430000e+03   1.5157869e+03
   1.7440000e+03   1.5164418e+03
   1.7450000e+03   1.5170973e+03
   1.7460000e+03   1.5177534e+03
   1.7470000e+03   1.5184100e+03
   1.7480000e+03   1.5190673e+03
   1.7490000e+03   1.5197251e+03
   1.7500000e+03   1.5203834e+03
   1.7510000e+03   1.5210422e+03
   1.7520000e+03   1.5217017e+03
   1.7530000e+03   1.5223617e+03
   1.7540000e+03   1.5230222e+03
   1.7550000e+03   1.5236833e+03
   1.7560000e+03   1.5243451e+03
   1.7570000e+03   1.5250073e+03
   1.7580000e+03   1.5256702e+03
   1.7590000e+03   1.5263335e+03
   1.7600000e+03   1.5269976e+03
   1.7660000e+03   1.5444749e+03
   1.7670000e+03   1.5451537e+03
   1.7680000e+03   1.5458330e+03
   1.7690000e+03   1.5465129e+03
   1.7700000e+03   1.5471935e+03
   1.7730000e+03   1.5492385e+03
   1.7740000e+03   1.5499214e+03
   1.7770000e+03   1.5519735e+03
   1.7780000e+03   1.5526587e+03
   1.7790000e+03   1.5533445e+03
   1.7800000e+03   1.5540309e+03
   1.7810000e+03   1.5547178e+03
   1.7820000e+03   1.5554054e+03
   1.7830000e+03   1.5560935e+03
   1.7840000e+03   1.5567822e+03
   1.7850000e+03   1.5574716e+03
   1.7860000e+03   1.5581615e+03
   1.7870000e+03   1.5588521e+03
   1.7880000e+03   1.5595431e+03
   1.7890000e+03   1.5602347e+03
   1.7900000e+03   1.5609271e+03
   1.7910000e+03   1.5616200e+03
   1.7920000e+03   1.5623135e+03
   1.7930000e+03   1.5630076e+03
   1.7940000e+03   1.5637021e+03
   1.7950000e+03   1.5643975e+03
   1.7960000e+03   1.5650934e+03
   1.7970000e+03   1.5657898e+03
   1.7980000e+03   1.5664869e+03
   1.7990000e+03   1.5671846e+03
   1.8000000e+03   1.5678828e+03
   1.8010000e+03   1.5685817e+03
   1.8020000e+03   1.5692811e+03
   1.8030000e+03   1.5699812e+03
   1.8040000e+03   1.5706819e+03
   1.8050000e+03   1.5713832e+03
   1.8060000e+03   1.5720851e+03
   1.8070000e+03   1.5727876e+03
   1.8080000e+03   1.5734907e+03
   1.8090000e+03   1.5741945e+03
   1.8100000e+03   1.5748988e+03
   1.8110000e+03   1.5756036e+03
   1.8120000e+03   1.5763092e+03
   1.8130000e+03   1.5770154e+03
   1.8140000e+03   1.5777222e+03
   1.8150000e+03   1.5784296e+03
   1.8160000e+03   1.5791375e+03
   1.8170000e+03   1.5798461e+03
   1.8180000e+03   1.5805553e+03
   1.8190000e+03   1.5812651e+03
   1.8200000e+03   1.5819756e+03
   1.8210000e+03   1.5826866e+03
   1.8220000e+03   1.5833983e+03
   1.8230000e+03   1.5841106e+03
   1.8240000e+03   1.5848235e+03
   1.8250000e+03   1.5855370e+03
   1.8260000e+03   1.5862511e+03
   1.8270000e+03   1.5869659e+03
   1.8300000e+03   1.5891139e+03
   1.8310000e+03   1.5898312e+03
   1.8320000e+03   1.5905491e+03
   1.8330000e+03   1.5912676e+03
   1.8340000e+03   1.5919867e+03
   1.8350000e+03   1.5927064e+03
   1.8360000e+03   1.5934268e+03
   1.8370000e+03   1.5941478e+03
   1.8380000e+03   1.5948694e+03
   1.8390000e+03   1.5955917e+03
   1.8400000e+03   1.5963146e+03
   1.8410000e+03   1.5970381e+03
   1.8420000e+03   1.5977622e+03
   1.8460000e+03   1.6006652e+03
   1.8470000e+03   1.6013925e+03
   1.8480000e+03   1.6021204e+03
   1.8490000e+03   1.6028490e+03
   1.8500000e+03   1.6035782e+03
   1.8510000e+03   1.6043081e+03
   1.8520000e+03   1.6050386e+03
   1.8530000e+03   1.6057697e+03
   1.8540000e+03   1.6065015e+03
   1.8550000e+03   1.6072339e+03
   1.8560000e+03   1.6079669e+03
   1.8570000e+03   1.6087006e+03
   1.8610000e+03   1.6116418e+03
   1.8620000e+03   1.6123787e+03
   1.8630000e+03   1.6131162e+03
   1.8640000e+03   1.6138545e+03
   2.3790000e+03   6.4937878e+02
   2.3800000e+03   6.8224536e+02
   2.3810000e+03   6.8250024e+02
   2.3820000e+03   6.8275519e+02
   2.3830000e+03   6.8301007e+02
   2.3840000e+03   6.8326501e+02
   2.3850000e+03   6.8351996e+02
   2.3860000e+03   6.8377484e+02
   2.3870000e+03   6.8402979e+02
   2.3880000e+03   6.8428467e+02
   2.3890000e+03   6.8453961e+02
   2.3900000e+03   6.8479449e+02
   2.3910000e+03   6.8504944e+02
   2.3920000e+03   6.8530432e+02
   2.3930000e+03   6.8555927e+02
   2.3940000e+03   6.8581421e+02
   2.3950000e+03   6.8606909e+02
   2.3960000e+03   6.8632404e+02
   2.3970000e+03   6.8657892e+02
   2.3980000e+03   6.8683386e+02
   2.3990000e+03   6.8708875e+02
   2.4000000e+03   6.8734369e+02
   2.4010000e+03   7.2873889e+02
   2.4030000e+03   7.8221350e+02
   2.4040000e+03   7.8254901e+02
   2.4050000e+03   7.8288452e+02
   2.4060000e+03   7.8322003e+02
   2.4070000e+03   7.8355554e+02
   2.4080000e+03   7.8389105e+02
   2.4090000e+03   7.8422656e+02
   2.4100000e+03   7.8456207e+02
   2.4110000e+03   7.8489758e+02
   2.4120000e+03   7.8523309e+02
   2.4130000e+03   7.8556860e+02
   2.4140000e+03   7.8590411e+02
   2.4150000e+03   7.8623962e+02
   2.4160000e+03   7.8657513e+02
   2.4170000e+03   7.8691058e+02
   2.4180000e+03   7.8724609e+02
   2.4190000e+03   7.8758160e+02
   2.4200000e+03   7.8791711e+02
   2.4210000e+03   7.8825262e+02
   2.4220000e+03   7.8858813e+02
   2.4230000e+03   7.8892365e+02
   2.4240000e+03   8.5282977e+02
   2.4250000e+03   8.5118036e+02
   2.4260000e+03   9.0411298e+02
   2.4270000e+03   9.0445197e+02
   2.4280000e+03   9.0479095e+02
   2.4290000e+03   9.0512994e+02
   2.4300000e+03   9.0546893e+02
   2.4310000e+03   9.0580792e+02
   2.4320000e+03   9.0614691e+02
   2.4330000e+03   9.0648596e+02
   2.4340000e+03   9.0682495e+02
   2.4350000e+03   9.0716394e+02
   2.4360000e+03   9.0750293e+02
   2.4370000e+03   9.0784192e+02
   2.4380000e+03   9.0818091e+02
   2.4390000e+03   9.0851990e+02
   2.4400000e+03   9.0885895e+02
   2.4410000e+03   9.0919794e+02
   2.4420000e+03   9.0953693e+02
   2.4430000e+03   9.0987592e+02
   2.4440000e+03   9.1021490e+02
   2.4450000e+03   9.1055389e+02
   2.4460000e+03   9.1089288e+02
   2.4470000e+03   9.7469611e+02
   2.4480000e+03   9.7340771e+02
   2.4700000e+03   1.1371506e+03
   2.4710000e+03   1.1376722e+03
   2.4720000e+03   1.1381940e+03
   2.4730000e+03   1.1387157e+03
   2.4740000e+03   1.1392373e+03
   2.4750000e+03   1.1397590e+03
   2.4760000e+03   1.1402808e+03
   2.4770000e+03   1.1408025e+03
   2.4780000e+03   1.1413241e+03
   2.4790000e+03   1.1418457e+03
   2.4800000e+03   1.1423674e+03
   2.4810000e+03   1.1428892e+03
   2.4820000e+03   1.1434109e+03
   2.4830000e+03   1.1439326e+03
   2.4840000e+03   1.1444542e+03
   2.4850000e+03   1.1449758e+03
   2.4860000e+03   1.1454976e+03
   2.4870000e+03   1.1460193e+03
   2.4880000e+03   1.1465410e+03
   2.4890000e+03   1.1470626e+03
   2.4900000e+03   1.1475844e+03
   2.4910000e+03   1.1481061e+03
   2.4920000e+03   1.1486277e+03
   2.4930000e+03   1.1491494e+03
   2.4940000e+03   1.1496710e+03
   2.4950000e+03   1.1501927e+03
   2.4960000e+03   1.1507145e+03
   2.4970000e+03   1.1512362e+03
   2.4980000e+03   1.1517578e+03
   2.4990000e+03   1.1522795e+03
   2.5000000e+03   1.1528011e+03
   2.5010000e+03   1.1533229e+03
   2.5020000e+03   1.1538446e+03
   2.5030000e+03   1.1543662e+03
   2.5040000e+03   1.1548879e+03
   2.5050000e+03   1.1554097e+03
   2.5060000e+03   1.1559314e+03
   2.5070000e+03   1.1564530e+03
   2.5080000e+03   1.1569746e+03
   2.5090000e+03   1.1574963e+03
   2.5100000e+03   1.1580181e+03
   2.5110000e+03   1.1585398e+03
   2.5120000e+03   1.1590614e+03
   2.5130000e+03   1.1595831e+03
   2.5140000e+03   1.1601047e+03
   2.5150000e+03   1.1606265e+03
   2.5160000e+03   1.1611482e+03
   2.5170000e+03   1.1616698e+03
   2.5180000e+03   1.1621915e+03
   2.5190000e+03   1.1627133e+03
   2.5200000e+03   1.1632350e+03
   2.5210000e+03   1.1637566e+03
   2.5220000e+03   1.1642782e+03
   2.5230000e+03   1.1647999e+03
   2.5240000e+03   1.1653217e+03
   2.5250000e+03   1.1658434e+03
   2.5260000e+03   1.1663651e+03
   2.5270000e+03   1.1668867e+03
   2.5280000e+03   1.1674083e+03
   2.5290000e+03   1.1679301e+03
   2.5300000e+03   1.1684518e+03
   2.5310000e+03   1.1689735e+03
   2.5320000e+03   1.1694951e+03
   2.5330000e+03   1.1700168e+03
   2.5340000e+03   1.1705386e+03
   2.5350000e+03   1.1710602e+03
   2.5360000e+03   1.1715819e+03
   2.5370000e+03   1.1721035e+03
   2.5380000e+03   1.1726252e+03
   2.5390000e+03   1.1731470e+03
   2.5400000e+03   1.1736687e+03
   2.5410000e+03   1.1741903e+03
   2.5420000e+03   1.1747120e+03
   2.5430000e+03   1.1752336e+03
   2.5440000e+03   1.1757554e+03
   2.5450000e+03   1.1762771e+03
   2.5460000e+03   1.1767987e+03
   2.5470000e+03   1.1773204e+03
   2.5480000e+03   1.1778422e+03
   2.5490000e+03   1.1783639e+03
   2.5500000e+03   1.1788855e+03
   2.5510000e+03   1.1794071e+03
   2.5520000e+03   1.1799288e+03
   2.5530000e+03   1.1804506e+03
   2.5540000e+03   1.1809723e+03
   2.5550000e+03   1.1814939e+03
   2.5560000e+03   1.1820156e+03
   2.5570000e+03   1.1825372e+03
   2.5580000e+03   1.1830590e+03
   2.5590000e+03   1.1835807e+03
   2.5600000e+03   1.1841024e+03
   2.5610000e+03   1.1846240e+03
   2.5620000e+03   1.1851458e+03
   2.5630000e+03   1.1856675e+03
   2.5640000e+03   1.1861891e+03
   2.5650000e+03   1.1867108e+03
   2.5660000e+03   1.1872324e+03
   2.5670000e+03   1.1877542e+03
   2.5680000e+03   1.1882759e+03
   2.5690000e+03   1.1887976e+03
   2.5700000e+03   1.1893192e+03
   2.5710000e+03   1.1898408e+03
   2.5720000e+03   1.1903625e+03
   2.5730000e+03   1.1908843e+03
   2.5740000e+03   1.1914060e+03
   2.5750000e+03   1.1919276e+03
   2.5760000e+03   1.1924493e+03
   2.5770000e+03   1.1929711e+03
   2.5780000e+03   1.1934928e+03
   2.5790000e+03   1.1940144e+03
   2.5800000e+03   1.1945360e+03
   2.5810000e+03   1.1950577e+03
   2.5820000e+03   1.1955795e+03
   2.5830000e+03   1.1961012e+03
   2.5840000e+03   1.1966228e+03
   2.5850000e+03   1.1971445e+03
   2.5860000e+03   1.1976661e+03
   2.5870000e+03   1.1981879e+03
   2.5880000e+03   1.1987096e+03
   2.5890000e+03   1.1992312e+03
   2.5900000e+03   1.1997529e+03
   2.5910000e+03   1.2002747e+03
   2.6000000e+03   1.2049697e+03
   2.6010000e+03   1.2054915e+03
   2.6020000e+03   1.2060132e+03
   2.6030000e+03   1.2065349e+03
   2.6040000e+03   1.2070565e+03
   2.6070000e+03   1.2086216e+03
   2.6080000e+03   1.2091433e+03
   2.6150000e+03   1.2127950e+03
   2.6160000e+03   1.2133168e+03
   2.6170000e+03   1.2138385e+03
   2.6180000e+03   1.2143601e+03
   2.6190000e+03   1.2148818e+03
   2.6460000e+03   1.4436407e+03
   2.6470000e+03   1.4442139e+03
   2.6480000e+03   1.4447869e+03
   2.6490000e+03   1.4453599e+03
   2.6500000e+03   1.4459329e+03
   2.6510000e+03   1.4465060e+03
   2.6520000e+03   1.4470790e+03
   2.6530000e+03   1.4476520e+03
   2.6580000e+03   1.4505171e+03
   2.6590000e+03   1.4510901e+03
   2.6600000e+03   1.4516631e+03
   2.6610000e+03   1.4522361e+03
   2.6650000e+03   1.4545282e+03
   2.6660000e+03   1.4551013e+03
   2.6670000e+03   1.4556743e+03
   2.6680000e+03   1.4562473e+03
   2.6720000e+03   1.4585394e+03
   2.6730000e+03   1.4591125e+03
   2.6740000e+03   1.4596855e+03
   2.6750000e+03   1.5276379e+03
   2.6760000e+03   1.5282786e+03
   2.6770000e+03   1.5289191e+03
   2.6780000e+03   1.5295597e+03
   2.6790000e+03   1.5302002e+03
   2.6800000e+03   1.5308408e+03
   2.6810000e+03   1.5314813e+03
   2.6820000e+03   1.5321218e+03
   2.6830000e+03   1.5327625e+03
   2.6840000e+03   1.5334030e+03
