   3.0674930e+02
   3.0123627e+02
   2.7908939e+02
   2.9437915e+02
   2.6418655e+02
   3.1635019e+02
   2.5016000e+02
   2.4673334e+02
   2.5950026e+02
   2.8001334e+02
   2.8375677e+02
   3.1309705e+02
   3.0139847e+02
   3.0601334e+02
   3.0884052e+02
   3.1552371e+02
   3.0567038e+02
   3.0467038e+02
   3.0438339e+02
   3.0960880e+02
   2.9395941e+02
   2.8671503e+02
   2.8402835e+02
   2.6827383e+02
   2.8459924e+02
   2.7587311e+02
   2.8111734e+02
   2.7012469e+02
   2.5748289e+02
   2.6083284e+02
   2.6158945e+02
   2.5762709e+02
   2.4503650e+02
   2.5964523e+02
   2.6599292e+02
   2.5686591e+02
   3.0995605e+02
   2.6047160e+02
   2.9700113e+02
   2.7367072e+02
   2.5608743e+02
   2.9171210e+02
   2.5363995e+02
   2.8909052e+02
   3.0241342e+02
   2.7874619e+02
   2.7053937e+02
   2.9114709e+02
   2.9525082e+02
