   2.9974930e+02
   2.9423627e+02
   2.7208939e+02
   2.8737915e+02
   2.5718655e+02
   3.0935019e+02
   2.4316000e+02
   2.3973334e+02
   2.5250026e+02
   2.7301334e+02
   2.7675677e+02
   3.0609705e+02
   2.9439847e+02
   2.9901334e+02
   3.0184052e+02
   3.0852371e+02
   2.9867038e+02
   2.9767038e+02
   2.9738339e+02
   3.0260880e+02
   2.8695941e+02
   2.7971503e+02
   2.7702835e+02
   2.6127383e+02
   2.7759924e+02
   2.6887311e+02
   2.7411734e+02
   2.6312469e+02
   2.5048289e+02
   2.5383284e+02
   2.5458945e+02
   2.5062709e+02
   2.3803650e+02
   2.5264523e+02
   2.5899292e+02
   2.4986591e+02
   3.0295605e+02
   2.5347160e+02
   2.9000113e+02
   2.6667072e+02
   2.4908743e+02
   2.8471210e+02
   2.4663995e+02
   2.8209052e+02
   2.9541342e+02
   2.7174619e+02
   2.6353937e+02
   2.8414709e+02
   2.8825082e+02
