   2.9274930e+02
   2.8723627e+02
   2.6508939e+02
   2.8037915e+02
   2.5018655e+02
   3.0235019e+02
   2.3616000e+02
   2.3273334e+02
   2.4550026e+02
   2.6601334e+02
   2.6975677e+02
   2.9909705e+02
   2.8739847e+02
   2.9201334e+02
   2.9484052e+02
   3.0152371e+02
   2.9167038e+02
   2.9067038e+02
   2.9038339e+02
   2.9560880e+02
   2.7995941e+02
   2.7271503e+02
   2.7002835e+02
   2.5427383e+02
   2.7059924e+02
   2.6187311e+02
   2.6711734e+02
   2.5612469e+02
   2.4348289e+02
   2.4683284e+02
   2.4758945e+02
   2.4362709e+02
   2.3103650e+02
   2.4564523e+02
   2.5199292e+02
   2.4286591e+02
   2.9595605e+02
   2.4647160e+02
   2.8300113e+02
   2.5967072e+02
   2.4208743e+02
   2.7771210e+02
   2.3963995e+02
   2.7509052e+02
   2.8841342e+02
   2.6474619e+02
   2.5653937e+02
   2.7714709e+02
   2.8125082e+02
