607.505493 8.5903e+01 2.5201e+02 
607.987640 1.0498e+02 2.6693e+02 
608.469788 1.1458e+02 2.7398e+02 
608.951935 1.2257e+02 2.7965e+02 
609.434082 1.2568e+02 2.8182e+02 
609.916229 1.2254e+02 2.7967e+02 
610.398376 1.2269e+02 2.7979e+02 
610.880524 1.2546e+02 2.8173e+02 
611.362671 1.2309e+02 2.8011e+02 
611.844818 1.2184e+02 2.7926e+02 
612.326965 1.2530e+02 2.8167e+02 
612.809113 1.2706e+02 2.8289e+02 
613.291260 1.2565e+02 2.8195e+02 
613.773407 1.2493e+02 2.8147e+02 
614.255554 1.2613e+02 2.8231e+02 
614.737701 1.2597e+02 2.8222e+02 
615.219849 1.2652e+02 2.8261e+02 
615.701996 1.2741e+02 2.8324e+02 
616.184143 1.2795e+02 2.8363e+02 
616.666290 1.2785e+02 2.8357e+02 
617.148438 1.2803e+02 2.8372e+02 
617.630585 1.2794e+02 2.8367e+02 
618.112732 1.2771e+02 2.8353e+02 
618.594879 1.2630e+02 2.8260e+02 
619.077026 1.2591e+02 2.8235e+02 
619.559174 1.2487e+02 2.8167e+02 
620.041321 1.2348e+02 2.8073e+02 
620.523468 1.2586e+02 2.8238e+02 
621.005615 1.2609e+02 2.8256e+02 
621.487762 1.2201e+02 2.7978e+02 
621.969910 1.2284e+02 2.8038e+02 
622.452057 1.2632e+02 2.8277e+02 
622.934204 1.2473e+02 2.8171e+02 
623.416351 1.2479e+02 2.8177e+02 
623.898499 1.2675e+02 2.8312e+02 
624.380646 1.2681e+02 2.8318e+02 
624.862793 1.2682e+02 2.8321e+02 
625.344940 1.2724e+02 2.8351e+02 
625.827087 1.2706e+02 2.8341e+02 
626.309235 1.2694e+02 2.8335e+02 
626.791382 1.2701e+02 2.8342e+02 
627.273529 1.2696e+02 2.8341e+02 
627.755676 1.2695e+02 2.8342e+02 
628.237823 1.2695e+02 2.8345e+02 
628.719971 1.2695e+02 2.8347e+02 
629.202118 1.2700e+02 2.8352e+02 
629.684265 1.2695e+02 2.8351e+02 
630.166412 1.2688e+02 2.8349e+02 
630.648560 1.2698e+02 2.8357e+02 
631.130707 1.2692e+02 2.8356e+02 
631.612854 1.2683e+02 2.8352e+02 
632.095001 1.2690e+02 2.8359e+02 
632.577148 1.2691e+02 2.8361e+02 
633.059296 1.2683e+02 2.8358e+02 
633.541443 1.2687e+02 2.8363e+02 
634.023590 1.2682e+02 2.8362e+02 
634.505737 1.2672e+02 2.8358e+02 
634.987885 1.2674e+02 2.8362e+02 
635.470032 1.2677e+02 2.8365e+02 
635.952179 1.2665e+02 2.8360e+02 
636.434326 1.2666e+02 2.8363e+02 
636.916473 1.2667e+02 2.8366e+02 
637.398621 1.2660e+02 2.8363e+02 
637.880768 1.2657e+02 2.8364e+02 
638.362915 1.2660e+02 2.8368e+02 
638.845062 1.2650e+02 2.8364e+02 
639.327209 1.2648e+02 2.8365e+02 
639.809357 1.2649e+02 2.8368e+02 
640.291504 1.2642e+02 2.8366e+02 
640.773651 1.2636e+02 2.8364e+02 
641.255798 1.2640e+02 2.8369e+02 
641.737946 1.2632e+02 2.8366e+02 
642.220093 1.2627e+02 2.8366e+02 
642.702240 1.2628e+02 2.8369e+02 
643.184387 1.2624e+02 2.8369e+02 
643.666534 1.2616e+02 2.8365e+02 
644.148682 1.2619e+02 2.8370e+02 
644.630829 1.2613e+02 2.8369e+02 
645.112976 1.2607e+02 2.8367e+02 
645.595123 1.2606e+02 2.8369e+02 
646.077271 1.2605e+02 2.8371e+02 
646.559418 1.2595e+02 2.8367e+02 
647.041565 1.2596e+02 2.8370e+02 
647.523712 1.2593e+02 2.8371e+02 
648.005859 1.2588e+02 2.8370e+02 
648.488007 1.2585e+02 2.8370e+02 
648.970154 1.2585e+02 2.8373e+02 
649.452301 1.2577e+02 2.8370e+02 
649.934448 1.2574e+02 2.8371e+02 
650.416595 1.2571e+02 2.8371e+02 
650.898743 1.2565e+02 2.8370e+02 
651.380890 1.2559e+02 2.8369e+02 
651.863037 1.2560e+02 2.8372e+02 
652.345184 1.2553e+02 2.8370e+02 
652.827332 1.2549e+02 2.8370e+02 
653.309479 1.2546e+02 2.8371e+02 
653.791626 1.2543e+02 2.8372e+02 
654.273773 1.2535e+02 2.8369e+02 
654.755920 1.2535e+02 2.8372e+02 
655.238068 1.2530e+02 2.8371e+02 
655.720215 1.2525e+02 2.8370e+02 
656.202362 1.2521e+02 2.8370e+02 
656.684509 1.2520e+02 2.8372e+02 
657.166656 1.2511e+02 2.8369e+02 
657.648804 1.2509e+02 2.8371e+02 
658.130951 1.2506e+02 2.8371e+02 
658.613098 1.2500e+02 2.8371e+02 
659.095245 1.2494e+02 2.8369e+02 
659.577393 1.2494e+02 2.8372e+02 
660.059540 1.2486e+02 2.8370e+02 
660.541687 1.2482e+02 2.8370e+02 
661.023834 1.2479e+02 2.8371e+02 
661.505981 1.2475e+02 2.8371e+02 
661.988129 1.2467e+02 2.8368e+02 
662.470276 1.2467e+02 2.8372e+02 
662.952423 1.2462e+02 2.8371e+02 
663.434570 1.2456e+02 2.8370e+02 
663.916718 1.2450e+02 2.8369e+02 
664.398865 1.2449e+02 2.8371e+02 
664.881012 1.2440e+02 2.8368e+02 
665.363159 1.2437e+02 2.8369e+02 
665.845306 1.2433e+02 2.8369e+02 
666.327454 1.2432e+02 2.8371e+02 
666.809601 1.2427e+02 2.8372e+02 
667.291748 1.2426e+02 2.8374e+02 
667.773895 1.2420e+02 2.8373e+02 
668.256042 1.2417e+02 2.8374e+02 
668.738190 1.2411e+02 2.8373e+02 
669.220337 1.2408e+02 2.8374e+02 
669.702484 1.2402e+02 2.8372e+02 
670.184631 1.2398e+02 2.8373e+02 
670.666779 1.2390e+02 2.8371e+02 
671.148926 1.2388e+02 2.8373e+02 
671.631073 1.2380e+02 2.8371e+02 
672.113220 1.2375e+02 2.8370e+02 
672.595367 1.2371e+02 2.8371e+02 
673.077515 1.2369e+02 2.8372e+02 
673.559662 1.2360e+02 2.8369e+02 
674.041809 1.2358e+02 2.8372e+02 
674.523956 1.2354e+02 2.8372e+02 
675.006104 1.2348e+02 2.8371e+02 
675.488251 1.2342e+02 2.8370e+02 
675.970398 1.2341e+02 2.8373e+02 
676.452545 1.2333e+02 2.8371e+02 
676.934692 1.2329e+02 2.8371e+02 
677.416840 1.2325e+02 2.8371e+02 
677.898987 1.2321e+02 2.8372e+02 
678.381134 1.2312e+02 2.8370e+02 
678.863281 1.2311e+02 2.8372e+02 
679.345428 1.2306e+02 2.8372e+02 
679.827576 1.2300e+02 2.8371e+02 
680.309723 1.2294e+02 2.8370e+02 
680.791870 1.2293e+02 2.8373e+02 
681.274017 1.2284e+02 2.8370e+02 
681.756165 1.2280e+02 2.8371e+02 
682.238312 1.2276e+02 2.8371e+02 
682.720459 1.2272e+02 2.8372e+02 
683.202606 1.2262e+02 2.8369e+02 
683.684753 1.2262e+02 2.8372e+02 
684.166901 1.2255e+02 2.8371e+02 
684.649048 1.2249e+02 2.8370e+02 
685.131195 1.2243e+02 2.8370e+02 
685.613342 1.2243e+02 2.8373e+02 
686.095490 1.2232e+02 2.8369e+02 
686.577637 1.2228e+02 2.8370e+02 
687.059784 1.2225e+02 2.8371e+02 
687.541931 1.2220e+02 2.8371e+02 
688.024078 1.2210e+02 2.8368e+02 
688.506226 1.2210e+02 2.8372e+02 
688.988373 1.2204e+02 2.8371e+02 
689.470520 1.2197e+02 2.8370e+02 
689.952667 1.2191e+02 2.8369e+02 
690.434814 1.2190e+02 2.8372e+02 
690.916962 1.2179e+02 2.8368e+02 
691.399109 1.2174e+02 2.8369e+02 
691.881256 1.2172e+02 2.8370e+02 
692.363403 1.2166e+02 2.8370e+02 
692.845551 1.2154e+02 2.8366e+02 
693.327698 1.2156e+02 2.8370e+02 
693.809845 1.2150e+02 2.8369e+02 
694.291992 1.2140e+02 2.8367e+02 
694.774139 1.2135e+02 2.8367e+02 
695.256287 1.2136e+02 2.8371e+02 
695.738434 1.2122e+02 2.8366e+02 
696.220581 1.2117e+02 2.8366e+02 
696.702728 1.2116e+02 2.8368e+02 
697.184875 1.2110e+02 2.8368e+02 
697.667023 1.2097e+02 2.8363e+02 
698.149170 1.2099e+02 2.8368e+02 
698.631317 1.2093e+02 2.8367e+02 
699.113464 1.2081e+02 2.8363e+02 
699.595612 1.2074e+02 2.8362e+02 
700.077759 1.2078e+02 2.8368e+02 
700.559906 1.2064e+02 2.8363e+02 
701.042053 1.2056e+02 2.8361e+02 
701.524200 1.2055e+02 2.8364e+02 
702.006348 1.2051e+02 2.8365e+02 
702.488495 1.2036e+02 2.8359e+02 
702.970642 1.2035e+02 2.8362e+02 
703.452789 1.2030e+02 2.8362e+02 
703.934937 1.2018e+02 2.8358e+02 
704.417084 1.2007e+02 2.8354e+02 
704.899231 1.2012e+02 2.8361e+02 
705.381378 1.2002e+02 2.8359e+02 
705.863525 1.1986e+02 2.8352e+02 
706.345673 1.1980e+02 2.8351e+02 
706.827820 1.1979e+02 2.8354e+02 
707.309967 1.1962e+02 2.8347e+02 
707.792114 1.1955e+02 2.8346e+02 
708.274261 1.1950e+02 2.8347e+02 
708.756409 1.1940e+02 2.8344e+02 
709.238556 1.1919e+02 2.8334e+02 
709.720703 1.1919e+02 2.8338e+02 
710.202850 1.1914e+02 2.8338e+02 
710.684998 1.1882e+02 2.8321e+02 
711.167145 1.1865e+02 2.8314e+02 
711.649292 1.1888e+02 2.8333e+02 
712.131439 1.1826e+02 2.8296e+02 
712.613586 1.1728e+02 2.8237e+02 
713.095734 1.1814e+02 2.8296e+02 
713.577881 1.1846e+02 2.8320e+02 
714.060028 1.1625e+02 2.8182e+02 
714.542175 1.1615e+02 2.8179e+02 
715.024323 1.1786e+02 2.8293e+02 
715.506470 1.1475e+02 2.8096e+02 
715.988617 1.1239e+02 2.7945e+02 
716.470764 1.1636e+02 2.8208e+02 
716.952911 1.1665e+02 2.8230e+02 
717.435059 1.1451e+02 2.8096e+02 
717.917206 1.1630e+02 2.8216e+02 
718.399353 1.1820e+02 2.8341e+02 
718.881500 1.1833e+02 2.8353e+02 
719.363647 1.1845e+02 2.8365e+02 
719.845795 1.1843e+02 2.8367e+02 
720.327942 1.1846e+02 2.8373e+02 
720.810089 1.1822e+02 2.8362e+02 
721.292236 1.1688e+02 2.8279e+02 
721.774384 1.1347e+02 2.8062e+02 
722.256531 1.1012e+02 2.7847e+02 
722.738678 1.0386e+02 2.7431e+02 
723.220825 1.0100e+02 2.7239e+02 
723.702972 1.0727e+02 2.7669e+02 
724.185120 1.0447e+02 2.7485e+02 
724.667267 9.7796e+01 2.7029e+02 
725.149414 1.0650e+02 2.7630e+02 
725.631561 1.0773e+02 2.7716e+02 
726.113708 9.8831e+01 2.7114e+02 
726.595856 1.0497e+02 2.7539e+02 
727.078003 1.1117e+02 2.7956e+02 
727.560150 1.0192e+02 2.7340e+02 
728.042297 1.0356e+02 2.7456e+02 
728.524445 1.1347e+02 2.8118e+02 
729.006592 1.1466e+02 2.8199e+02 
729.488739 1.1306e+02 2.8099e+02 
729.970886 1.1433e+02 2.8186e+02 
730.453033 1.1477e+02 2.8218e+02 
730.935181 1.1379e+02 2.8159e+02 
731.417328 1.1455e+02 2.8212e+02 
731.899475 1.1123e+02 2.8001e+02 
732.381622 1.0377e+02 2.7508e+02 
732.863770 1.0812e+02 2.7804e+02 
733.345917 1.1165e+02 2.8040e+02 
733.828064 1.0392e+02 2.7531e+02 
734.310211 1.0616e+02 2.7686e+02 
734.792358 1.1148e+02 2.8042e+02 
735.274506 1.0448e+02 2.7582e+02 
735.756653 1.0426e+02 2.7571e+02 
736.238800 1.1097e+02 2.8021e+02 
736.720947 1.0520e+02 2.7643e+02 
737.203094 1.0305e+02 2.7502e+02 
737.685242 1.1025e+02 2.7986e+02 
738.167389 1.0646e+02 2.7740e+02 
738.649536 1.0220e+02 2.7457e+02 
739.131683 1.0936e+02 2.7940e+02 
739.613831 1.0933e+02 2.7942e+02 
740.095978 1.0787e+02 2.7850e+02 
740.578125 1.1329e+02 2.8208e+02 
741.060272 1.1501e+02 2.8323e+02 
741.542419 1.1403e+02 2.8264e+02 
742.024567 1.1258e+02 2.8175e+02 
742.506714 1.0629e+02 2.7767e+02 
742.988861 9.1079e+01 2.6720e+02 
743.471008 9.7313e+01 2.7166e+02 
743.953156 1.0903e+02 2.7960e+02 
744.435303 1.0639e+02 2.7791e+02 
744.917450 1.0931e+02 2.7987e+02 
745.399597 1.0414e+02 2.7649e+02 
745.881744 8.2064e+01 2.6082e+02 
746.363892 8.3783e+01 2.6216e+02 
746.846039 9.8614e+01 2.7287e+02 
747.328186 8.2088e+01 2.6098e+02 
747.810333 8.2986e+01 2.6171e+02 
748.292480 1.0124e+02 2.7480e+02 
748.774628 8.5937e+01 2.6401e+02 
749.256775 7.5305e+01 2.5591e+02 
749.738922 9.2779e+01 2.6906e+02 
750.221069 7.9411e+01 2.5922e+02 
750.703217 6.7143e+01 2.4937e+02 
751.185364 8.7559e+01 2.6544e+02 
751.667511 8.4886e+01 2.6351e+02 
752.149658 8.0772e+01 2.6046e+02 
752.631805 9.3251e+01 2.6967e+02 
753.113953 8.2646e+01 2.6198e+02 
753.596100 7.8933e+01 2.5919e+02 
754.078247 9.9645e+01 2.7425e+02 
754.560394 1.0157e+02 2.7560e+02 
755.042542 7.6245e+01 2.5724e+02 
755.524689 7.5504e+01 2.5671e+02 
756.006836 8.1231e+01 2.6119e+02 
756.488983 5.7346e+01 2.4134e+02 
756.971130 6.6709e+01 2.4966e+02 
757.453278 7.3080e+01 2.5497e+02 
757.935425 4.7157e+01 2.3156e+02 
758.417572 4.9958e+01 2.3446e+02 
758.899719 6.3455e+01 2.4707e+02 
759.381866 4.3061e+01 2.2738e+02 
759.864014 4.4390e+01 2.2887e+02 
760.346161 6.1954e+01 2.4591e+02 
760.828308 4.5728e+01 2.3040e+02 
761.310455 4.0569e+01 2.2484e+02 
761.792603 5.4836e+01 2.3958e+02 
762.274750 3.9789e+01 2.2407e+02 
762.756897 3.4308e+01 2.1758e+02 
763.239044 4.8191e+01 2.3322e+02 
763.721191 3.8572e+01 2.2283e+02 
764.203339 3.1339e+01 2.1394e+02 
764.685486 4.4496e+01 2.2953e+02 
765.167633 3.7833e+01 2.2213e+02 
765.649780 2.9703e+01 2.1191e+02 
766.131927 3.9692e+01 2.2440e+02 
766.614075 3.7765e+01 2.2222e+02 
767.096222 3.6980e+01 2.2135e+02 
767.578369 4.2962e+01 2.2821e+02 
768.060516 3.7505e+01 2.2208e+02 
768.542664 4.6592e+01 2.3218e+02 
769.024811 6.0843e+01 2.4587e+02 
769.506958 5.2257e+01 2.3797e+02 
769.989105 5.7319e+01 2.4279e+02 
770.471252 4.6714e+01 2.3252e+02 
770.953400 3.3662e+01 2.1773e+02 
771.435547 3.1044e+01 2.1440e+02 
771.917694 2.7163e+01 2.0909e+02 
772.399841 2.9129e+01 2.1192e+02 
772.881989 2.8324e+01 2.1086e+02 
773.364136 2.5993e+01 2.0755e+02 
773.846283 2.7633e+01 2.0999e+02 
774.328430 3.0599e+01 2.1415e+02 
774.810577 3.3577e+01 2.1807e+02 
775.292725 6.0009e+01 2.4581e+02 
775.774872 6.4462e+01 2.4976e+02 
776.257019 4.7340e+01 2.3383e+02 
776.739166 6.8971e+01 2.5365e+02 
777.221313 6.9886e+01 2.5446e+02 
777.703461 3.7899e+01 2.2366e+02 
778.185608 2.7769e+01 2.1070e+02 
778.667755 3.5447e+01 2.2085e+02 
779.149902 5.6466e+01 2.4302e+02 
779.632050 4.5882e+01 2.3270e+02 
780.114197 2.7956e+01 2.1120e+02 
780.596344 2.5714e+01 2.0800e+02 
781.078491 2.3102e+01 2.0403e+02 
781.560638 2.3521e+01 2.0475e+02 
782.042786 2.5541e+01 2.0791e+02 
782.524933 2.4714e+01 2.0672e+02 
783.007080 2.6172e+01 2.0896e+02 
783.489227 3.5492e+01 2.2146e+02 
783.971375 6.2310e+01 2.4879e+02 
784.453522 8.6059e+01 2.6766e+02 
784.935669 6.3109e+01 2.4959e+02 
785.417816 3.4609e+01 2.2061e+02 
785.899963 2.5158e+01 2.0780e+02 
786.382111 2.3236e+01 2.0488e+02 
786.864258 2.3051e+01 2.0464e+02 
787.346405 2.1647e+01 2.0241e+02 
787.828552 2.1786e+01 2.0269e+02 
788.310699 2.1166e+01 2.0171e+02 
788.792847 2.0526e+01 2.0068e+02 
789.274994 1.9728e+01 1.9935e+02 
789.757141 2.0759e+01 2.0120e+02 
790.239288 2.0295e+01 2.0045e+02 
790.721436 2.2335e+01 2.0394e+02 
791.203583 4.1639e+01 2.2948e+02 
791.685730 7.1191e+01 2.5707e+02 
792.167877 6.0484e+01 2.4810e+02 
792.650024 3.9014e+01 2.2670e+02 
793.132172 3.3505e+01 2.2014e+02 
793.614319 5.4759e+01 2.4305e+02 
794.096466 5.9501e+01 2.4744e+02 
794.578613 3.6577e+01 2.2407e+02 
795.060760 3.9451e+01 2.2748e+02 
795.542908 7.0807e+01 2.5717e+02 
796.025055 8.3003e+01 2.6662e+02 
796.507202 5.3630e+01 2.4231e+02 
796.989349 4.2700e+01 2.3131e+02 
797.471497 5.4702e+01 2.4343e+02 
797.953644 6.5525e+01 2.5308e+02 
798.435791 8.8033e+01 2.7052e+02 
798.917938 8.5693e+01 2.6889e+02 
799.400085 4.8770e+01 2.3791e+02 
799.882233 3.0481e+01 2.1701e+02 
800.364380 2.4566e+01 2.0862e+02 
800.846527 2.1625e+01 2.0399e+02 
801.328674 2.3500e+01 2.0708e+02 
801.810822 2.3904e+01 2.0777e+02 
802.292969 2.5270e+01 2.0992e+02 
802.775116 4.9290e+01 2.3882e+02 
803.257263 7.2133e+01 2.5907e+02 
803.739410 5.7102e+01 2.4635e+02 
804.221558 2.9598e+01 2.1634e+02 
804.703705 2.3841e+01 2.0802e+02 
805.185852 2.0158e+01 2.0201e+02 
805.667999 2.3472e+01 2.0756e+02 
806.150146 2.8766e+01 2.1542e+02 
806.632294 2.3875e+01 2.0830e+02 
807.114441 1.9913e+01 2.0181e+02 
807.596588 3.1900e+01 2.1979e+02 
808.078735 5.6841e+01 2.4660e+02 
808.560883 4.5030e+01 2.3514e+02 
809.043030 2.4048e+01 2.0886e+02 
809.525177 2.1291e+01 2.0447e+02 
810.007324 1.7134e+01 1.9704e+02 
810.489471 1.8584e+01 1.9983e+02 
810.971619 1.9492e+01 2.0153e+02 
811.453766 1.7933e+01 1.9874e+02 
811.935913 1.6923e+01 1.9686e+02 
812.418060 2.0074e+01 2.0273e+02 
812.900208 1.8773e+01 2.0047e+02 
813.382355 3.0039e+01 2.1802e+02 
813.864502 5.0642e+01 2.4142e+02 
814.346649 5.5102e+01 2.4571e+02 
814.828796 3.8021e+01 2.2815e+02 
815.310944 2.1652e+01 2.0577e+02 
815.793091 1.9136e+01 2.0147e+02 
816.275238 1.6991e+01 1.9751e+02 
816.757385 1.7565e+01 1.9868e+02 
817.239532 1.7273e+01 1.9818e+02 
817.721680 1.6022e+01 1.9576e+02 
818.203827 1.5709e+01 1.9518e+02 
818.685974 1.6844e+01 1.9752e+02 
819.168121 1.5731e+01 1.9534e+02 
819.650269 1.5396e+01 1.9471e+02 
820.132416 1.6091e+01 1.9619e+02 
820.614563 1.5798e+01 1.9565e+02 
821.096710 1.4995e+01 1.9404e+02 
821.578857 1.5585e+01 1.9533e+02 
822.061005 1.5711e+01 1.9565e+02 
822.543152 1.5398e+01 1.9506e+02 
823.025299 1.5536e+01 1.9540e+02 
823.507446 1.5425e+01 1.9523e+02 
823.989594 1.4983e+01 1.9436e+02 
824.471741 1.8040e+01 2.0050e+02 
824.953888 3.0720e+01 2.2031e+02 
825.436035 2.9281e+01 2.1843e+02 
825.918182 1.6722e+01 1.9815e+02 
826.400330 1.6697e+01 1.9815e+02 
826.882477 2.2712e+01 2.0889e+02 
827.364624 4.0023e+01 2.3191e+02 
827.846771 4.2631e+01 2.3483e+02 
828.328918 2.3278e+01 2.0997e+02 
828.811066 1.5495e+01 1.9601e+02 
829.293213 1.4772e+01 1.9455e+02 
829.775360 1.4396e+01 1.9379e+02 
830.257507 1.4183e+01 1.9338e+02 
830.739655 1.4102e+01 1.9326e+02 
831.221802 1.4008e+01 1.9311e+02 
831.703949 1.3712e+01 1.9251e+02 
832.186096 1.3783e+01 1.9272e+02 
832.668243 1.3772e+01 1.9276e+02 
833.150391 1.3780e+01 1.9283e+02 
833.632538 1.3493e+01 1.9224e+02 
834.114685 1.3704e+01 1.9278e+02 
834.596832 1.3616e+01 1.9264e+02 
835.078979 1.6289e+01 1.9839e+02 
835.561127 1.9410e+01 2.0434e+02 
836.043274 1.6016e+01 1.9795e+02 
836.525421 1.3463e+01 1.9252e+02 
837.007568 1.3611e+01 1.9291e+02 
837.489716 1.3547e+01 1.9283e+02 
837.971863 1.4267e+01 1.9449e+02 
838.454010 1.3906e+01 1.9375e+02 
838.936157 1.4706e+01 1.9556e+02 
839.418304 2.7374e+01 2.1744e+02 
839.900452 4.7323e+01 2.4113e+02 
840.382599 3.3027e+01 2.2513e+02 
840.864746 1.7132e+01 2.0074e+02 
841.346893 1.6722e+01 2.0000e+02 
841.829041 2.1473e+01 2.0865e+02 
842.311188 1.7899e+01 2.0238e+02 
842.793335 1.4039e+01 1.9457e+02 
843.275482 1.3625e+01 1.9370e+02 
843.757629 1.3722e+01 1.9398e+02 
844.239777 1.3609e+01 1.9378e+02 
844.721924 1.3820e+01 1.9431e+02 
845.204071 1.3803e+01 1.9433e+02 
845.686218 1.4412e+01 1.9574e+02 
846.168365 1.4004e+01 1.9490e+02 
846.650513 1.4128e+01 1.9523e+02 
847.132660 1.3793e+01 1.9454e+02 
847.614807 1.4285e+01 1.9569e+02 
848.096954 1.4021e+01 1.9516e+02 
848.579102 1.5155e+01 1.9768e+02 
849.061249 2.5977e+01 2.1657e+02 
849.543396 4.4839e+01 2.3971e+02 
850.025543 3.0499e+01 2.2301e+02 
850.507690 1.6464e+01 2.0059e+02 
850.989838 1.5311e+01 1.9829e+02 
851.471985 1.7454e+01 2.0264e+02 
851.954132 3.4106e+01 2.2785e+02 
852.436279 6.3419e+01 2.5739e+02 
852.918427 5.5546e+01 2.5053e+02 
853.400574 3.1384e+01 2.2457e+02 
853.882721 2.4171e+01 2.1443e+02 
854.364868 4.2885e+01 2.3821e+02 
854.847015 4.1214e+01 2.3646e+02 
855.329163 1.8681e+01 2.0540e+02 
855.811310 1.3732e+01 1.9544e+02 
856.293457 1.2448e+01 1.9251e+02 
856.775604 1.2667e+01 1.9309e+02 
857.257751 1.1897e+01 1.9127e+02 
857.739899 1.2431e+01 1.9264e+02 
858.222046 1.4501e+01 1.9743e+02 
858.704193 1.5962e+01 2.0056e+02 
859.186340 1.2919e+01 1.9397e+02 
859.668488 1.3742e+01 1.9593e+02 
860.150635 1.2097e+01 1.9211e+02 
860.632782 1.1790e+01 1.9141e+02 
861.114929 1.1300e+01 1.9022e+02 
861.597076 1.1647e+01 1.9116e+02 
862.079224 1.1284e+01 1.9029e+02 
862.561371 1.1724e+01 1.9147e+02 
863.043518 1.1296e+01 1.9044e+02 
863.525665 1.1718e+01 1.9157e+02 
864.007813 1.1672e+01 1.9151e+02 
864.489960 1.5818e+01 2.0096e+02 
864.972107 2.7373e+01 2.2050e+02 
865.454254 3.2527e+01 2.2748e+02 
865.936401 1.8669e+01 2.0665e+02 
866.418549 1.1847e+01 1.9224e+02 
866.900696 1.1231e+01 1.9073e+02 
867.382843 1.1382e+01 1.9118e+02 
867.864990 1.1110e+01 1.9053e+02 
868.347137 1.1323e+01 1.9114e+02 
868.829285 1.1002e+01 1.9036e+02 
869.311432 1.1336e+01 1.9129e+02 
869.793579 1.1231e+01 1.9108e+02 
870.275726 1.2252e+01 1.9370e+02 
870.757874 2.2973e+01 2.1458e+02 
871.240021 3.8980e+01 2.3591e+02 
871.722168 2.4573e+01 2.1719e+02 
872.204315 1.2421e+01 1.9434e+02 
872.686462 1.1246e+01 1.9146e+02 
873.168610 1.1046e+01 1.9100e+02 
873.650757 1.0791e+01 1.9038e+02 
874.132904 1.0832e+01 1.9054e+02 
874.615051 1.0698e+01 1.9024e+02 
875.097198 1.0760e+01 1.9047e+02 
875.579346 1.0945e+01 1.9102e+02 
876.061493 1.1156e+01 1.9163e+02 
876.543640 1.0897e+01 1.9101e+02 
877.025787 1.0923e+01 1.9113e+02 
877.507935 1.1087e+01 1.9162e+02 
877.990082 1.7729e+01 2.0635e+02 
878.472229 3.0560e+01 2.2649e+02 
878.954376 2.2391e+01 2.1463e+02 
879.436523 1.1546e+01 1.9303e+02 
879.918671 1.1016e+01 1.9172e+02 
880.400818 1.1483e+01 1.9299e+02 
880.882965 1.6552e+01 2.0441e+02 
881.365112 1.5425e+01 2.0217e+02 
881.847260 1.1335e+01 1.9278e+02 
882.329407 1.0894e+01 1.9168e+02 
882.811554 1.3655e+01 1.9850e+02 
883.293701 1.9180e+01 2.0967e+02 
883.775848 2.7420e+01 2.2282e+02 
884.257996 1.9957e+01 2.1116e+02 
884.740143 1.1099e+01 1.9251e+02 
885.222290 1.0850e+01 1.9191e+02 
885.704437 1.0584e+01 1.9126e+02 
886.186584 1.1443e+01 1.9358e+02 
886.668732 2.0233e+01 2.1193e+02 
887.150879 3.7741e+01 2.3638e+02 
887.633026 2.6398e+01 2.2182e+02 
888.115173 1.6025e+01 2.0422e+02 
888.597321 2.1156e+01 2.1374e+02 
889.079468 1.5360e+01 2.0296e+02 
889.561615 1.1918e+01 1.9518e+02 
890.043762 1.4474e+01 2.0119e+02 
890.525909 1.2657e+01 1.9710e+02 
891.008057 1.4197e+01 2.0069e+02 
891.490204 1.5036e+01 2.0257e+02 
891.972351 1.0639e+01 1.9215e+02 
892.454498 9.9207e+00 1.9022e+02 
892.936646 9.6090e+00 1.8938e+02 
893.418793 9.8195e+00 1.9004e+02 
893.900940 9.4424e+00 1.8901e+02 
894.383087 9.6921e+00 1.8979e+02 
894.865234 9.4787e+00 1.8923e+02 
895.347382 9.7831e+00 1.9017e+02 
895.829529 9.8501e+00 1.9042e+02 
896.311676 1.0602e+01 1.9256e+02 
896.793823 1.0047e+01 1.9109e+02 
897.275970 1.0799e+01 1.9321e+02 
897.758118 1.1760e+01 1.9576e+02 
898.240265 1.0335e+01 1.9206e+02 
898.722412 9.3117e+00 1.8919e+02 
899.204559 9.3210e+00 1.8928e+02 
899.686707 9.0395e+00 1.8849e+02 
900.168854 9.2950e+00 1.8931e+02 
900.651001 9.1286e+00 1.8887e+02 
901.133148 9.2022e+00 1.8915e+02 
901.615295 8.9612e+00 1.8848e+02 
902.097443 9.4681e+00 1.9005e+02 
902.579590 9.3691e+00 1.8982e+02 
903.061737 9.3639e+00 1.8986e+02 
903.543884 8.9467e+00 1.8866e+02 
904.026031 9.3261e+00 1.8986e+02 
904.508179 8.9982e+00 1.8893e+02 
904.990326 9.7829e+00 1.9131e+02 
905.472473 1.0388e+01 1.9307e+02 
905.954620 1.5408e+01 2.0508e+02 
906.436768 1.7160e+01 2.0867e+02 
906.918915 1.1985e+01 1.9741e+02 
907.401062 9.7971e+00 1.9163e+02 
907.883209 1.0770e+01 1.9439e+02 
908.365356 1.8729e+01 2.1186e+02 
908.847504 3.7483e+01 2.3867e+02 
909.329651 2.8508e+01 2.2741e+02 
909.811798 1.2941e+01 2.0007e+02 
910.293945 1.2496e+01 1.9907e+02 
910.776093 1.0798e+01 1.9481e+02 
911.258240 9.9637e+00 1.9257e+02 
911.740387 9.3221e+00 1.9076e+02 
912.222534 9.6856e+00 1.9188e+02 
912.704681 9.1989e+00 1.9051e+02 
913.186829 9.8011e+00 1.9233e+02 
913.668976 1.2368e+01 1.9916e+02 
914.151123 1.3770e+01 2.0251e+02 
914.633270 1.0276e+01 1.9384e+02 
915.115417 9.7411e+00 1.9239e+02 
915.597565 9.0698e+00 1.9046e+02 
916.079712 9.5602e+00 1.9198e+02 
916.561859 9.1840e+00 1.9092e+02 
917.044006 9.5427e+00 1.9204e+02 
917.526154 8.9037e+00 1.9018e+02 
918.008301 1.1666e+01 1.9793e+02 
918.490448 1.4340e+01 2.0430e+02 
918.972595 1.1584e+01 1.9784e+02 
919.454742 8.9257e+00 1.9047e+02 
919.936890 9.5099e+00 1.9228e+02 
920.419037 9.0706e+00 1.9103e+02 
920.901184 1.1750e+01 1.9849e+02 
921.383331 1.5641e+01 2.0742e+02 
921.865479 2.6293e+01 2.2578e+02 
922.347626 2.6235e+01 2.2575e+02 
922.829773 1.4514e+01 2.0520e+02 
923.311920 1.0344e+01 1.9506e+02 
923.794067 8.9500e+00 1.9106e+02 
924.276215 1.1278e+01 1.9768e+02 
924.758362 2.2823e+01 2.2083e+02 
925.240509 2.3112e+01 2.2135e+02 
925.722656 1.1543e+01 1.9853e+02 
926.204803 9.2704e+00 1.9231e+02 
926.686951 9.4046e+00 1.9277e+02 
927.169098 1.0177e+01 1.9505e+02 
927.651245 8.8346e+00 1.9116e+02 
928.133392 9.2331e+00 1.9243e+02 
928.615540 1.1154e+01 1.9787e+02 
929.097687 1.2190e+01 2.0056e+02 
929.579834 9.3567e+00 1.9297e+02 
930.061981 8.9108e+00 1.9168e+02 
930.544128 9.3730e+00 1.9313e+02 
931.026276 1.0607e+01 1.9669e+02 
931.508423 9.0987e+00 1.9242e+02 
931.990570 8.6752e+00 1.9117e+02 
932.472717 9.1977e+00 1.9283e+02 
932.954865 1.0457e+01 1.9651e+02 
933.437012 8.7760e+00 1.9166e+02 
933.919159 7.9278e+00 1.8897e+02 
934.401306 8.7296e+00 1.9162e+02 
934.883453 1.0534e+01 1.9695e+02 
935.365601 8.7635e+00 1.9184e+02 
935.847748 7.5963e+00 1.8807e+02 
936.329895 8.8180e+00 1.9213e+02 
936.812042 1.0854e+01 1.9804e+02 
937.294189 9.1405e+00 1.9323e+02 
937.776337 7.7546e+00 1.8884e+02 
938.258484 9.1946e+00 1.9350e+02 
938.740631 1.0971e+01 1.9858e+02 
939.222778 8.4801e+00 1.9140e+02 
939.704926 7.4985e+00 1.8818e+02 
940.187073 1.0019e+01 1.9614e+02 
940.669220 1.3422e+01 2.0487e+02 
941.151367 1.1574e+01 2.0044e+02 
941.633514 8.5694e+00 1.9197e+02 
942.115662 1.0637e+01 1.9808e+02 
942.597809 1.1025e+01 1.9918e+02 
943.079956 7.7022e+00 1.8928e+02 
943.562103 8.3567e+00 1.9151e+02 
944.044250 1.2042e+01 2.0197e+02 
944.526398 1.2940e+01 2.0420e+02 
945.008545 1.0334e+01 1.9759e+02 
945.490692 9.9981e+00 1.9671e+02 
945.972839 1.2314e+01 2.0287e+02 
946.454987 1.0499e+01 1.9822e+02 
946.937134 8.7650e+00 1.9321e+02 
947.419281 1.2617e+01 2.0378e+02 
947.901428 2.6607e+01 2.2936e+02 
948.383575 3.0706e+01 2.3507e+02 
948.865723 1.4960e+01 2.0926e+02 
949.347870 1.2613e+01 2.0400e+02 
949.830017 1.0290e+01 1.9804e+02 
950.312164 7.6279e+00 1.8987e+02 
950.794312 9.3712e+00 1.9551e+02 
951.276459 1.1735e+01 2.0205e+02 
951.758606 7.9455e+00 1.9112e+02 
952.240753 7.7550e+00 1.9053e+02 
952.722900 1.1919e+01 2.0269e+02 
953.205048 1.7022e+01 2.1400e+02 
953.687195 1.2593e+01 2.0446e+02 
954.169342 1.0274e+01 1.9851e+02 
954.651489 1.2281e+01 2.0382e+02 
955.133636 1.5669e+01 2.1151e+02 
955.615784 1.5225e+01 2.1063e+02 
956.097931 1.1454e+01 2.0190e+02 
956.580078 8.1566e+00 1.9238e+02 
957.062225 6.6041e+00 1.8693e+02 
957.544373 7.9495e+00 1.9181e+02 
958.026520 7.9913e+00 1.9200e+02 
958.508667 6.8043e+00 1.8786e+02 
958.990814 8.7595e+00 1.9460e+02 
959.472961 1.0192e+01 1.9890e+02 
959.955109 8.3083e+00 1.9327e+02 
960.437256 6.7448e+00 1.8786e+02 
960.919403 6.6152e+00 1.8742e+02 
961.401550 6.7533e+00 1.8800e+02 
961.883698 7.1272e+00 1.8944e+02 
962.365845 6.3321e+00 1.8648e+02 
962.847992 6.8947e+00 1.8870e+02 
963.330139 7.5641e+00 1.9116e+02 
963.812286 6.6116e+00 1.8774e+02 
964.294434 7.1361e+00 1.8975e+02 
964.776581 8.7977e+00 1.9540e+02 
965.258728 7.6023e+00 1.9152e+02 
965.740875 9.4719e+00 1.9756e+02 
966.223022 1.1690e+01 2.0371e+02 
966.705170 1.1190e+01 2.0247e+02 
967.187317 1.0353e+01 2.0026e+02 
967.669464 1.0580e+01 2.0094e+02 
968.151611 8.2163e+00 1.9393e+02 
968.633759 7.7911e+00 1.9256e+02 
969.115906 1.0699e+01 2.0144e+02 
969.598053 8.1944e+00 1.9403e+02 
970.080200 8.9168e+00 1.9639e+02 
970.562347 1.2279e+01 2.0569e+02 
971.044495 1.2415e+01 2.0609e+02 
971.526642 1.5565e+01 2.1325e+02 
972.008789 1.3699e+01 2.0923e+02 
972.490936 8.3768e+00 1.9496e+02 
972.973083 1.1552e+01 2.0415e+02 
973.455231 1.7692e+01 2.1772e+02 
973.937378 1.5421e+01 2.1323e+02 
974.419525 1.2980e+01 2.0785e+02 
974.901672 9.9896e+00 2.0014e+02 
975.383820 1.1197e+01 2.0351e+02 
975.865967 2.0393e+01 2.2292e+02 
976.348114 1.4505e+01 2.1155e+02 
976.830261 1.0339e+01 2.0136e+02 
977.312408 1.5284e+01 2.1334e+02 
977.794556 1.0948e+01 2.0313e+02 
978.276703 9.6908e+00 1.9968e+02 
978.758850 9.0945e+00 1.9795e+02 
979.240997 7.8340e+00 1.9395e+02 
979.723145 9.1258e+00 1.9816e+02 
980.205292 7.4396e+00 1.9269e+02 
980.687439 8.2868e+00 1.9562e+02 
981.169586 8.7905e+00 1.9729e+02 
981.651733 8.1956e+00 1.9544e+02 
982.133881 8.8514e+00 1.9760e+02 
982.616028 7.0722e+00 1.9164e+02 
983.098175 7.6674e+00 1.9382e+02 
983.580322 7.8011e+00 1.9434e+02 
984.062469 8.7195e+00 1.9741e+02 
984.544617 8.2108e+00 1.9582e+02 
985.026764 6.6488e+00 1.9033e+02 
985.508911 6.9753e+00 1.9162e+02 
985.991058 6.5302e+00 1.8999e+02 
986.473206 6.8084e+00 1.9111e+02 
986.955353 6.4920e+00 1.8995e+02 
987.437500 6.6594e+00 1.9065e+02 
987.919647 6.3737e+00 1.8959e+02 
988.401794 6.2429e+00 1.8913e+02 
988.883942 6.5794e+00 1.9051e+02 
989.366089 6.3779e+00 1.8978e+02 
989.848236 6.6872e+00 1.9104e+02 
990.330383 6.8450e+00 1.9169e+02 
990.812531 6.2152e+00 1.8929e+02 
991.294678 6.1738e+00 1.8918e+02 
991.776825 6.5948e+00 1.9090e+02 
992.258972 6.3210e+00 1.8988e+02 
992.741119 6.5869e+00 1.9098e+02 
993.223267 6.4452e+00 1.9049e+02 
993.705414 6.0878e+00 1.8910e+02 
994.187561 6.8631e+00 1.9221e+02 
994.669708 7.0199e+00 1.9285e+02 
995.151855 6.6340e+00 1.9144e+02 
995.634003 7.0309e+00 1.9300e+02 
996.116150 6.3078e+00 1.9027e+02 
996.598297 6.5967e+00 1.9147e+02 
997.080444 7.2901e+00 1.9411e+02 
997.562592 7.0791e+00 1.9340e+02 
998.044739 7.7417e+00 1.9581e+02 
998.526886 1.0225e+01 2.0359e+02 
999.009033 1.0549e+01 2.0455e+02 
999.491180 8.7366e+00 1.9926e+02 
999.973328 1.0138e+01 2.0351e+02 
1000.455475 1.0964e+01 2.0584e+02 
1000.937622 8.8438e+00 1.9977e+02 
1001.419769 7.4538e+00 1.9520e+02 
1001.901917 8.1644e+00 1.9769e+02 
1002.384064 8.3960e+00 1.9851e+02 
1002.866211 8.3225e+00 1.9832e+02 
1003.348358 1.0593e+01 2.0517e+02 
1003.830505 1.1082e+01 2.0656e+02 
1004.312653 1.0216e+01 2.0424e+02 
1004.794800 9.9390e+00 2.0350e+02 
1005.276947 8.8650e+00 2.0034e+02 
1005.759094 9.3473e+00 2.0188e+02 
1006.241241 8.9728e+00 2.0079e+02 
1006.723389 9.6420e+00 2.0287e+02 
1007.205536 1.0863e+01 2.0636e+02 
1007.687683 1.0240e+01 2.0470e+02 
1008.169830 9.7190e+00 2.0326e+02 
1008.651978 9.7169e+00 2.0331e+02 
1009.134125 1.0084e+01 2.0443e+02 
1009.616272 1.5654e+01 2.1796e+02 
1010.098419 1.9462e+01 2.2537e+02 
1010.580566 1.8589e+01 2.2384e+02 
1011.062714 1.6064e+01 2.1898e+02 
1011.544861 1.2008e+01 2.0986e+02 
1012.027008 1.2533e+01 2.1122e+02 
1012.509155 1.1423e+01 2.0847e+02 
1012.991302 1.1686e+01 2.0921e+02 
1013.473450 1.1943e+01 2.0992e+02 
1013.955597 1.8170e+01 2.2346e+02 
1014.437744 2.8162e+01 2.3957e+02 
1014.919891 1.9884e+01 2.2670e+02 
1015.402039 1.2797e+01 2.1226e+02 
1015.884186 1.2837e+01 2.1241e+02 
1016.366333 1.3518e+01 2.1407e+02 
1016.848480 1.4400e+01 2.1613e+02 
1017.330627 1.8024e+01 2.2359e+02 
1017.812775 2.3860e+01 2.3364e+02 
1018.294922 1.8413e+01 2.2443e+02 
1018.777069 1.5392e+01 2.1850e+02 
1019.259216 1.4230e+01 2.1604e+02 
1019.741364 1.4408e+01 2.1649e+02 
1020.223511 1.4736e+01 2.1727e+02 
1020.705658 1.5334e+01 2.1861e+02 
1021.187805 1.5278e+01 2.1855e+02 
1021.669952 1.4542e+01 2.1701e+02 
1022.152100 1.5137e+01 2.1836e+02 
1022.634247 1.5617e+01 2.1943e+02 
1023.116394 1.6069e+01 2.2043e+02 
1023.598541 1.4934e+01 2.1810e+02 
1024.080688 1.4818e+01 2.1790e+02 
1024.562836 1.5738e+01 2.1992e+02 
1025.044983 1.6506e+01 2.2154e+02 
1025.527130 1.5669e+01 2.1989e+02 
1026.009277 1.4652e+01 2.1777e+02 
1026.491425 1.5491e+01 2.1963e+02 
1026.973572 1.6636e+01 2.2203e+02 
1027.455719 1.6785e+01 2.2239e+02 
1027.937866 1.9709e+01 2.2794e+02 
1028.420013 2.4580e+01 2.3602e+02 
1028.902161 2.2241e+01 2.3238e+02 
1029.384308 2.4664e+01 2.3627e+02 
1029.866455 2.1786e+01 2.3175e+02 
1030.348602 1.8021e+01 2.2513e+02 
1030.830750 1.7966e+01 2.2509e+02 
1031.312897 1.7302e+01 2.2387e+02 
1031.795044 1.6287e+01 2.2190e+02 
1032.277191 1.6439e+01 2.2227e+02 
1032.759338 1.7360e+01 2.2415e+02 
1033.241486 1.7246e+01 2.2399e+02 
1033.723633 1.5534e+01 2.2058e+02 
1034.205780 1.5018e+01 2.1953e+02 
1034.687927 1.6512e+01 2.2270e+02 
1035.170074 1.7467e+01 2.2465e+02 
1035.652222 1.6593e+01 2.2298e+02 
1036.134369 1.5531e+01 2.2085e+02 
1036.616516 1.6172e+01 2.2224e+02 
1037.098663 1.7738e+01 2.2540e+02 
1037.580811 1.8456e+01 2.2681e+02 
1038.062958 1.7474e+01 2.2500e+02 
1038.545105 1.7722e+01 2.2554e+02 
1039.027252 2.0959e+01 2.3145e+02 
1039.509399 2.4412e+01 2.3709e+02 
1039.991547 1.9962e+01 2.2983e+02 
1040.473694 1.8179e+01 2.2664e+02 
1040.955841 1.9992e+01 2.3000e+02 
1041.437988 1.9512e+01 2.2920e+02 
1041.920135 1.3306e+01 2.1659e+02 
1042.402283 1.1012e+01 2.1089e+02 
1042.884430 1.2127e+01 2.1385e+02 
1043.366577 1.0430e+01 2.0941e+02 
1043.848724 7.0197e+00 1.9851e+02 
1044.330872 8.8400e+00 2.0480e+02 
1044.813019 1.3661e+01 2.1776e+02 
1045.295166 1.3064e+01 2.1642e+02 
1045.777313 1.1282e+01 2.1201e+02 
1046.259460 1.4737e+01 2.2035e+02 
1046.741608 1.7834e+01 2.2673e+02 
1047.223755 1.7036e+01 2.2524e+02 
1047.705902 1.6477e+01 2.2418e+02 
1048.188049 1.8550e+01 2.2825e+02 
1048.670197 2.1364e+01 2.3329e+02 
1049.152344 2.4600e+01 2.3854e+02 
1049.634491 2.1226e+01 2.3317e+02 
1050.116638 2.1347e+01 2.3343e+02 
1050.598785 2.4942e+01 2.3923e+02 
1051.080933 2.4255e+01 2.3824e+02 
1051.563080 2.2668e+01 2.3579e+02 
1052.045227 2.3815e+01 2.3767e+02 
1052.527374 2.2008e+01 2.3482e+02 
1053.009521 1.9000e+01 2.2965e+02 
1053.491669 2.2023e+01 2.3496e+02 
1053.973816 2.3240e+01 2.3699e+02 
1054.455963 1.9861e+01 2.3138e+02 
1054.938110 2.1307e+01 2.3394e+02 
1055.420258 2.6033e+01 2.4144e+02 
1055.902405 2.4579e+01 2.3931e+02 
1056.384552 1.9543e+01 2.3104e+02 
1056.866699 1.8891e+01 2.2991e+02 
1057.348846 2.1152e+01 2.3396e+02 
1057.830994 1.7736e+01 2.2786e+02 
1058.313141 1.8746e+01 2.2982e+02 
1058.795288 2.0320e+01 2.3270e+02 
1059.277435 1.8668e+01 2.2979e+02 
1059.759583 2.0271e+01 2.3273e+02 
1060.241730 2.3163e+01 2.3762e+02 
1060.723877 1.7810e+01 2.2834e+02 
1061.206024 1.5040e+01 2.2277e+02 
1061.688171 1.4036e+01 2.2061e+02 
1062.170319 1.7119e+01 2.2717e+02 
1062.652466 1.8722e+01 2.3029e+02 
1063.134613 1.3696e+01 2.2000e+02 
1063.616760 1.1124e+01 2.1367e+02 
1064.098907 1.0283e+01 2.1141e+02 
1064.581055 1.0493e+01 2.1206e+02 
1065.063202 1.0106e+01 2.1102e+02 
1065.545349 1.7470e+01 2.2826e+02 
1066.027496 3.5053e+01 2.5467e+02 
1066.509644 2.7492e+01 2.4487e+02 
1066.991791 1.1508e+01 2.1508e+02 
1067.473938 1.0027e+01 2.1107e+02 
1067.956085 7.6513e+00 2.0357e+02 
1068.438232 7.3646e+00 2.0260e+02 
1068.920380 9.5261e+00 2.0976e+02 
1069.402527 7.5394e+00 2.0334e+02 
1069.884674 6.0092e+00 1.9748e+02 
1070.366821 9.5574e+00 2.1003e+02 
1070.848969 7.2126e+00 2.0232e+02 
1071.331116 6.5617e+00 1.9989e+02 
1071.813263 1.0000e+01 2.1150e+02 
1072.295410 1.0662e+01 2.1343e+02 
1072.777557 1.0712e+01 2.1362e+02 
1073.259705 1.1534e+01 2.1589e+02 
1073.741852 1.1398e+01 2.1558e+02 
1074.223999 2.3752e+01 2.4022e+02 
1074.706146 2.3439e+01 2.3979e+02 
1075.188293 9.1254e+00 2.0927e+02 
1075.670441 9.8696e+00 2.1157e+02 
1076.152588 1.1471e+01 2.1606e+02 
1076.634735 7.4977e+00 2.0402e+02 
1077.116882 9.6029e+00 2.1094e+02 
1077.599030 8.8283e+00 2.0861e+02 
1078.081177 6.7512e+00 2.0141e+02 
1078.563324 1.0063e+01 2.1246e+02 
1079.045471 7.1490e+00 2.0302e+02 
1079.527618 8.1252e+00 2.0653e+02 
1080.009766 9.1908e+00 2.1003e+02 
1080.491913 6.8840e+00 2.0219e+02 
1080.974060 1.0042e+01 2.1268e+02 
1081.456207 9.2217e+00 2.1029e+02 
1081.938354 7.5097e+00 2.0467e+02 
1082.420502 8.4358e+00 2.0790e+02 
1082.902649 6.1536e+00 1.9956e+02 
1083.384796 8.1238e+00 2.0697e+02 
1083.866943 6.7371e+00 2.0201e+02 
1084.349091 7.2385e+00 2.0396e+02 
1084.831238 8.4765e+00 2.0831e+02 
1085.313385 1.0143e+01 2.1348e+02 
1085.795532 9.5601e+00 2.1182e+02 
1086.277679 6.1201e+00 1.9980e+02 
1086.759827 6.4620e+00 2.0126e+02 
1087.241974 6.2159e+00 2.0031e+02 
1087.724121 6.7816e+00 2.0262e+02 
1088.206268 6.6670e+00 2.0223e+02 
1088.688416 5.5310e+00 1.9752e+02 
1089.170563 5.7748e+00 1.9866e+02 
1089.652710 5.3030e+00 1.9659e+02 
1090.134857 6.0237e+00 1.9984e+02 
1090.617004 1.0862e+01 2.1611e+02 
1091.099152 2.3676e+01 2.4212e+02 
1091.581299 1.6945e+01 2.3031e+02 
1092.063446 6.4043e+00 2.0163e+02 
1092.545593 4.9559e+00 1.9526e+02 
1093.027740 4.6758e+00 1.9391e+02 
1093.509888 4.6897e+00 1.9404e+02 
1093.992035 4.4500e+00 1.9284e+02 
1094.474182 4.5936e+00 1.9365e+02 
1094.956329 4.3643e+00 1.9249e+02 
1095.438477 4.3293e+00 1.9236e+02 
1095.920624 4.0993e+00 1.9114e+02 
1096.402771 4.3256e+00 1.9245e+02 
1096.884918 4.0880e+00 1.9118e+02 
1097.367065 4.2670e+00 1.9223e+02 
1097.849213 4.1926e+00 1.9188e+02 
1098.331360 4.6110e+00 1.9417e+02 
1098.813507 5.7046e+00 1.9944e+02 
1099.295654 1.5490e+01 2.2823e+02 
1099.777802 2.1255e+01 2.3920e+02 
1100.259949 1.0016e+01 2.1484e+02 
1100.742096 8.7138e+00 2.1092e+02 
1101.224243 2.1322e+01 2.3948e+02 
1101.706390 2.0838e+01 2.3871e+02 
1102.188538 7.5078e+00 2.0698e+02 
1102.670685 5.5953e+00 1.9939e+02 
1103.152832 4.2097e+00 1.9256e+02 
1103.634979 4.7370e+00 1.9541e+02 
1104.117126 3.8600e+00 1.9066e+02 
1104.599274 5.1062e+00 1.9734e+02 
1105.081421 4.7134e+00 1.9545e+02 
1105.563568 5.8645e+00 2.0090e+02 
1106.045715 1.0842e+01 2.1785e+02 
1106.527863 2.8655e+01 2.5130e+02 
1107.010010 2.5602e+01 2.4697e+02 
1107.492157 9.3469e+00 2.1368e+02 
1107.974304 5.1149e+00 1.9776e+02 
1108.456451 4.9649e+00 1.9709e+02 
1108.938599 4.1935e+00 1.9311e+02 
1109.420746 4.1730e+00 1.9305e+02 
1109.902893 4.4696e+00 1.9472e+02 
1110.385040 5.8750e+00 2.0149e+02 
1110.867188 1.1986e+01 2.2144e+02 
1111.349335 2.7972e+01 2.5092e+02 
1111.831482 2.3076e+01 2.4364e+02 
1112.313629 7.9073e+00 2.0955e+02 
1112.795776 4.7860e+00 1.9668e+02 
1113.277924 4.1299e+00 1.9324e+02 
1113.760071 4.1570e+00 1.9344e+02 
1114.242218 4.0884e+00 1.9311e+02 
1114.724365 4.3921e+00 1.9484e+02 
1115.206512 4.0841e+00 1.9319e+02 
1115.688660 3.8782e+00 1.9205e+02 
1116.170807 3.7600e+00 1.9139e+02 
1116.652954 4.1971e+00 1.9399e+02 
1117.135101 5.3597e+00 1.9994e+02 
1117.617249 7.2242e+00 2.0770e+02 
1118.099396 5.4802e+00 2.0060e+02 
1118.581543 4.3664e+00 1.9513e+02 
1119.063690 4.5985e+00 1.9642e+02 
1119.545837 4.5631e+00 1.9629e+02 
1120.027985 6.2450e+00 2.0414e+02 
1120.510132 1.8201e+01 2.3618e+02 
1120.992279 3.6228e+01 2.6267e+02 
1121.474426 2.8356e+01 2.5267e+02 
1121.956573 9.9515e+00 2.1716e+02 
1122.438721 5.2037e+00 1.9980e+02 
1122.920868 4.0615e+00 1.9391e+02 
1123.403015 4.3175e+00 1.9540e+02 
1123.885162 4.6362e+00 1.9715e+02 
1124.367310 4.0356e+00 1.9393e+02 
1124.849457 3.4783e+00 1.9058e+02 
1125.331604 3.5976e+00 1.9140e+02 
1125.813751 3.7206e+00 1.9221e+02 
1126.295898 3.5229e+00 1.9103e+02 
1126.778046 3.2835e+00 1.8951e+02 
1127.260193 3.4062e+00 1.9038e+02 
1127.742340 3.2978e+00 1.8971e+02 
1128.224487 3.2433e+00 1.8940e+02 
1128.706635 3.2748e+00 1.8966e+02 
1129.188782 3.5110e+00 1.9127e+02 
1129.670929 3.9632e+00 1.9409e+02 
1130.153076 4.0414e+00 1.9460e+02 
1130.635223 3.6089e+00 1.9205e+02 
1131.117371 3.6197e+00 1.9217e+02 
1131.599518 3.9146e+00 1.9402e+02 
1132.081665 4.1032e+00 1.9517e+02 
1132.563812 4.3236e+00 1.9645e+02 
1133.045959 4.9169e+00 1.9960e+02 
1133.528107 5.4560e+00 2.0222e+02 
1134.010254 6.3671e+00 2.0623e+02 
1134.492401 8.5517e+00 2.1426e+02 
1134.974548 1.8216e+01 2.3791e+02 
1135.456696 3.8743e+01 2.6731e+02 
1135.938843 4.0704e+01 2.6954e+02 
1136.420990 2.1790e+01 2.4445e+02 
1136.903137 1.9950e+01 2.4133e+02 
1137.385284 2.9961e+01 2.5677e+02 
1137.867432 1.8848e+01 2.3944e+02 
1138.349579 6.7018e+00 2.0806e+02 
1138.831726 4.9439e+00 2.0037e+02 
1139.313873 4.0857e+00 1.9586e+02 
1139.796021 4.3791e+00 1.9755e+02 
1140.278168 4.1839e+00 1.9653e+02 
1140.760315 4.1358e+00 1.9631e+02 
1141.242462 5.2244e+00 2.0200e+02 
1141.724609 5.8379e+00 2.0486e+02 
1142.206757 3.9154e+00 1.9519e+02 
1142.688904 3.8289e+00 1.9473e+02 
1143.171051 3.7277e+00 1.9416e+02 
1143.653198 4.2546e+00 1.9729e+02 
1144.135345 3.7349e+00 1.9431e+02 
1144.617493 4.0449e+00 1.9621e+02 
1145.099640 3.8640e+00 1.9520e+02 
1145.581787 4.2796e+00 1.9765e+02 
1146.063934 4.0211e+00 1.9623e+02 
1146.546082 4.5469e+00 1.9920e+02 
1147.028229 4.5065e+00 1.9904e+02 
1147.510376 5.2552e+00 2.0285e+02 
1147.992523 5.0989e+00 2.0215e+02 
1148.474670 6.7863e+00 2.0954e+02 
1148.956818 1.6456e+01 2.3609e+02 
1149.438965 2.9641e+01 2.5778e+02 
1149.921112 1.8122e+01 2.3950e+02 
1150.403259 7.8598e+00 2.1373e+02 
1150.885406 9.2875e+00 2.1849e+02 
1151.367554 1.9623e+01 2.4246e+02 
1151.849701 2.2556e+01 2.4755e+02 
1152.331848 2.6012e+01 2.5299e+02 
1152.813995 1.8815e+01 2.4115e+02 
1153.296143 7.8647e+00 2.1408e+02 
1153.778290 5.6542e+00 2.0539e+02 
1154.260437 5.7505e+00 2.0588e+02 
1154.742584 6.5341e+00 2.0924e+02 
1155.224731 5.2143e+00 2.0352e+02 
1155.706879 4.7679e+00 2.0136e+02 
1156.189026 4.4476e+00 1.9974e+02 
1156.671173 4.5435e+00 2.0030e+02 
1157.153320 4.3593e+00 1.9936e+02 
1157.635468 4.5751e+00 2.0058e+02 
1158.117615 4.8785e+00 2.0219e+02 
1158.599762 4.8728e+00 2.0222e+02 
1159.081909 4.5756e+00 2.0074e+02 
1159.564056 4.5168e+00 2.0048e+02 
1160.046204 4.6019e+00 2.0099e+02 
1160.528351 5.2076e+00 2.0408e+02 
1161.010498 5.7470e+00 2.0662e+02 
1161.492645 5.1618e+00 2.0396e+02 
1161.974792 5.0004e+00 2.0323e+02 
1162.456940 5.0591e+00 2.0357e+02 
1162.939087 5.2016e+00 2.0432e+02 
1163.421234 5.7335e+00 2.0683e+02 
1163.903381 7.8970e+00 2.1540e+02 
1164.385529 1.1397e+01 2.2611e+02 
1164.867676 2.7623e+01 2.5682e+02 
1165.349823 3.7719e+01 2.6973e+02 
1165.831970 2.8744e+01 2.5851e+02 
1166.314117 1.4626e+01 2.3421e+02 
1166.796265 6.6192e+00 2.1094e+02 
1167.278412 5.3579e+00 2.0554e+02 
1167.760559 3.8895e+00 1.9784e+02 
1168.242706 3.9202e+00 1.9808e+02 
1168.724854 4.3084e+00 2.0036e+02 
1169.207001 5.9194e+00 2.0829e+02 
1169.689148 5.8335e+00 2.0797e+02 
1170.171295 5.9657e+00 2.0860e+02 
1170.653442 5.3921e+00 2.0608e+02 
1171.135590 6.3646e+00 2.1040e+02 
1171.617737 6.8481e+00 2.1239e+02 
1172.099884 7.0992e+00 2.1341e+02 
1172.582031 8.5667e+00 2.1867e+02 
1173.064178 1.5597e+01 2.3712e+02 
1173.546326 3.1122e+01 2.6263e+02 
1174.028473 4.2584e+01 2.7613e+02 
1174.510620 4.5601e+01 2.7931e+02 
1174.992767 3.5382e+01 2.6815e+02 
1175.474915 1.9172e+01 2.4448e+02 
1175.957062 1.1920e+01 2.2883e+02 
1176.439209 1.0424e+01 2.2481e+02 
1176.921356 8.7260e+00 2.1968e+02 
1177.403503 6.2796e+00 2.1075e+02 
1177.885651 6.0078e+00 2.0965e+02 
1178.367798 7.7188e+00 2.1641e+02 
1178.849945 8.3956e+00 2.1881e+02 
1179.332092 5.3338e+00 2.0677e+02 
1179.814240 5.1836e+00 2.0611e+02 
1180.296387 7.4791e+00 2.1576e+02 
1180.778534 1.1932e+01 2.2942e+02 
1181.260681 8.2343e+00 2.1854e+02 
1181.742828 5.2411e+00 2.0660e+02 
1182.224976 4.7225e+00 2.0407e+02 
1182.707123 4.9262e+00 2.0516e+02 
1183.189270 4.8192e+00 2.0467e+02 
1183.671417 6.5951e+00 2.1275e+02 
1184.153564 8.2819e+00 2.1903e+02 
1184.635712 7.2688e+00 2.1547e+02 
1185.117859 8.1251e+00 2.1860e+02 
1185.600006 1.1977e+01 2.3010e+02 
1186.082153 1.8499e+01 2.4447e+02 
1186.564301 3.4008e+01 2.6786e+02 
1187.046448 4.2540e+01 2.7765e+02 
1187.528595 3.1037e+01 2.6419e+02 
1188.010742 1.5662e+01 2.3901e+02 
1188.492889 9.2404e+00 2.2265e+02 
1188.975037 6.8736e+00 2.1445e+02 
1189.457184 5.9405e+00 2.1065e+02 
1189.939331 6.0722e+00 2.1127e+02 
1190.421478 7.6152e+00 2.1740e+02 
1190.903625 1.0192e+01 2.2580e+02 
1191.385773 1.1134e+01 2.2852e+02 
1191.867920 6.5848e+00 2.1362e+02 
1192.350067 5.6588e+00 2.0972e+02 
1192.832214 6.0338e+00 2.1143e+02 
1193.314362 8.7839e+00 2.2174e+02 
1193.796509 7.4253e+00 2.1709e+02 
1194.278656 4.2956e+00 2.0310e+02 
1194.760803 4.3281e+00 2.0333e+02 
1195.242950 5.5627e+00 2.0960e+02 
1195.725098 6.0217e+00 2.1170e+02 
1196.207245 7.2856e+00 2.1684e+02 
1196.689392 7.1444e+00 2.1636e+02 
1197.171539 1.0863e+01 2.2844e+02 
1197.653687 2.4644e+01 2.5631e+02 
1198.135834 3.8012e+01 2.7400e+02 
1198.617981 2.7941e+01 2.6130e+02 
1199.100128 1.2823e+01 2.3379e+02 
1199.582275 7.0396e+00 2.1628e+02 
1200.064423 5.2370e+00 2.0861e+02 
1200.546570 4.4245e+00 2.0450e+02 
1201.028717 5.0784e+00 2.0794e+02 
1201.510864 4.9217e+00 2.0722e+02 
1201.993011 4.3128e+00 2.0404e+02 
1202.475159 3.9894e+00 2.0223e+02 
1202.957306 4.2060e+00 2.0354e+02 
1203.439453 3.9716e+00 2.0223e+02 
1203.921600 3.9362e+00 2.0208e+02 
1204.403748 3.4189e+00 1.9886e+02 
1204.885895 4.4094e+00 2.0489e+02 
1205.368042 5.5319e+00 2.1059e+02 
1205.850189 1.1537e+01 2.3127e+02 
1206.332336 1.2200e+01 2.3306e+02 
1206.814484 6.3495e+00 2.1433e+02 
1207.296631 5.1935e+00 2.0920e+02 
1207.778778 4.8763e+00 2.0768e+02 
1208.260925 5.8705e+00 2.1244e+02 
1208.743073 8.6106e+00 2.2292e+02 
1209.225220 8.6215e+00 2.2302e+02 
1209.707367 8.7074e+00 2.2335e+02 
1210.189514 1.1268e+01 2.3105e+02 
1210.671661 2.0587e+01 2.5117e+02 
1211.153809 3.4387e+01 2.7127e+02 
1211.635956 3.8892e+01 2.7662e+02 
1212.118103 4.1440e+01 2.7948e+02 
1212.600250 3.6700e+01 2.7421e+02 
1213.082397 2.2736e+01 2.5510e+02 
1213.564545 1.2009e+01 2.3341e+02 
1214.046692 7.9432e+00 2.2124e+02 
1214.528839 1.0227e+01 2.2861e+02 
1215.010986 1.4382e+01 2.3934e+02 
1215.493134 1.2247e+01 2.3424e+02 
1215.975281 9.6010e+00 2.2690e+02 
1216.457428 8.4004e+00 2.2310e+02 
1216.939575 7.0889e+00 2.1843e+02 
1217.421722 1.0248e+01 2.2900e+02 
1217.903870 2.1113e+01 2.5294e+02 
1218.386017 3.4783e+01 2.7262e+02 
1218.868164 3.0018e+01 2.6658e+02 
1219.350311 1.6741e+01 2.4492e+02 
1219.832458 1.2842e+01 2.3624e+02 
1220.314606 1.4421e+01 2.4004e+02 
1220.796753 1.7398e+01 2.4641e+02 
1221.278900 1.6044e+01 2.4370e+02 
1221.761047 1.3887e+01 2.3898e+02 
1222.243195 1.3825e+01 2.3889e+02 
1222.725342 1.3524e+01 2.3823e+02 
1223.207489 1.1770e+01 2.3389e+02 
1223.689636 1.3081e+01 2.3727e+02 
1224.171783 2.0751e+01 2.5305e+02 
1224.653931 3.3530e+01 2.7182e+02 
1225.136078 4.1446e+01 2.8105e+02 
1225.618225 3.6390e+01 2.7541e+02 
1226.100372 2.5253e+01 2.6062e+02 
1226.582520 1.5656e+01 2.4349e+02 
1227.064667 1.1679e+01 2.3409e+02 
1227.546814 6.9197e+00 2.1896e+02 
1228.028961 5.7629e+00 2.1416e+02 
1228.511108 7.7401e+00 2.2215e+02 
1228.993256 1.3350e+01 2.3854e+02 
1229.475403 1.4802e+01 2.4196e+02 
1229.957550 1.2967e+01 2.3772e+02 
1230.439697 9.1211e+00 2.2705e+02 
1230.921844 4.6346e+00 2.0897e+02 
1231.403992 3.6360e+00 2.0320e+02 
1231.886139 3.9422e+00 2.0516e+02 
1232.368286 4.7903e+00 2.0994e+02 
1232.850433 6.9720e+00 2.1976e+02 
1233.332581 8.2905e+00 2.2463e+02 
1233.814728 6.3173e+00 2.1721e+02 
1234.296875 3.8014e+00 2.0456e+02 
1234.779022 4.4288e+00 2.0828e+02 
1235.261169 4.9905e+00 2.1128e+02 
1235.743317 1.1919e+01 2.3572e+02 
1236.225464 1.7738e+01 2.4889e+02 
1236.707611 1.9687e+01 2.5262e+02 
1237.189758 2.2171e+01 2.5701e+02 
1237.671906 1.4880e+01 2.4309e+02 
1238.154053 1.0350e+01 2.3167e+02 
1238.636200 1.5205e+01 2.4392e+02 
1239.118347 2.1995e+01 2.5694e+02 
1239.600494 1.9551e+01 2.5272e+02 
1240.082642 1.5759e+01 2.4529e+02 
1240.564789 1.5371e+01 2.4450e+02 
1241.046936 1.5298e+01 2.4440e+02 
1241.529083 1.3725e+01 2.4088e+02 
1242.011230 1.6082e+01 2.4620e+02 
1242.493378 2.1968e+01 2.5730e+02 
1242.975525 2.9027e+01 2.6809e+02 
1243.457672 3.3214e+01 2.7367e+02 
1243.939819 3.8431e+01 2.7996e+02 
1244.421967 3.8388e+01 2.7997e+02 
1244.904114 3.1820e+01 2.7206e+02 
1245.386261 2.4372e+01 2.6154e+02 
1245.868408 1.8581e+01 2.5164e+02 
1246.350555 1.7548e+01 2.4969e+02 
1246.832703 1.4266e+01 2.4276e+02 
1247.314850 1.4415e+01 2.4316e+02 
1247.796997 2.2039e+01 2.5804e+02 
1248.279144 2.0607e+01 2.5563e+02 
1248.761292 1.6851e+01 2.4858e+02 
1249.243439 1.6951e+01 2.4883e+02 
1249.725586 1.8289e+01 2.5153e+02 
1250.207733 1.4185e+01 2.4296e+02 
1250.689880 1.3649e+01 2.4176e+02 
1251.172028 2.0037e+01 2.5496e+02 
1251.654175 2.0571e+01 2.5596e+02 
1252.136322 2.1330e+01 2.5734e+02 
1252.618469 2.1448e+01 2.5760e+02 
1253.100616 2.1093e+01 2.5705e+02 
1253.582764 2.9318e+01 2.6975e+02 
1254.064911 2.6210e+01 2.6537e+02 
1254.547058 2.4881e+01 2.6341e+02 
1255.029205 2.3094e+01 2.6064e+02 
1255.511353 1.7786e+01 2.5123e+02 
1255.993500 1.6725e+01 2.4916e+02 
1256.475647 2.2387e+01 2.5964e+02 
1256.957794 2.4046e+01 2.6239e+02 
1257.439941 2.2721e+01 2.6031e+02 
1257.922089 2.2913e+01 2.6068e+02 
1258.404236 3.1863e+01 2.7372e+02 
1258.886383 3.5106e+01 2.7784e+02 
1259.368530 3.6021e+01 2.7900e+02 
1259.850677 3.8340e+01 2.8176e+02 
1260.332825 3.9476e+01 2.8310e+02 
1260.814972 3.8190e+01 2.8170e+02 
1261.297119 3.4855e+01 2.7783e+02 
1261.779266 3.2749e+01 2.7526e+02 
1262.261414 2.9142e+01 2.7054e+02 
1262.743561 2.6579e+01 2.6694e+02 
1263.225708 2.9134e+01 2.7064e+02 
1263.707855 3.0981e+01 2.7320e+02 
1264.190002 2.9365e+01 2.7108e+02 
1264.672150 2.8706e+01 2.7022e+02 
1265.154297 3.4542e+01 2.7790e+02 
1265.636444 3.6930e+01 2.8082e+02 
1266.118591 3.7172e+01 2.8116e+02 
1266.600739 3.4950e+01 2.7857e+02 
1267.082886 3.1998e+01 2.7493e+02 
1267.565033 3.4368e+01 2.7798e+02 
1268.047180 3.7801e+01 2.8212e+02 
1268.529327 3.7681e+01 2.8204e+02 
1269.011475 3.6958e+01 2.8126e+02 
1269.493622 3.7264e+01 2.8167e+02 
1269.975769 3.8102e+01 2.8270e+02 
1270.457916 3.7186e+01 2.8170e+02 
1270.940063 3.7178e+01 2.8175e+02 
1271.422211 3.7977e+01 2.8273e+02 
1271.904358 3.8311e+01 2.8317e+02 
1272.386505 3.7242e+01 2.8199e+02 
1272.868652 3.5226e+01 2.7966e+02 
1273.350800 3.3505e+01 2.7759e+02 
1273.832947 2.9538e+01 2.7246e+02 
1274.315094 2.5876e+01 2.6726e+02 
1274.797241 2.8842e+01 2.7161e+02 
1275.279388 2.9750e+01 2.7292e+02 
1275.761536 2.5527e+01 2.6691e+02 
1276.243683 2.4607e+01 2.6555e+02 
1276.725830 2.8779e+01 2.7175e+02 
1277.207977 2.9033e+01 2.7216e+02 
1277.690125 2.6189e+01 2.6813e+02 
1278.172272 2.1789e+01 2.6119e+02 
1278.654419 2.1228e+01 2.6028e+02 
1279.136566 2.3251e+01 2.6373e+02 
1279.618713 2.9344e+01 2.7288e+02 
1280.100861 3.4283e+01 2.7937e+02 
1280.583008 3.2242e+01 2.7685e+02 
1281.065155 3.0655e+01 2.7483e+02 
1281.547302 2.9343e+01 2.7310e+02 
1282.029449 2.5015e+01 2.6686e+02 
1282.511597 2.6606e+01 2.6932e+02 
1282.993744 3.0159e+01 2.7439e+02 
1283.475891 3.1143e+01 2.7576e+02 
1283.958038 3.2007e+01 2.7695e+02 
1284.440186 3.1558e+01 2.7642e+02 
1284.922333 2.4908e+01 2.6704e+02 
1285.404480 2.2004e+01 2.6240e+02 
1285.886627 2.7254e+01 2.7067e+02 
1286.368774 3.0663e+01 2.7547e+02 
1286.850922 3.3060e+01 2.7864e+02 
1287.333069 3.5980e+01 2.8229e+02 
1287.815216 3.6154e+01 2.8255e+02 
1288.297363 3.6179e+01 2.8264e+02 
1288.779510 3.4688e+01 2.8090e+02 
1289.261658 3.0472e+01 2.7555e+02 
1289.743805 2.8466e+01 2.7285e+02 
1290.225952 3.1794e+01 2.7741e+02 
1290.708099 3.1334e+01 2.7687e+02 
1291.190247 2.6865e+01 2.7072e+02 
1291.672394 2.4302e+01 2.6689e+02 
1292.154541 2.5897e+01 2.6940e+02 
1292.636688 2.9459e+01 2.7458e+02 
1293.118835 2.9042e+01 2.7406e+02 
1293.600983 2.7290e+01 2.7163e+02 
1294.083130 2.7924e+01 2.7260e+02 
1294.565277 2.9197e+01 2.7444e+02 
1295.047424 2.9988e+01 2.7559e+02 
1295.529572 2.9693e+01 2.7524e+02 
1296.011719 3.0252e+01 2.7606e+02 
1296.493866 3.4175e+01 2.8118e+02 
1296.976013 3.4562e+01 2.8172e+02 
1297.458160 3.2830e+01 2.7961e+02 
1297.940308 3.0101e+01 2.7608e+02 
1298.422455 2.6791e+01 2.7147e+02 
1298.904602 2.4848e+01 2.6859e+02 
1299.386749 2.7837e+01 2.7310e+02 
1299.868896 3.0920e+01 2.7741e+02 
1300.351044 2.8389e+01 2.7400e+02 
1300.833191 2.7267e+01 2.7245e+02 
1301.315338 3.0056e+01 2.7642e+02 
1301.797485 3.1709e+01 2.7868e+02 
1302.279633 3.0683e+01 2.7738e+02 
1302.761780 3.1598e+01 2.7865e+02 
1303.243927 3.2602e+01 2.8000e+02 
1303.726074 3.2955e+01 2.8051e+02 
1304.208221 3.2575e+01 2.8008e+02 
1304.690369 3.3069e+01 2.8077e+02 
1305.172516 3.3250e+01 2.8106e+02 
1305.654663 3.3872e+01 2.8190e+02 
1306.136810 3.3472e+01 2.8145e+02 
1306.618958 3.2310e+01 2.8003e+02 
1307.101105 3.0814e+01 2.7813e+02 
1307.583252 3.2141e+01 2.7993e+02 
1308.065399 3.4101e+01 2.8247e+02 
1308.547546 3.3245e+01 2.8145e+02 
1309.029694 3.0320e+01 2.7769e+02 
1309.511841 2.8759e+01 2.7560e+02 
1309.993988 2.8235e+01 2.7492e+02 
1310.476135 2.8238e+01 2.7498e+02 
1310.958282 2.8789e+01 2.7582e+02 
1311.440430 3.1024e+01 2.7892e+02 
1311.922577 3.2900e+01 2.8141e+02 
1312.404724 3.4152e+01 2.8305e+02 
1312.886871 3.4162e+01 2.8312e+02 
1313.369019 3.4215e+01 2.8324e+02 
1313.851166 3.3781e+01 2.8276e+02 
1314.333313 3.3491e+01 2.8245e+02 
1314.815460 3.3379e+01 2.8237e+02 
1315.297607 3.2455e+01 2.8125e+02 
1315.779755 3.2253e+01 2.8104e+02 
1316.261902 3.3098e+01 2.8218e+02 
1316.744049 3.3725e+01 2.8303e+02 
1317.226196 3.3817e+01 2.8320e+02 
1317.708344 3.3258e+01 2.8256e+02 
1318.190491 3.3399e+01 2.8279e+02 
1318.672638 3.3769e+01 2.8331e+02 
1319.154785 3.3904e+01 2.8354e+02 
1319.636932 3.3647e+01 2.8328e+02 
1320.119080 3.3643e+01 2.8333e+02 
1320.601227 3.3137e+01 2.8275e+02 
1321.083374 3.2186e+01 2.8158e+02 
1321.565521 3.0756e+01 2.7976e+02 
1322.047668 3.0492e+01 2.7946e+02 
1322.529816 2.9524e+01 2.7820e+02 
1323.011963 3.0748e+01 2.7992e+02 
1323.494110 3.0993e+01 2.8030e+02 
1323.976257 2.8872e+01 2.7747e+02 
1324.458405 2.7125e+01 2.7503e+02 
1324.940552 2.4274e+01 2.7075e+02 
1325.422699 2.3050e+01 2.6883e+02 
1325.904846 2.6094e+01 2.7367e+02 
1326.386993 2.6302e+01 2.7404e+02 
1326.869141 2.7690e+01 2.7613e+02 
1327.351288 3.0633e+01 2.8028e+02 
1327.833435 3.0364e+01 2.7998e+02 
1328.315582 2.6291e+01 2.7425e+02 
1328.797729 2.4079e+01 2.7089e+02 
1329.279877 2.7951e+01 2.7679e+02 
1329.762024 3.1070e+01 2.8115e+02 
1330.244171 2.9166e+01 2.7862e+02 
1330.726318 2.3796e+01 2.7067e+02 
1331.208466 2.1736e+01 2.6731e+02 
1331.690613 2.4892e+01 2.7251e+02 
1332.172760 2.9554e+01 2.7938e+02 
1332.654907 3.0234e+01 2.8037e+02 
1333.137054 2.8956e+01 2.7867e+02 
1333.619202 2.8504e+01 2.7809e+02 
1334.101349 2.8280e+01 2.7783e+02 
1334.583496 2.8284e+01 2.7789e+02 
1335.065643 2.9064e+01 2.7905e+02 
1335.547791 3.0660e+01 2.8129e+02 
1336.029938 3.1483e+01 2.8244e+02 
1336.512085 3.2096e+01 2.8330e+02 
1336.994232 3.1985e+01 2.8321e+02 
1337.476379 3.1705e+01 2.8290e+02 
1337.958527 3.1901e+01 2.8321e+02 
1338.440674 3.2136e+01 2.8358e+02 
1338.922821 3.2126e+01 2.8362e+02 
1339.404968 3.2085e+01 2.8362e+02 
1339.887115 3.2044e+01 2.8363e+02 
1340.369263 3.2021e+01 2.8365e+02 
1340.851410 3.1800e+01 2.8342e+02 
1341.333557 3.1322e+01 2.8285e+02 
1341.815704 3.0759e+01 2.8216e+02 
1342.297852 3.0263e+01 2.8155e+02 
1342.779999 2.9827e+01 2.8101e+02 
1343.262146 2.8967e+01 2.7988e+02 
1343.744293 2.8703e+01 2.7957e+02 
1344.226440 2.8498e+01 2.7933e+02 
1344.708588 2.7595e+01 2.7810e+02 
1345.190735 2.6906e+01 2.7715e+02 
1345.672882 2.7503e+01 2.7808e+02 
1346.155029 2.8222e+01 2.7917e+02 
1346.637177 2.8516e+01 2.7964e+02 
1347.119324 2.8811e+01 2.8011e+02 
1347.601471 2.8414e+01 2.7961e+02 
1348.083618 2.8757e+01 2.8015e+02 
1348.565765 2.9650e+01 2.8145e+02 
1349.047913 3.0737e+01 2.8298e+02 
1349.530060 3.0801e+01 2.8313e+02 
1350.012207 2.9993e+01 2.8209e+02 
1350.494354 2.8898e+01 2.8064e+02 
1350.976501 2.8384e+01 2.7997e+02 
1351.458649 2.8237e+01 2.7981e+02 
1351.940796 2.8073e+01 2.7964e+02 
1352.422943 2.7957e+01 2.7953e+02 
1352.905090 2.7922e+01 2.7953e+02 
1353.387238 2.8013e+01 2.7972e+02 
1353.869385 2.8738e+01 2.8081e+02 
1354.351532 2.9898e+01 2.8247e+02 
1354.833679 3.0506e+01 2.8336e+02 
1355.315826 3.0061e+01 2.8281e+02 
1355.797974 2.9285e+01 2.8180e+02 
1356.280121 2.8618e+01 2.8092e+02 
1356.762268 2.8461e+01 2.8076e+02 
1357.244415 2.8272e+01 2.8054e+02 
1357.726563 2.8745e+01 2.8127e+02 
1358.208710 2.9391e+01 2.8223e+02 
1358.690857 2.9236e+01 2.8207e+02 
1359.173004 2.9029e+01 2.8184e+02 
1359.655151 2.9003e+01 2.8186e+02 
1360.137299 2.9416e+01 2.8249e+02 
1360.619446 2.9914e+01 2.8323e+02 
1361.101593 3.0123e+01 2.8358e+02 
1361.583740 2.9996e+01 2.8346e+02 
1362.065887 2.9951e+01 2.8346e+02 
1362.548035 3.0034e+01 2.8363e+02 
1363.030182 3.0043e+01 2.8370e+02 
1363.512329 2.9936e+01 2.8361e+02 
1363.994476 2.9638e+01 2.8325e+02 
1364.476624 2.9204e+01 2.8271e+02 
1364.958771 2.8788e+01 2.8218e+02 
1365.440918 2.8516e+01 2.8186e+02 
1365.923065 2.8334e+01 2.8166e+02 
1366.405212 2.8141e+01 2.8144e+02 
1366.887360 2.8132e+01 2.8148e+02 
1367.369507 2.8459e+01 2.8200e+02 
1367.851654 2.8942e+01 2.8274e+02 
1368.333801 2.9383e+01 2.8341e+02 
1368.815948 2.9405e+01 2.8350e+02 
1369.298096 2.9104e+01 2.8314e+02 
1369.780243 2.8777e+01 2.8274e+02 
1370.262390 2.8361e+01 2.8220e+02 
1370.744537 2.8291e+01 2.8216e+02 
1371.226685 2.8409e+01 2.8238e+02 
1371.708832 2.8524e+01 2.8260e+02 
1372.190979 2.8880e+01 2.8316e+02 
1372.673126 2.8946e+01 2.8331e+02 
1373.155273 2.9040e+01 2.8350e+02 
1373.637421 2.9104e+01 2.8365e+02 
1374.119568 2.9076e+01 2.8367e+02 
1374.601715 2.9002e+01 2.8362e+02 
1375.083862 2.9000e+01 2.8367e+02 
1375.566010 2.8827e+01 2.8349e+02 
1376.048157 2.8527e+01 2.8312e+02 
1376.530304 2.8154e+01 2.8265e+02 
1377.012451 2.7946e+01 2.8240e+02 
1377.494598 2.8031e+01 2.8258e+02 
1377.976746 2.8417e+01 2.8319e+02 
1378.458893 2.8299e+01 2.8308e+02 
1378.941040 2.7985e+01 2.8269e+02 
1379.423187 2.8174e+01 2.8301e+02 
1379.905334 2.8235e+01 2.8316e+02 
1380.387482 2.7654e+01 2.8238e+02 
1380.869629 2.6984e+01 2.8145e+02 
1381.351776 2.6859e+01 2.8133e+02 
1381.833923 2.7326e+01 2.8207e+02 
1382.316071 2.7240e+01 2.8200e+02 
1382.798218 2.6976e+01 2.8167e+02 
1383.280365 2.7211e+01 2.8207e+02 
1383.762512 2.7141e+01 2.8202e+02 
1384.244659 2.7008e+01 2.8189e+02 
1384.726807 2.7137e+01 2.8213e+02 
1385.208954 2.7374e+01 2.8254e+02 
1385.691101 2.7672e+01 2.8303e+02 
1386.173248 2.7918e+01 2.8344e+02 
1386.655396 2.8019e+01 2.8364e+02 
1387.137543 2.7990e+01 2.8366e+02 
1387.619690 2.7980e+01 2.8370e+02 
1388.101837 2.7852e+01 2.8357e+02 
1388.583984 2.7659e+01 2.8335e+02 
1389.066132 2.7372e+01 2.8298e+02 
1389.548279 2.7230e+01 2.8283e+02 
1390.030426 2.7257e+01 2.8293e+02 
1390.512573 2.7410e+01 2.8321e+02 
1390.994720 2.7353e+01 2.8318e+02 
1391.476868 2.7081e+01 2.8284e+02 
1391.959015 2.6986e+01 2.8276e+02 
1392.441162 2.7080e+01 2.8295e+02 
1392.923309 2.7180e+01 2.8316e+02 
1393.405457 2.7331e+01 2.8343e+02 
1393.887604 2.7408e+01 2.8360e+02 
1394.369751 2.7443e+01 2.8371e+02 
1394.851898 2.7376e+01 2.8367e+02 
1395.334045 2.7338e+01 2.8367e+02 
1395.816193 2.7292e+01 2.8366e+02 
1396.298340 2.7192e+01 2.8357e+02 
1396.780487 2.7040e+01 2.8340e+02 
1397.262634 2.7051e+01 2.8347e+02 
1397.744781 2.7093e+01 2.8359e+02 
1398.226929 2.7067e+01 2.8361e+02 
1398.709076 2.7048e+01 2.8364e+02 
1399.191223 2.7059e+01 2.8371e+02 
1399.673370 2.6968e+01 2.8363e+02 
1400.155518 2.6841e+01 2.8350e+02 
1400.637665 2.6649e+01 2.8327e+02 
1401.119812 2.6452e+01 2.8303e+02 
1401.601959 2.6254e+01 2.8279e+02 
1402.084106 2.6164e+01 2.8271e+02 
1402.566254 2.6124e+01 2.8271e+02 
1403.048401 2.6225e+01 2.8292e+02 
1403.530548 2.6357e+01 2.8317e+02 
1404.012695 2.6461e+01 2.8339e+02 
1404.494843 2.6548e+01 2.8357e+02 
1404.976990 2.6591e+01 2.8369e+02 
1405.459137 2.6477e+01 2.8358e+02 
1405.941284 2.6278e+01 2.8334e+02 
1406.423431 2.5997e+01 2.8297e+02 
1406.905579 2.5786e+01 2.8270e+02 
1407.387726 2.5576e+01 2.8244e+02 
1407.869873 2.5449e+01 2.8230e+02 
1408.352020 2.5502e+01 2.8243e+02 
1408.834167 2.5447e+01 2.8241e+02 
1409.316315 2.5476e+01 2.8251e+02 
1409.798462 2.5839e+01 2.8312e+02 
1410.280609 2.5705e+01 2.8297e+02 
1410.762756 2.5459e+01 2.8265e+02 
1411.244904 2.5696e+01 2.8307e+02 
1411.727051 2.5946e+01 2.8351e+02 
1412.209198 2.5728e+01 2.8323e+02 
1412.691345 2.5322e+01 2.8266e+02 
1413.173492 2.5100e+01 2.8237e+02 
1413.655640 2.5108e+01 2.8244e+02 
1414.137787 2.5204e+01 2.8265e+02 
1414.619934 2.5376e+01 2.8297e+02 
1415.102081 2.5435e+01 2.8312e+02 
1415.584229 2.5506e+01 2.8328e+02 
1416.066376 2.5615e+01 2.8351e+02 
1416.548523 2.5588e+01 2.8352e+02 
1417.030670 2.5587e+01 2.8358e+02 
1417.512817 2.5613e+01 2.8367e+02 
1417.994965 2.5546e+01 2.8363e+02 
1418.477112 2.5537e+01 2.8367e+02 
1418.959259 2.5524e+01 2.8371e+02 
1419.441406 2.5506e+01 2.8373e+02 
1419.923553 2.5438e+01 2.8368e+02 
1420.405701 2.5365e+01 2.8363e+02 
1420.887848 2.5256e+01 2.8352e+02 
1421.369995 2.5164e+01 2.8343e+02 
1421.852142 2.5059e+01 2.8332e+02 
1422.334290 2.5023e+01 2.8332e+02 
1422.816437 2.5044e+01 2.8341e+02 
1423.298584 2.5129e+01 2.8360e+02 
1423.780731 2.5148e+01 2.8368e+02 
1424.262878 2.5094e+01 2.8366e+02 
1424.745026 2.4923e+01 2.8344e+02 
1425.227173 2.4736e+01 2.8321e+02 
1425.709320 2.4588e+01 2.8303e+02 
1426.191467 2.4526e+01 2.8299e+02 
1426.673615 2.4458e+01 2.8293e+02 
1427.155762 2.4422e+01 2.8293e+02 
1427.637909 2.4470e+01 2.8306e+02 
1428.120056 2.4637e+01 2.8339e+02 
1428.602203 2.4647e+01 2.8346e+02 
1429.084351 2.4645e+01 2.8351e+02 
1429.566498 2.4689e+01 2.8364e+02 
1430.048645 2.4691e+01 2.8370e+02 
1430.530792 2.4583e+01 2.8358e+02 
1431.012939 2.4454e+01 2.8343e+02 
1431.495087 2.4378e+01 2.8337e+02 
1431.977234 2.4385e+01 2.8343e+02 
1432.459381 2.4293e+01 2.8334e+02 
1432.941528 2.4335e+01 2.8346e+02 
1433.423676 2.4356e+01 2.8356e+02 
1433.905823 2.4255e+01 2.8345e+02 
1434.387970 2.4184e+01 2.8339e+02 
1434.870117 2.4207e+01 2.8348e+02 
1435.352264 2.4239e+01 2.8359e+02 
1435.834412 2.4260e+01 2.8368e+02 
1436.316559 2.4239e+01 2.8370e+02 
1436.798706 2.4222e+01 2.8373e+02 
1437.280853 2.4161e+01 2.8369e+02 
1437.763000 2.4094e+01 2.8364e+02 
1438.245148 2.3992e+01 2.8353e+02 
1438.727295 2.3893e+01 2.8342e+02 
1439.209442 2.3772e+01 2.8328e+02 
1439.691589 2.3672e+01 2.8318e+02 
1440.173737 2.3571e+01 2.8307e+02 
1440.655884 2.3511e+01 2.8302e+02 
1441.138031 2.3469e+01 2.8301e+02 
1441.620178 2.3398e+01 2.8295e+02 
1442.102325 2.3264e+01 2.8279e+02 
1442.584473 2.3267e+01 2.8285e+02 
1443.066620 2.3219e+01 2.8282e+02 
1443.548767 2.3141e+01 2.8275e+02 
1444.030914 2.3108e+01 2.8275e+02 
1444.513062 2.3162e+01 2.8290e+02 
1444.995209 2.3274e+01 2.8314e+02 
1445.477356 2.3275e+01 2.8319e+02 
1445.959503 2.3280e+01 2.8326e+02 
1446.441650 2.3384e+01 2.8349e+02 
1446.923798 2.3381e+01 2.8354e+02 
1447.405945 2.3408e+01 2.8364e+02 
1447.888092 2.3405e+01 2.8369e+02 
1448.370239 2.3356e+01 2.8366e+02 
1448.852386 2.3234e+01 2.8352e+02 
1449.334534 2.3126e+01 2.8340e+02 
1449.816681 2.3017e+01 2.8327e+02 
1450.298828 2.2991e+01 2.8328e+02 
1450.780975 2.2965e+01 2.8329e+02 
1451.263123 2.2979e+01 2.8337e+02 
1451.745270 2.3047e+01 2.8354e+02 
1452.227417 2.3056e+01 2.8361e+02 
1452.709564 2.2940e+01 2.8347e+02 
1453.191711 2.2892e+01 2.8345e+02 
1453.673859 2.2875e+01 2.8348e+02 
1454.156006 2.2900e+01 2.8358e+02 
1454.638153 2.2907e+01 2.8364e+02 
1455.120300 2.2905e+01 2.8370e+02 
1455.602448 2.2867e+01 2.8369e+02 
1456.084595 2.2848e+01 2.8371e+02 
1456.566742 2.2819e+01 2.8372e+02 
1457.048889 2.2794e+01 2.8373e+02 
1457.531036 2.2746e+01 2.8371e+02 
1458.013184 2.2722e+01 2.8372e+02 
1458.495331 2.2679e+01 2.8371e+02 
1458.977478 2.2650e+01 2.8371e+02 
1459.459625 2.2598e+01 2.8368e+02 
1459.941772 2.2530e+01 2.8362e+02 
1460.423920 2.2444e+01 2.8353e+02 
1460.906067 2.2386e+01 2.8349e+02 
1461.388214 2.2317e+01 2.8342e+02 
1461.870361 2.2281e+01 2.8342e+02 
1462.352509 2.2249e+01 2.8342e+02 
1462.834656 2.2245e+01 2.8347e+02 
1463.316803 2.2241e+01 2.8352e+02 
1463.798950 2.2261e+01 2.8361e+02 
1464.281097 2.2263e+01 2.8367e+02 
1464.763245 2.2264e+01 2.8372e+02 
1465.245392 2.2216e+01 2.8370e+02 
1465.727539 2.2157e+01 2.8365e+02 
1466.209686 2.2076e+01 2.8357e+02 
1466.691833 2.2017e+01 2.8352e+02 
1467.173981 2.1954e+01 2.8347e+02 
1467.656128 2.1918e+01 2.8346e+02 
1468.138275 2.1844e+01 2.8339e+02 
1468.620422 2.1804e+01 2.8337e+02 
1469.102570 2.1785e+01 2.8340e+02 
1469.584717 2.1792e+01 2.8346e+02 
1470.066864 2.1789e+01 2.8351e+02 
1470.549011 2.1800e+01 2.8359e+02 
1471.031158 2.1798e+01 2.8364e+02 
1471.513306 2.1806e+01 2.8371e+02 
1471.995453 2.1778e+01 2.8372e+02 
1472.477600 2.1746e+01 2.8372e+02 
1472.959747 2.1703e+01 2.8370e+02 
1473.441895 2.1687e+01 2.8373e+02 
1473.924042 2.1637e+01 2.8369e+02 
1474.406189 2.1587e+01 2.8366e+02 
1474.888336 2.1524e+01 2.8361e+02 
1475.370483 2.1506e+01 2.8363e+02 
1475.852631 2.1502e+01 2.8368e+02 
1476.334778 2.1493e+01 2.8372e+02 
1476.816925 2.1420e+01 2.8365e+02 
1477.299072 2.1335e+01 2.8355e+02 
1477.781219 2.1239e+01 2.8344e+02 
1478.263367 2.1168e+01 2.8336e+02 
1478.745514 2.1089e+01 2.8328e+02 
1479.227661 2.1047e+01 2.8326e+02 
1479.709808 2.1019e+01 2.8326e+02 
1480.191956 2.1050e+01 2.8338e+02 
1480.674103 2.1092e+01 2.8351e+02 
1481.156250 2.1140e+01 2.8365e+02 
1481.638397 2.1080e+01 2.8360e+02 
1482.120544 2.0970e+01 2.8345e+02 
1482.602692 2.0858e+01 2.8331e+02 
1483.084839 2.0794e+01 2.8325e+02 
1483.566986 2.0761e+01 2.8324e+02 
1484.049133 2.0765e+01 2.8331e+02 
1484.531281 2.0746e+01 2.8333e+02 
1485.013428 2.0756e+01 2.8340e+02 
1485.495575 2.0760e+01 2.8346e+02 
1485.977722 2.0803e+01 2.8360e+02 
1486.459869 2.0798e+01 2.8364e+02 
1486.942017 2.0794e+01 2.8369e+02 
1487.424164 2.0769e+01 2.8370e+02 
1487.906311 2.0723e+01 2.8367e+02 
1488.388458 2.0669e+01 2.8363e+02 
1488.870605 2.0665e+01 2.8368e+02 
1489.352753 2.0647e+01 2.8370e+02 
1489.834900 2.0626e+01 2.8372e+02 
1490.317047 2.0587e+01 2.8370e+02 
1490.799194 2.0565e+01 2.8372e+02 
1491.281342 2.0509e+01 2.8367e+02 
1491.763489 2.0444e+01 2.8361e+02 
1492.245636 2.0370e+01 2.8353e+02 
1492.727783 2.0328e+01 2.8351e+02 
1493.209930 2.0289e+01 2.8349e+02 
1493.692078 2.0267e+01 2.8350e+02 
1494.174225 2.0245e+01 2.8352e+02 
1494.656372 2.0250e+01 2.8358e+02 
1495.138519 2.0245e+01 2.8363e+02 
1495.620667 2.0250e+01 2.8369e+02 
1496.102814 2.0231e+01 2.8372e+02 
1496.584961 2.0203e+01 2.8372e+02 
1497.067108 2.0147e+01 2.8367e+02 
1497.549255 2.0110e+01 2.8366e+02 
1498.031403 2.0082e+01 2.8366e+02 
1498.513550 2.0080e+01 2.8371e+02 
1498.995697 2.0047e+01 2.8371e+02 
1499.477844 2.0000e+01 2.8367e+02 
1499.959991 1.9943e+01 2.8362e+02 
1500.442139 1.9910e+01 2.8361e+02 
1500.924286 1.9867e+01 2.8359e+02 
1501.406433 1.9860e+01 2.8363e+02 
1501.888580 1.9836e+01 2.8364e+02 
1502.370728 1.9786e+01 2.8360e+02 
1502.852875 1.9738e+01 2.8357e+02 
1503.335022 1.9725e+01 2.8360e+02 
1503.817169 1.9706e+01 2.8362e+02 
1504.299316 1.9701e+01 2.8366e+02 
1504.781464 1.9683e+01 2.8369e+02 
1505.263611 1.9675e+01 2.8373e+02 
1505.745758 1.9644e+01 2.8372e+02 
1506.227905 1.9620e+01 2.8373e+02 
1506.710052 1.9586e+01 2.8372e+02 
1507.192200 1.9563e+01 2.8373e+02 
1507.674347 1.9525e+01 2.8372e+02 
1508.156494 1.9500e+01 2.8372e+02 
1508.638641 1.9462e+01 2.8371e+02 
1509.120789 1.9430e+01 2.8370e+02 
1509.602936 1.9398e+01 2.8370e+02 
1510.085083 1.9369e+01 2.8370e+02 
1510.567230 1.9319e+01 2.8365e+02 
1511.049377 1.9279e+01 2.8363e+02 
1511.531525 1.9251e+01 2.8363e+02 
1512.013672 1.9255e+01 2.8370e+02 
1512.495819 1.9223e+01 2.8369e+02 
1512.977966 1.9169e+01 2.8364e+02 
1513.460114 1.9107e+01 2.8358e+02 
1513.942261 1.9081e+01 2.8358e+02 
1514.424408 1.9073e+01 2.8362e+02 
1514.906555 1.9080e+01 2.8369e+02 
1515.388702 1.9042e+01 2.8367e+02 
1515.870850 1.9019e+01 2.8368e+02 
1516.352997 1.9001e+01 2.8370e+02 
1516.835144 1.8985e+01 2.8373e+02 
1517.317291 1.8952e+01 2.8372e+02 
1517.799438 1.8923e+01 2.8372e+02 
1518.281586 1.8867e+01 2.8366e+02 
1518.763733 1.8832e+01 2.8365e+02 
1519.245880 1.8805e+01 2.8365e+02 
1519.728027 1.8801e+01 2.8370e+02 
1520.210175 1.8780e+01 2.8371e+02 
1520.692322 1.8760e+01 2.8373e+02 
1521.174469 1.8729e+01 2.8372e+02 
1521.656616 1.8703e+01 2.8373e+02 
1522.138763 1.8667e+01 2.8371e+02 
1522.620911 1.8647e+01 2.8373e+02 
1523.103058 1.8606e+01 2.8370e+02 
1523.585205 1.8570e+01 2.8368e+02 
1524.067352 1.8528e+01 2.8365e+02 
1524.549500 1.8515e+01 2.8368e+02 
1525.031647 1.8498e+01 2.8370e+02 
1525.513794 1.8480e+01 2.8372e+02 
1525.995941 1.8432e+01 2.8368e+02 
1526.478088 1.8395e+01 2.8367e+02 
1526.960236 1.8373e+01 2.8368e+02 
1527.442383 1.8358e+01 2.8370e+02 
1527.924530 1.8315e+01 2.8367e+02 
1528.406677 1.8301e+01 2.8370e+02 
1528.888824 1.8258e+01 2.8367e+02 
1529.370972 1.8200e+01 2.8361e+02 
1529.853119 1.8144e+01 2.8355e+02 
1530.335266 1.8118e+01 2.8355e+02 
1530.817413 1.8102e+01 2.8357e+02 
1531.299561 1.8114e+01 2.8365e+02 
1531.781708 1.8097e+01 2.8367e+02 
1532.263855 1.8068e+01 2.8367e+02 
1532.746002 1.8048e+01 2.8368e+02 
1533.228149 1.8042e+01 2.8372e+02 
1533.710297 1.8012e+01 2.8372e+02 
1534.192444 1.7982e+01 2.8371e+02 
1534.674591 1.7931e+01 2.8367e+02 
1535.156738 1.7904e+01 2.8366e+02 
1535.638885 1.7868e+01 2.8365e+02 
1536.121033 1.7835e+01 2.8363e+02 
1536.603180 1.7805e+01 2.8363e+02 
1537.085327 1.7790e+01 2.8365e+02 
1537.567474 1.7770e+01 2.8367e+02 
1538.049622 1.7764e+01 2.8371e+02 
1538.531769 1.7743e+01 2.8372e+02 
1539.013916 1.7723e+01 2.8373e+02 
1539.496063 1.7691e+01 2.8372e+02 
1539.978210 1.7670e+01 2.8373e+02 
1540.460358 1.7637e+01 2.8372e+02 
1540.942505 1.7610e+01 2.8372e+02 
1541.424652 1.7578e+01 2.8371e+02 
1541.906799 1.7562e+01 2.8373e+02 
1542.388947 1.7529e+01 2.8372e+02 
1542.871094 1.7500e+01 2.8371e+02 
1543.353241 1.7469e+01 2.8370e+02 
1543.835388 1.7441e+01 2.8370e+02 
1544.317535 1.7407e+01 2.8368e+02 
1544.799683 1.7396e+01 2.8371e+02 
1545.281830 1.7370e+01 2.8371e+02 
1545.763977 1.7333e+01 2.8369e+02 
1546.246124 1.7276e+01 2.8363e+02 
1546.728271 1.7233e+01 2.8359e+02 
1547.210419 1.7189e+01 2.8355e+02 
1547.692566 1.7165e+01 2.8356e+02 
1548.174713 1.7139e+01 2.8356e+02 
1548.656860 1.7126e+01 2.8359e+02 
1549.139008 1.7123e+01 2.8363e+02 
1549.621155 1.7130e+01 2.8370e+02 
1550.103302 1.7105e+01 2.8371e+02 
1550.585449 1.7066e+01 2.8368e+02 
1551.067596 1.7008e+01 2.8361e+02 
1551.549744 1.6977e+01 2.8360e+02 
1552.031891 1.6951e+01 2.8360e+02 
1552.514038 1.6934e+01 2.8362e+02 
1552.996185 1.6913e+01 2.8363e+02 
1553.478333 1.6910e+01 2.8368e+02 
1553.960480 1.6898e+01 2.8370e+02 
1554.442627 1.6884e+01 2.8373e+02 
1554.924774 1.6843e+01 2.8369e+02 
1555.406921 1.6809e+01 2.8368e+02 
1555.889069 1.6777e+01 2.8366e+02 
1556.371216 1.6760e+01 2.8368e+02 
1556.853363 1.6740e+01 2.8369e+02 
1557.335510 1.6731e+01 2.8373e+02 
1557.817657 1.6704e+01 2.8372e+02 
1558.299805 1.6684e+01 2.8373e+02 
1558.781952 1.6653e+01 2.8372e+02 
1559.264099 1.6632e+01 2.8373e+02 
1559.746246 1.6603e+01 2.8372e+02 
1560.228394 1.6582e+01 2.8373e+02 
1560.710541 1.6547e+01 2.8371e+02 
1561.192688 1.6514e+01 2.8370e+02 
1561.674835 1.6471e+01 2.8366e+02 
1562.156982 1.6439e+01 2.8364e+02 
1562.639130 1.6399e+01 2.8361e+02 
1563.121277 1.6374e+01 2.8361e+02 
1563.603424 1.6347e+01 2.8360e+02 
1564.085571 1.6339e+01 2.8364e+02 
1564.567719 1.6334e+01 2.8368e+02 
1565.049866 1.6318e+01 2.8370e+02 
1565.532013 1.6266e+01 2.8364e+02 
1566.014160 1.6225e+01 2.8361e+02 
1566.496307 1.6178e+01 2.8356e+02 
1566.978455 1.6151e+01 2.8355e+02 
1567.460602 1.6129e+01 2.8356e+02 
1567.942749 1.6127e+01 2.8361e+02 
1568.424896 1.6123e+01 2.8365e+02 
1568.907043 1.6124e+01 2.8371e+02 
1569.389191 1.6102e+01 2.8372e+02 
1569.871338 1.6082e+01 2.8373e+02 
1570.353485 1.6039e+01 2.8369e+02 
1570.835632 1.5998e+01 2.8365e+02 
1571.317780 1.5948e+01 2.8359e+02 
1571.799927 1.5914e+01 2.8357e+02 
1572.282074 1.5879e+01 2.8355e+02 
1572.764221 1.5868e+01 2.8358e+02 
1573.246368 1.5845e+01 2.8358e+02 
1573.728516 1.5828e+01 2.8359e+02 
1574.210663 1.5812e+01 2.8361e+02 
1574.692810 1.5808e+01 2.8366e+02 
1575.174957 1.5794e+01 2.8368e+02 
1575.657104 1.5788e+01 2.8372e+02 
1576.139252 1.5765e+01 2.8372e+02 
1576.621399 1.5741e+01 2.8373e+02 
1577.103546 1.5704e+01 2.8369e+02 
1577.585693 1.5674e+01 2.8368e+02 
1578.067841 1.5628e+01 2.8363e+02 
1578.549988 1.5586e+01 2.8359e+02 
1579.032135 1.5536e+01 2.8353e+02 
1579.514282 1.5496e+01 2.8349e+02 
1579.996429 1.5448e+01 2.8344e+02 
1580.478577 1.5411e+01 2.8341e+02 
1580.960724 1.5367e+01 2.8336e+02 
1581.442871 1.5334e+01 2.8334e+02 
1581.925018 1.5307e+01 2.8333e+02 
1582.407166 1.5304e+01 2.8338e+02 
1582.889313 1.5263e+01 2.8334e+02 
1583.371460 1.5229e+01 2.8331e+02 
1583.853607 1.5173e+01 2.8324e+02 
1584.335754 1.5130e+01 2.8319e+02 
1584.817902 1.5094e+01 2.8316e+02 
1585.300049 1.5068e+01 2.8316e+02 
1585.782196 1.5037e+01 2.8314e+02 
1586.264343 1.5014e+01 2.8314e+02 
1586.746490 1.4989e+01 2.8313e+02 
1587.228638 1.4971e+01 2.8314e+02 
1587.710785 1.4935e+01 2.8312e+02 
1588.192932 1.4913e+01 2.8312e+02 
1588.675079 1.4898e+01 2.8314e+02 
1589.157227 1.4936e+01 2.8328e+02 
1589.639374 1.5000e+01 2.8348e+02 
1590.121521 1.4979e+01 2.8349e+02 
1590.603668 1.4876e+01 2.8330e+02 
1591.085815 1.4852e+01 2.8330e+02 
1591.567963 1.4894e+01 2.8345e+02 
1592.050110 1.4850e+01 2.8340e+02 
1592.532257 1.4753e+01 2.8322e+02 
1593.014404 1.4715e+01 2.8319e+02 
1593.496552 1.4723e+01 2.8326e+02 
1593.978699 1.4788e+01 2.8347e+02 
1594.460846 1.4823e+01 2.8361e+02 
1594.942993 1.4761e+01 2.8351e+02 
1595.425140 1.4677e+01 2.8337e+02 
1595.907288 1.4697e+01 2.8347e+02 
1596.389435 1.4689e+01 2.8350e+02 
1596.871582 1.4582e+01 2.8330e+02 
1597.353729 1.4490e+01 2.8314e+02 
1597.835876 1.4448e+01 2.8309e+02 
1598.318024 1.4415e+01 2.8306e+02 
1598.800171 1.4395e+01 2.8307e+02 
1599.282318 1.4371e+01 2.8306e+02 
1599.764465 1.4361e+01 2.8309e+02 
1600.246613 1.4370e+01 2.8317e+02 
1600.728760 1.4434e+01 2.8338e+02 
1601.210907 1.4478e+01 2.8354e+02 
1601.693054 1.4412e+01 2.8343e+02 
1602.175201 1.4351e+01 2.8334e+02 
1602.657349 1.4396e+01 2.8350e+02 
1603.139496 1.4423e+01 2.8362e+02 
1603.621643 1.4364e+01 2.8353e+02 
1604.103790 1.4253e+01 2.8332e+02 
1604.585938 1.4186e+01 2.8321e+02 
1605.068085 1.4149e+01 2.8317e+02 
1605.550232 1.4141e+01 2.8320e+02 
1606.032379 1.4155e+01 2.8329e+02 
1606.514526 1.4216e+01 2.8349e+02 
1606.996674 1.4250e+01 2.8363e+02 
1607.478821 1.4207e+01 2.8358e+02 
1607.960968 1.4123e+01 2.8343e+02 
1608.443115 1.4101e+01 2.8343e+02 
1608.925262 1.4128e+01 2.8355e+02 
1609.407410 1.4153e+01 2.8366e+02 
1609.889557 1.4102e+01 2.8359e+02 
1610.371704 1.4024e+01 2.8345e+02 
1610.853851 1.3963e+01 2.8336e+02 
1611.335999 1.3937e+01 2.8334e+02 
1611.818146 1.3923e+01 2.8336e+02 
1612.300293 1.3921e+01 2.8341e+02 
1612.782440 1.3903e+01 2.8342e+02 
1613.264587 1.3899e+01 2.8347e+02 
1613.746735 1.3888e+01 2.8349e+02 
1614.228882 1.3889e+01 2.8355e+02 
1614.711029 1.3883e+01 2.8359e+02 
1615.193176 1.3884e+01 2.8364e+02 
1615.675323 1.3875e+01 2.8367e+02 
1616.157471 1.3871e+01 2.8372e+02 
1616.639618 1.3852e+01 2.8372e+02 
1617.121765 1.3831e+01 2.8372e+02 
1617.603912 1.3794e+01 2.8369e+02 
1618.086060 1.3761e+01 2.8366e+02 
1618.568207 1.3721e+01 2.8361e+02 
1619.050354 1.3690e+01 2.8358e+02 
1619.532501 1.3654e+01 2.8355e+02 
1620.014648 1.3630e+01 2.8354e+02 
1620.496796 1.3618e+01 2.8356e+02 
1620.978943 1.3605e+01 2.8358e+02 
1621.461090 1.3579e+01 2.8357e+02 
1621.943237 1.3575e+01 2.8362e+02 
1622.425385 1.3573e+01 2.8366e+02 
1622.907532 1.3568e+01 2.8371e+02 
1623.389679 1.3550e+01 2.8371e+02 
1623.871826 1.3529e+01 2.8371e+02 
1624.353973 1.3486e+01 2.8366e+02 
1624.836121 1.3448e+01 2.8361e+02 
1625.318268 1.3410e+01 2.8357e+02 
1625.800415 1.3386e+01 2.8356e+02 
1626.282562 1.3357e+01 2.8354e+02 
1626.764709 1.3354e+01 2.8359e+02 
1627.246857 1.3357e+01 2.8365e+02 
1627.729004 1.3361e+01 2.8371e+02 
1628.211151 1.3327e+01 2.8368e+02 
1628.693298 1.3285e+01 2.8362e+02 
1629.175446 1.3235e+01 2.8355e+02 
1629.657593 1.3192e+01 2.8349e+02 
1630.139740 1.3153e+01 2.8344e+02 
1630.621887 1.3133e+01 2.8344e+02 
1631.104034 1.3113e+01 2.8344e+02 
1631.586182 1.3106e+01 2.8348e+02 
1632.068329 1.3095e+01 2.8350e+02 
1632.550476 1.3088e+01 2.8354e+02 
1633.032623 1.3077e+01 2.8356e+02 
1633.514771 1.3077e+01 2.8362e+02 
1633.996918 1.3069e+01 2.8365e+02 
1634.479065 1.3069e+01 2.8370e+02 
1634.961212 1.3055e+01 2.8372e+02 
1635.443359 1.3041e+01 2.8373e+02 
1635.925507 1.3014e+01 2.8372e+02 
1636.407654 1.2988e+01 2.8370e+02 
1636.889801 1.2961e+01 2.8369e+02 
1637.371948 1.2951e+01 2.8371e+02 
1637.854095 1.2923e+01 2.8369e+02 
1638.336243 1.2889e+01 2.8365e+02 
1638.818390 1.2843e+01 2.8359e+02 
1639.300537 1.2811e+01 2.8356e+02 
1639.782684 1.2795e+01 2.8356e+02 
1640.264832 1.2796e+01 2.8362e+02 
1640.746979 1.2753e+01 2.8356e+02 
1641.229126 1.2713e+01 2.8351e+02 
1641.711273 1.2697e+01 2.8352e+02 
1642.193420 1.2708e+01 2.8360e+02 
1642.675568 1.2683e+01 2.8359e+02 
1643.157715 1.2651e+01 2.8355e+02 
1643.639862 1.2633e+01 2.8356e+02 
1644.122009 1.2629e+01 2.8360e+02 
1644.604156 1.2621e+01 2.8363e+02 
1645.086304 1.2620e+01 2.8368e+02 
1645.568451 1.2610e+01 2.8371e+02 
1646.050598 1.2598e+01 2.8373e+02 
1646.532745 1.2570e+01 2.8371e+02 
1647.014893 1.2553e+01 2.8371e+02 
1647.497040 1.2533e+01 2.8371e+02 
1647.979187 1.2516e+01 2.8372e+02 
1648.461334 1.2490e+01 2.8370e+02 
1648.943481 1.2461e+01 2.8368e+02 
1649.425629 1.2430e+01 2.8365e+02 
1649.907776 1.2411e+01 2.8365e+02 
1650.389923 1.2390e+01 2.8365e+02 
1650.872070 1.2380e+01 2.8367e+02 
1651.354218 1.2367e+01 2.8369e+02 
1651.836365 1.2359e+01 2.8372e+02 
1652.318512 1.2342e+01 2.8372e+02 
1652.800659 1.2326e+01 2.8373e+02 
1653.282806 1.2303e+01 2.8373e+02 
1653.764954 1.2286e+01 2.8373e+02 
1654.247101 1.2264e+01 2.8372e+02 
1654.729248 1.2244e+01 2.8372e+02 
1655.211395 1.2211e+01 2.8368e+02 
1655.693542 1.2184e+01 2.8366e+02 
1656.175690 1.2155e+01 2.8364e+02 
1656.657837 1.2135e+01 2.8363e+02 
1657.139984 1.2108e+01 2.8361e+02 
1657.622131 1.2075e+01 2.8357e+02 
1658.104279 1.2038e+01 2.8352e+02 
1658.586426 1.2015e+01 2.8351e+02 
1659.068573 1.1989e+01 2.8349e+02 
1659.550720 1.1971e+01 2.8349e+02 
1660.032867 1.1954e+01 2.8350e+02 
1660.515015 1.1949e+01 2.8354e+02 
1660.997162 1.1950e+01 2.8359e+02 
1661.479309 1.1953e+01 2.8365e+02 
1661.961456 1.1937e+01 2.8366e+02 
1662.443604 1.1934e+01 2.8371e+02 
1662.925751 1.1918e+01 2.8371e+02 
1663.407898 1.1889e+01 2.8368e+02 
1663.890045 1.1847e+01 2.8362e+02 
1664.372192 1.1812e+01 2.8357e+02 
1664.854340 1.1777e+01 2.8353e+02 
1665.336487 1.1754e+01 2.8351e+02 
1665.818634 1.1729e+01 2.8349e+02 
1666.300781 1.1716e+01 2.8351e+02 
1666.782928 1.1704e+01 2.8353e+02 
1667.265076 1.1703e+01 2.8358e+02 
1667.747223 1.1703e+01 2.8363e+02 
1668.229370 1.1707e+01 2.8370e+02 
1668.711517 1.1692e+01 2.8371e+02 
1669.193665 1.1681e+01 2.8373e+02 
1669.675812 1.1657e+01 2.8371e+02 
1670.157959 1.1630e+01 2.8369e+02 
1670.640106 1.1603e+01 2.8366e+02 
1671.122253 1.1597e+01 2.8370e+02 
1671.604401 1.1581e+01 2.8370e+02 
1672.086548 1.1554e+01 2.8368e+02 
1672.568695 1.1519e+01 2.8363e+02 
1673.050842 1.1492e+01 2.8361e+02 
1673.532990 1.1472e+01 2.8360e+02 
1674.015137 1.1468e+01 2.8364e+02 
1674.497284 1.1463e+01 2.8368e+02 
1674.979431 1.1460e+01 2.8372e+02 
1675.461578 1.1441e+01 2.8372e+02 
1675.943726 1.1416e+01 2.8370e+02 
1676.425873 1.1379e+01 2.8364e+02 
1676.908020 1.1348e+01 2.8361e+02 
1677.390167 1.1321e+01 2.8358e+02 
1677.872314 1.1302e+01 2.8358e+02 
1678.354462 1.1272e+01 2.8354e+02 
1678.836609 1.1263e+01 2.8357e+02 
1679.318756 1.1264e+01 2.8362e+02 
1679.800903 1.1268e+01 2.8369e+02 
1680.283051 1.1252e+01 2.8369e+02 
1680.765198 1.1230e+01 2.8368e+02 
1681.247345 1.1195e+01 2.8363e+02 
1681.729492 1.1180e+01 2.8364e+02 
1682.211639 1.1169e+01 2.8366e+02 
1682.693787 1.1166e+01 2.8370e+02 
1683.175934 1.1154e+01 2.8372e+02 
1683.658081 1.1140e+01 2.8373e+02 
1684.140228 1.1121e+01 2.8372e+02 
1684.622375 1.1106e+01 2.8373e+02 
1685.104523 1.1085e+01 2.8372e+02 
1685.586670 1.1063e+01 2.8371e+02 
1686.068817 1.1033e+01 2.8367e+02 
1686.550964 1.1009e+01 2.8365e+02 
1687.033112 1.0982e+01 2.8362e+02 
1687.515259 1.0970e+01 2.8364e+02 
1687.997406 1.0963e+01 2.8367e+02 
1688.479553 1.0950e+01 2.8369e+02 
1688.961700 1.0917e+01 2.8364e+02 
1689.443848 1.0900e+01 2.8364e+02 
1689.925995 1.0894e+01 2.8367e+02 
1690.408142 1.0876e+01 2.8367e+02 
1690.890289 1.0831e+01 2.8359e+02 
1691.372437 1.0801e+01 2.8355e+02 
1691.854584 1.0782e+01 2.8354e+02 
1692.336731 1.0774e+01 2.8357e+02 
1692.818878 1.0754e+01 2.8356e+02 
1693.301025 1.0747e+01 2.8359e+02 
1693.783173 1.0737e+01 2.8362e+02 
1694.265320 1.0733e+01 2.8366e+02 
1694.747467 1.0724e+01 2.8368e+02 
1695.229614 1.0720e+01 2.8372e+02 
1695.711761 1.0704e+01 2.8372e+02 
1696.193909 1.0689e+01 2.8373e+02 
1696.676056 1.0663e+01 2.8370e+02 
1697.158203 1.0646e+01 2.8370e+02 
1697.640350 1.0626e+01 2.8369e+02 
1698.122498 1.0605e+01 2.8368e+02 
1698.604645 1.0586e+01 2.8367e+02 
1699.086792 1.0580e+01 2.8371e+02 
1699.568939 1.0567e+01 2.8372e+02 
1700.051086 1.0555e+01 2.8373e+02 
1700.533234 1.0536e+01 2.8373e+02 
1701.015381 1.0520e+01 2.8373e+02 
1701.497528 1.0492e+01 2.8370e+02 
1701.979675 1.0468e+01 2.8367e+02 
1702.461823 1.0444e+01 2.8365e+02 
1702.943970 1.0427e+01 2.8365e+02 
1703.426117 1.0406e+01 2.8363e+02 
1703.908264 1.0403e+01 2.8368e+02 
1704.390411 1.0395e+01 2.8370e+02 
1704.872559 1.0375e+01 2.8369e+02 
1705.354706 1.0347e+01 2.8366e+02 
1705.836853 1.0341e+01 2.8369e+02 
1706.319000 1.0330e+01 2.8371e+02 
1706.801147 1.0312e+01 2.8370e+02 
1707.283295 1.0281e+01 2.8366e+02 
1707.765442 1.0245e+01 2.8359e+02 
1708.247589 1.0206e+01 2.8352e+02 
1708.729736 1.0181e+01 2.8349e+02 
1709.211884 1.0166e+01 2.8350e+02 
1709.694031 1.0181e+01 2.8360e+02 
1710.176178 1.0183e+01 2.8366e+02 
1710.658325 1.0150e+01 2.8360e+02 
1711.140472 1.0099e+01 2.8349e+02 
1711.622620 1.0077e+01 2.8347e+02 
1712.104767 1.0068e+01 2.8350e+02 
1712.586914 1.0074e+01 2.8357e+02 
1713.069061 1.0070e+01 2.8361e+02 
1713.551208 1.0068e+01 2.8365e+02 
1714.033356 1.0063e+01 2.8369e+02 
1714.515503 1.0050e+01 2.8370e+02 
1714.997650 1.0036e+01 2.8371e+02 
1715.479797 1.0021e+01 2.8371e+02 
1715.961945 9.9941e+00 2.8367e+02 
1716.444092 9.9813e+00 2.8368e+02 
1716.926239 9.9714e+00 2.8370e+02 
1717.408386 9.9636e+00 2.8373e+02 
1717.890533 9.9430e+00 2.8372e+02 
1718.372681 9.9303e+00 2.8373e+02 
1718.854828 9.9093e+00 2.8371e+02 
1719.336975 9.8830e+00 2.8368e+02 
1719.819122 9.8457e+00 2.8360e+02 
1720.301270 9.8143e+00 2.8355e+02 
1720.783417 9.7820e+00 2.8350e+02 
1721.265564 9.7746e+00 2.8353e+02 
1721.747711 9.7487e+00 2.8349e+02 
1722.229858 9.7160e+00 2.8343e+02 
1722.712006 9.7127e+00 2.8348e+02 
1723.194153 9.7364e+00 2.8361e+02 
1723.676300 9.7235e+00 2.8362e+02 
1724.158447 9.6694e+00 2.8349e+02 
1724.640594 9.6079e+00 2.8333e+02 
1725.122742 9.5674e+00 2.8325e+02 
1725.604889 9.5432e+00 2.8322e+02 
1726.087036 9.5530e+00 2.8330e+02 
1726.569183 9.5651e+00 2.8340e+02 
1727.051331 9.5454e+00 2.8338e+02 
1727.533478 9.5200e+00 2.8335e+02 
1728.015625 9.5025e+00 2.8334e+02 
1728.497772 9.5003e+00 2.8339e+02 
1728.979919 9.5193e+00 2.8350e+02 
1729.462067 9.5408e+00 2.8363e+02 
1729.944214 9.5491e+00 2.8371e+02 
1730.426361 9.5227e+00 2.8367e+02 
1730.908508 9.4869e+00 2.8360e+02 
1731.390656 9.4644e+00 2.8358e+02 
1731.872803 9.4663e+00 2.8363e+02 
1732.354950 9.4595e+00 2.8366e+02 
1732.837097 9.4533e+00 2.8369e+02 
1733.319244 9.4450e+00 2.8372e+02 
1733.801392 9.4322e+00 2.8373e+02 
1734.283539 9.4161e+00 2.8372e+02 
1734.765686 9.4025e+00 2.8373e+02 
1735.247833 9.3776e+00 2.8369e+02 
1735.729980 9.3515e+00 2.8366e+02 
1736.212128 9.3212e+00 2.8360e+02 
1736.694275 9.2983e+00 2.8358e+02 
1737.176422 9.2874e+00 2.8359e+02 
1737.658569 9.2843e+00 2.8363e+02 
1738.140717 9.2595e+00 2.8360e+02 
1738.622864 9.2500e+00 2.8362e+02 
1739.105011 9.2493e+00 2.8367e+02 
1739.587158 9.2495e+00 2.8372e+02 
1740.069305 9.2321e+00 2.8371e+02 
1740.551453 9.2061e+00 2.8367e+02 
1741.033600 9.1699e+00 2.8360e+02 
1741.515747 9.1405e+00 2.8355e+02 
1741.997894 9.1198e+00 2.8352e+02 
1742.480042 9.1258e+00 2.8360e+02 
1742.962189 9.1333e+00 2.8368e+02 
1743.444336 9.1256e+00 2.8370e+02 
1743.926483 9.0967e+00 2.8365e+02 
1744.408630 9.0765e+00 2.8363e+02 
1744.890778 9.0460e+00 2.8357e+02 
1745.372925 9.0317e+00 2.8358e+02 
1745.855072 9.0345e+00 2.8364e+02 
1746.337219 9.0214e+00 2.8364e+02 
1746.819366 9.0125e+00 2.8366e+02 
1747.301514 9.0057e+00 2.8369e+02 
1747.783661 8.9871e+00 2.8368e+02 
1748.265808 8.9765e+00 2.8369e+02 
1748.747955 8.9660e+00 2.8370e+02 
1749.230103 8.9491e+00 2.8370e+02 
1749.712250 8.9213e+00 2.8365e+02 
1750.194397 8.9009e+00 2.8363e+02 
1750.676544 8.8995e+00 2.8367e+02 
1751.158691 8.8979e+00 2.8372e+02 
1751.640839 8.8769e+00 2.8370e+02 
1752.122986 8.8441e+00 2.8363e+02 
1752.605133 8.8177e+00 2.8359e+02 
1753.087280 8.7798e+00 2.8350e+02 
1753.569427 8.7315e+00 2.8338e+02 
1754.051575 8.6970e+00 2.8330e+02 
1754.533722 8.6637e+00 2.8323e+02 
1755.015869 8.6601e+00 2.8327e+02 
1755.498016 8.6746e+00 2.8338e+02 
1755.980164 8.7041e+00 2.8353e+02 
1756.462311 8.7241e+00 2.8366e+02 
1756.944458 8.7198e+00 2.8370e+02 
1757.426605 8.6796e+00 2.8360e+02 
1757.908752 8.6427e+00 2.8352e+02 
1758.390900 8.6337e+00 2.8353e+02 
1758.873047 8.6025e+00 2.8347e+02 
1759.355194 8.5499e+00 2.8333e+02 
1759.837341 8.5420e+00 2.8335e+02 
1760.319489 8.5532e+00 2.8344e+02 
1760.801636 8.5763e+00 2.8358e+02 
1761.283783 8.5860e+00 2.8367e+02 
1761.765930 8.5852e+00 2.8372e+02 
1762.248077 8.5615e+00 2.8368e+02 
1762.730225 8.5255e+00 2.8360e+02 
1763.212372 8.4764e+00 2.8347e+02 
1763.694519 8.4422e+00 2.8339e+02 
1764.176666 8.4164e+00 2.8335e+02 
1764.658813 8.3714e+00 2.8323e+02 
1765.140961 8.3473e+00 2.8319e+02 
1765.623108 8.3327e+00 2.8318e+02 
1766.105255 8.3105e+00 2.8315e+02 
1766.587402 8.3304e+00 2.8328e+02 
1767.069550 8.3615e+00 2.8345e+02 
1767.551697 8.3883e+00 2.8360e+02 
1768.033844 8.3972e+00 2.8368e+02 
1768.515991 8.3775e+00 2.8366e+02 
1768.998138 8.3314e+00 2.8354e+02 
1769.480286 8.3067e+00 2.8350e+02 
1769.962433 8.3026e+00 2.8353e+02 
1770.444580 8.3145e+00 2.8363e+02 
1770.926727 8.3158e+00 2.8369e+02 
1771.408875 8.3101e+00 2.8372e+02 
1771.891022 8.2911e+00 2.8369e+02 
1772.373169 8.2839e+00 2.8372e+02 
1772.855316 8.2696e+00 2.8372e+02 
1773.337463 8.2497e+00 2.8369e+02 
1773.819611 8.2182e+00 2.8362e+02 
1774.301758 8.1913e+00 2.8357e+02 
1774.783905 8.1716e+00 2.8355e+02 
1775.266052 8.1801e+00 2.8363e+02 
1775.748199 8.1718e+00 2.8365e+02 
1776.230347 8.1240e+00 2.8352e+02 
1776.712494 8.0575e+00 2.8331e+02 
1777.194641 8.0131e+00 2.8319e+02 
1777.676788 7.9914e+00 2.8315e+02 
1778.158936 8.0052e+00 2.8326e+02 
1778.641083 8.0384e+00 2.8344e+02 
1779.123230 8.0510e+00 2.8354e+02 
1779.605377 8.0236e+00 2.8348e+02 
1780.087524 8.0308e+00 2.8356e+02 
1780.569672 8.0452e+00 2.8367e+02 
1781.051819 8.0190e+00 2.8362e+02 
1781.533966 7.9751e+00 2.8350e+02 
1782.016113 7.9373e+00 2.8340e+02 
1782.498260 7.8550e+00 2.8313e+02 
1782.980408 7.8158e+00 2.8302e+02 
1783.462555 7.8419e+00 2.8318e+02 
1783.944702 7.8814e+00 2.8339e+02 
1784.426849 7.8956e+00 2.8349e+02 
1784.908997 7.9156e+00 2.8362e+02 
1785.391144 7.8596e+00 2.8345e+02 
1785.873291 7.7602e+00 2.8311e+02 
1786.355438 7.6819e+00 2.8284e+02 
1786.837585 7.6482e+00 2.8276e+02 
1787.319733 7.6323e+00 2.8274e+02 
1787.801880 7.6668e+00 2.8293e+02 
1788.284027 7.7264e+00 2.8323e+02 
1788.766174 7.7159e+00 2.8323e+02 
1789.248322 7.6926e+00 2.8319e+02 
1789.730469 7.7339e+00 2.8341e+02 
1790.212616 7.7587e+00 2.8356e+02 
1790.694763 7.7717e+00 2.8366e+02 
1791.176910 7.7625e+00 2.8368e+02 
1791.659058 7.7459e+00 2.8366e+02 
1792.141205 7.7384e+00 2.8368e+02 
1792.623352 7.7355e+00 2.8372e+02 
1793.105499 7.7145e+00 2.8369e+02 
1793.587646 7.6857e+00 2.8362e+02 
1794.069794 7.6471e+00 2.8352e+02 
1794.551941 7.6239e+00 2.8347e+02 
1795.034088 7.6245e+00 2.8353e+02 
1795.516235 7.6326e+00 2.8361e+02 
1795.998383 7.6289e+00 2.8365e+02 
1796.480530 7.6008e+00 2.8358e+02 
1796.962677 7.5510e+00 2.8343e+02 
1797.444824 7.4879e+00 2.8322e+02 
1797.926971 7.4674e+00 2.8319e+02 
1798.409119 7.4989e+00 2.8337e+02 
1798.891266 7.5278e+00 2.8354e+02 
1799.373413 7.5481e+00 2.8367e+02 
1799.855560 7.5333e+00 2.8366e+02 
1800.337708 7.4938e+00 2.8355e+02 
1800.819855 7.4516e+00 2.8343e+02 
1801.302002 7.2782e+00 2.8275e+02 
1801.784149 6.6871e+00 2.8021e+02 
1802.266296 5.7003e+00 2.7551e+02 
1802.748444 4.4162e+00 2.6829e+02 
