607.505493 7.9636e+01 2.4678e+02 
607.987640 9.7478e+01 2.6124e+02 
608.469788 1.0496e+02 2.6695e+02 
608.951935 1.1321e+02 2.7302e+02 
609.434082 1.1693e+02 2.7570e+02 
609.916229 1.1279e+02 2.7276e+02 
610.398376 1.1277e+02 2.7277e+02 
610.880524 1.1653e+02 2.7548e+02 
611.362671 1.1327e+02 2.7317e+02 
611.844818 1.1157e+02 2.7197e+02 
612.326965 1.1680e+02 2.7574e+02 
612.809113 1.2027e+02 2.7820e+02 
613.291260 1.1821e+02 2.7677e+02 
613.773407 1.1643e+02 2.7554e+02 
614.255554 1.1803e+02 2.7669e+02 
614.737701 1.1803e+02 2.7672e+02 
615.219849 1.1912e+02 2.7750e+02 
615.701996 1.2121e+02 2.7898e+02 
616.184143 1.2239e+02 2.7982e+02 
616.666290 1.2186e+02 2.7947e+02 
617.148438 1.2244e+02 2.7989e+02 
617.630585 1.2277e+02 2.8014e+02 
618.112732 1.2151e+02 2.7929e+02 
618.594879 1.1787e+02 2.7678e+02 
619.077026 1.1703e+02 2.7621e+02 
619.559174 1.1610e+02 2.7558e+02 
620.041321 1.1513e+02 2.7492e+02 
620.523468 1.1901e+02 2.7767e+02 
621.005615 1.1842e+02 2.7727e+02 
621.487762 1.1202e+02 2.7278e+02 
621.969910 1.1296e+02 2.7347e+02 
622.452057 1.1794e+02 2.7701e+02 
622.934204 1.1550e+02 2.7532e+02 
623.416351 1.1558e+02 2.7541e+02 
623.898499 1.1887e+02 2.7773e+02 
624.380646 1.1951e+02 2.7819e+02 
624.862793 1.2045e+02 2.7887e+02 
625.344940 1.2151e+02 2.7962e+02 
625.827087 1.2061e+02 2.7902e+02 
626.309235 1.2005e+02 2.7866e+02 
626.791382 1.1974e+02 2.7847e+02 
627.273529 1.1944e+02 2.7829e+02 
627.755676 1.1950e+02 2.7835e+02 
628.237823 1.1949e+02 2.7837e+02 
628.719971 1.1951e+02 2.7841e+02 
629.202118 1.1989e+02 2.7869e+02 
629.684265 1.1971e+02 2.7859e+02 
630.166412 1.1954e+02 2.7850e+02 
630.648560 1.2016e+02 2.7895e+02 
631.130707 1.2000e+02 2.7887e+02 
631.612854 1.1962e+02 2.7863e+02 
632.095001 1.2032e+02 2.7913e+02 
632.577148 1.2075e+02 2.7945e+02 
633.059296 1.2074e+02 2.7947e+02 
633.541443 1.2083e+02 2.7956e+02 
634.023590 1.2049e+02 2.7935e+02 
634.505737 1.1996e+02 2.7901e+02 
634.987885 1.2061e+02 2.7948e+02 
635.470032 1.2106e+02 2.7981e+02 
635.952179 1.2029e+02 2.7931e+02 
636.434326 1.2038e+02 2.7940e+02 
636.916473 1.2082e+02 2.7972e+02 
637.398621 1.2032e+02 2.7941e+02 
637.880768 1.2059e+02 2.7962e+02 
638.362915 1.2099e+02 2.7991e+02 
638.845062 1.2026e+02 2.7945e+02 
639.327209 1.2029e+02 2.7949e+02 
639.809357 1.2094e+02 2.7996e+02 
640.291504 1.2045e+02 2.7965e+02 
640.773651 1.2020e+02 2.7951e+02 
641.255798 1.2084e+02 2.7997e+02 
641.737946 1.2042e+02 2.7971e+02 
642.220093 1.2018e+02 2.7957e+02 
642.702240 1.2080e+02 2.8002e+02 
643.184387 1.2053e+02 2.7986e+02 
643.666534 1.2011e+02 2.7960e+02 
644.148682 1.2074e+02 2.8006e+02 
644.630829 1.2062e+02 2.8000e+02 
645.112976 1.2009e+02 2.7967e+02 
645.595123 1.2057e+02 2.8002e+02 
646.077271 1.2065e+02 2.8010e+02 
646.559418 1.2007e+02 2.7974e+02 
647.041565 1.2047e+02 2.8004e+02 
647.523712 1.2072e+02 2.8023e+02 
648.005859 1.2031e+02 2.7998e+02 
648.488007 1.2057e+02 2.8018e+02 
648.970154 1.2086e+02 2.8041e+02 
649.452301 1.2043e+02 2.8014e+02 
649.934448 1.2036e+02 2.8013e+02 
650.416595 1.2059e+02 2.8031e+02 
650.898743 1.2018e+02 2.8006e+02 
651.380890 1.2006e+02 2.8001e+02 
651.863037 1.2050e+02 2.8033e+02 
652.345184 1.2016e+02 2.8013e+02 
652.827332 1.1991e+02 2.7999e+02 
653.309479 1.2030e+02 2.8028e+02 
653.791626 1.2017e+02 2.8022e+02 
654.273773 1.1977e+02 2.7998e+02 
654.755920 1.2014e+02 2.8026e+02 
655.238068 1.2012e+02 2.8028e+02 
655.720215 1.1969e+02 2.8002e+02 
656.202362 1.1991e+02 2.8019e+02 
656.684509 1.2007e+02 2.8033e+02 
657.166656 1.1959e+02 2.8004e+02 
657.648804 1.1971e+02 2.8014e+02 
658.130951 1.1995e+02 2.8034e+02 
658.613098 1.1957e+02 2.8011e+02 
659.095245 1.1957e+02 2.8014e+02 
659.577393 1.1988e+02 2.8037e+02 
660.059540 1.1945e+02 2.8011e+02 
660.541687 1.1922e+02 2.8000e+02 
661.023834 1.1957e+02 2.8026e+02 
661.505981 1.1936e+02 2.8015e+02 
661.988129 1.1900e+02 2.7994e+02 
662.470276 1.1940e+02 2.8023e+02 
662.952423 1.1938e+02 2.8025e+02 
663.434570 1.1890e+02 2.7996e+02 
663.916718 1.1896e+02 2.8003e+02 
664.398865 1.1907e+02 2.8013e+02 
664.881012 1.1865e+02 2.7988e+02 
665.363159 1.1863e+02 2.7990e+02 
665.845306 1.1882e+02 2.8006e+02 
666.327454 1.1893e+02 2.8016e+02 
666.809601 1.1918e+02 2.8036e+02 
667.291748 1.1940e+02 2.8054e+02 
667.773895 1.1936e+02 2.8055e+02 
668.256042 1.1934e+02 2.8056e+02 
668.738190 1.1927e+02 2.8054e+02 
669.220337 1.1925e+02 2.8056e+02 
669.702484 1.1914e+02 2.8052e+02 
670.184631 1.1890e+02 2.8039e+02 
670.666779 1.1867e+02 2.8027e+02 
671.148926 1.1879e+02 2.8039e+02 
671.631073 1.1851e+02 2.8023e+02 
672.113220 1.1819e+02 2.8005e+02 
672.595367 1.1849e+02 2.8028e+02 
673.077515 1.1853e+02 2.8033e+02 
673.559662 1.1807e+02 2.8006e+02 
674.041809 1.1826e+02 2.8023e+02 
674.523956 1.1846e+02 2.8038e+02 
675.006104 1.1804e+02 2.8014e+02 
675.488251 1.1800e+02 2.8015e+02 
675.970398 1.1835e+02 2.8041e+02 
676.452545 1.1802e+02 2.8023e+02 
676.934692 1.1780e+02 2.8011e+02 
677.416840 1.1813e+02 2.8036e+02 
677.898987 1.1804e+02 2.8033e+02 
678.381134 1.1763e+02 2.8010e+02 
678.863281 1.1791e+02 2.8032e+02 
679.345428 1.1797e+02 2.8039e+02 
679.827576 1.1753e+02 2.8013e+02 
680.309723 1.1756e+02 2.8018e+02 
680.791870 1.1786e+02 2.8042e+02 
681.274017 1.1745e+02 2.8018e+02 
681.756165 1.1728e+02 2.8010e+02 
682.238312 1.1763e+02 2.8036e+02 
682.720459 1.1744e+02 2.8027e+02 
683.202606 1.1702e+02 2.8003e+02 
683.684753 1.1734e+02 2.8028e+02 
684.166901 1.1737e+02 2.8033e+02 
684.649048 1.1688e+02 2.8003e+02 
685.131195 1.1696e+02 2.8013e+02 
685.613342 1.1727e+02 2.8036e+02 
686.095490 1.1677e+02 2.8007e+02 
686.577637 1.1662e+02 2.8000e+02 
687.059784 1.1703e+02 2.8031e+02 
687.541931 1.1691e+02 2.8026e+02 
688.024078 1.1652e+02 2.8004e+02 
688.506226 1.1677e+02 2.8024e+02 
688.988373 1.1682e+02 2.8030e+02 
689.470520 1.1624e+02 2.7996e+02 
689.952667 1.1631e+02 2.8004e+02 
690.434814 1.1661e+02 2.8027e+02 
690.916962 1.1598e+02 2.7989e+02 
691.399109 1.1580e+02 2.7981e+02 
691.881256 1.1632e+02 2.8018e+02 
692.363403 1.1597e+02 2.7999e+02 
692.845551 1.1540e+02 2.7965e+02 
693.327698 1.1592e+02 2.8003e+02 
693.809845 1.1608e+02 2.8017e+02 
694.291992 1.1538e+02 2.7974e+02 
694.774139 1.1540e+02 2.7979e+02 
695.256287 1.1582e+02 2.8010e+02 
695.738434 1.1516e+02 2.7971e+02 
696.220581 1.1499e+02 2.7963e+02 
696.702728 1.1554e+02 2.8003e+02 
697.184875 1.1518e+02 2.7983e+02 
697.667023 1.1473e+02 2.7956e+02 
698.149170 1.1525e+02 2.7994e+02 
698.631317 1.1507e+02 2.7986e+02 
699.113464 1.1411e+02 2.7926e+02 
699.595612 1.1413e+02 2.7932e+02 
700.077759 1.1476e+02 2.7977e+02 
700.559906 1.1408e+02 2.7936e+02 
701.042053 1.1359e+02 2.7907e+02 
701.524200 1.1416e+02 2.7948e+02 
702.006348 1.1400e+02 2.7942e+02 
702.488495 1.1323e+02 2.7894e+02 
702.970642 1.1356e+02 2.7919e+02 
703.452789 1.1397e+02 2.7950e+02 
703.934937 1.1327e+02 2.7908e+02 
704.417084 1.1286e+02 2.7884e+02 
704.899231 1.1366e+02 2.7941e+02 
705.381378 1.1381e+02 2.7955e+02 
705.863525 1.1278e+02 2.7890e+02 
706.345673 1.1258e+02 2.7881e+02 
706.827820 1.1272e+02 2.7894e+02 
707.309967 1.1248e+02 2.7882e+02 
707.792114 1.1228e+02 2.7872e+02 
708.274261 1.1203e+02 2.7860e+02 
708.756409 1.1155e+02 2.7832e+02 
709.238556 1.1105e+02 2.7802e+02 
709.720703 1.1122e+02 2.7818e+02 
710.202850 1.1120e+02 2.7820e+02 
710.684998 1.1039e+02 2.7770e+02 
711.167145 1.1012e+02 2.7756e+02 
711.649292 1.1074e+02 2.7801e+02 
712.131439 1.0950e+02 2.7723e+02 
712.613586 1.0751e+02 2.7593e+02 
713.095734 1.0975e+02 2.7747e+02 
713.577881 1.1105e+02 2.7837e+02 
714.060028 1.0674e+02 2.7553e+02 
714.542175 1.0602e+02 2.7508e+02 
715.024323 1.0896e+02 2.7710e+02 
715.506470 1.0397e+02 2.7376e+02 
715.988617 9.9980e+01 2.7105e+02 
716.470764 1.0643e+02 2.7552e+02 
716.952911 1.0679e+02 2.7580e+02 
717.435059 1.0275e+02 2.7310e+02 
717.917206 1.0607e+02 2.7540e+02 
718.399353 1.1003e+02 2.7809e+02 
718.881500 1.1077e+02 2.7862e+02 
719.363647 1.1181e+02 2.7934e+02 
719.845795 1.1258e+02 2.7989e+02 
720.327942 1.1309e+02 2.8026e+02 
720.810089 1.1196e+02 2.7956e+02 
721.292236 1.0816e+02 2.7709e+02 
721.774384 1.0182e+02 2.7283e+02 
722.256531 9.7292e+01 2.6972e+02 
722.738678 8.9545e+01 2.6419e+02 
723.220825 8.6038e+01 2.6163e+02 
723.702972 9.4433e+01 2.6782e+02 
724.185120 9.1215e+01 2.6554e+02 
724.667267 8.2615e+01 2.5917e+02 
725.149414 9.3664e+01 2.6740e+02 
725.631561 9.5653e+01 2.6886e+02 
726.113708 8.4167e+01 2.6049e+02 
726.595856 9.1782e+01 2.6618e+02 
727.078003 1.0011e+02 2.7211e+02 
727.560150 8.8215e+01 2.6366e+02 
728.042297 9.0120e+01 2.6510e+02 
728.524445 1.0364e+02 2.7466e+02 
729.006592 1.0642e+02 2.7657e+02 
729.488739 1.0425e+02 2.7515e+02 
729.970886 1.0521e+02 2.7585e+02 
730.453033 1.0641e+02 2.7670e+02 
730.935181 1.0562e+02 2.7621e+02 
731.417328 1.0586e+02 2.7641e+02 
731.899475 1.0031e+02 2.7268e+02 
732.381622 8.9962e+01 2.6539e+02 
732.863770 9.6121e+01 2.6985e+02 
733.345917 1.0080e+02 2.7315e+02 
733.828064 8.9948e+01 2.6552e+02 
734.310211 9.3382e+01 2.6804e+02 
734.792358 1.0068e+02 2.7320e+02 
735.274506 9.0818e+01 2.6629e+02 
735.756653 9.0685e+01 2.6623e+02 
736.238800 1.0009e+02 2.7292e+02 
736.720947 9.1882e+01 2.6719e+02 
737.203094 8.8981e+01 2.6513e+02 
737.685242 9.8995e+01 2.7229e+02 
738.167389 9.3562e+01 2.6853e+02 
738.649536 8.7593e+01 2.6425e+02 
739.131683 9.7848e+01 2.7163e+02 
739.613831 9.7575e+01 2.7148e+02 
740.095978 9.6272e+01 2.7062e+02 
740.578125 1.0496e+02 2.7661e+02 
741.060272 1.0689e+02 2.7794e+02 
741.542419 1.0463e+02 2.7647e+02 
742.024567 1.0254e+02 2.7511e+02 
742.506714 9.5871e+01 2.7056e+02 
742.988861 7.7621e+01 2.5710e+02 
743.471008 8.4447e+01 2.6238e+02 
743.953156 9.9315e+01 2.7309e+02 
744.435303 9.7693e+01 2.7201e+02 
744.917450 1.0059e+02 2.7405e+02 
745.399597 9.3198e+01 2.6895e+02 
745.881744 6.8293e+01 2.4983e+02 
746.363892 6.9853e+01 2.5118e+02 
746.846039 8.5760e+01 2.6369e+02 
747.328186 6.9025e+01 2.5059e+02 
747.810333 7.0920e+01 2.5221e+02 
748.292480 9.1181e+01 2.6778e+02 
748.774628 7.5014e+01 2.5563e+02 
749.256775 6.2619e+01 2.4531e+02 
749.738922 7.9494e+01 2.5924e+02 
750.221069 6.6493e+01 2.4876e+02 
750.703217 5.4697e+01 2.3822e+02 
751.185364 7.4529e+01 2.5549e+02 
751.667511 7.2154e+01 2.5362e+02 
752.149658 6.9566e+01 2.5155e+02 
752.631805 8.0968e+01 2.6066e+02 
753.113953 7.0067e+01 2.5206e+02 
753.596100 6.9037e+01 2.5126e+02 
754.078247 9.0731e+01 2.6801e+02 
754.560394 9.3366e+01 2.6994e+02 
755.042542 6.7595e+01 2.5021e+02 
755.524689 6.4412e+01 2.4754e+02 
756.006836 6.9883e+01 2.5221e+02 
756.488983 4.6597e+01 2.3082e+02 
756.971130 5.4002e+01 2.3825e+02 
757.453278 6.0092e+01 2.4394e+02 
757.935425 3.8141e+01 2.2166e+02 
758.417572 4.0293e+01 2.2420e+02 
758.899719 5.1656e+01 2.3620e+02 
759.381866 3.4860e+01 2.1787e+02 
759.864014 3.6215e+01 2.1959e+02 
760.346161 5.1236e+01 2.3595e+02 
760.828308 3.8063e+01 2.2190e+02 
761.310455 3.3162e+01 2.1596e+02 
761.792603 4.4606e+01 2.2932e+02 
762.274750 3.2504e+01 2.1523e+02 
762.756897 2.8100e+01 2.0934e+02 
763.239044 3.8873e+01 2.2312e+02 
763.721191 3.1539e+01 2.1415e+02 
764.203339 2.5838e+01 2.0623e+02 
764.685486 3.5961e+01 2.1984e+02 
765.167633 3.0855e+01 2.1341e+02 
765.649780 2.4656e+01 2.0462e+02 
766.131927 3.1952e+01 2.1497e+02 
766.614075 3.0883e+01 2.1362e+02 
767.096222 3.1334e+01 2.1427e+02 
767.578369 3.5531e+01 2.1965e+02 
768.060516 3.1010e+01 2.1396e+02 
768.542664 4.1753e+01 2.2699e+02 
769.024811 5.5059e+01 2.4059e+02 
769.506958 4.5806e+01 2.3147e+02 
769.989105 5.0942e+01 2.3674e+02 
770.471252 4.0624e+01 2.2596e+02 
770.953400 2.7853e+01 2.0996e+02 
771.435547 2.5856e+01 2.0712e+02 
771.917694 2.2722e+01 2.0232e+02 
772.399841 2.4261e+01 2.0481e+02 
772.881989 2.3584e+01 2.0381e+02 
773.364136 2.2119e+01 2.0151e+02 
773.846283 2.3263e+01 2.0342e+02 
774.328430 2.5805e+01 2.0739e+02 
774.810577 2.9380e+01 2.1255e+02 
775.292725 5.4702e+01 2.4095e+02 
775.774872 5.8715e+01 2.4470e+02 
776.257019 4.2478e+01 2.2868e+02 
776.739166 6.3454e+01 2.4900e+02 
777.221313 6.4063e+01 2.4957e+02 
777.703461 3.3588e+01 2.1843e+02 
778.185608 2.4105e+01 2.0526e+02 
778.667755 3.0964e+01 2.1515e+02 
779.149902 5.1128e+01 2.3795e+02 
779.632050 4.1384e+01 2.2786e+02 
780.114197 2.4188e+01 2.0562e+02 
780.596344 2.2026e+01 2.0222e+02 
781.078491 2.0014e+01 1.9887e+02 
781.560638 2.0325e+01 1.9947e+02 
782.042786 2.1963e+01 2.0229e+02 
782.524933 2.1511e+01 2.0160e+02 
783.007080 2.3001e+01 2.0410e+02 
783.489227 3.1424e+01 2.1632e+02 
783.971375 5.7268e+01 2.4429e+02 
784.453522 8.0468e+01 2.6352e+02 
784.935669 5.8126e+01 2.4518e+02 
785.417816 3.0845e+01 2.1578e+02 
785.899963 2.2249e+01 2.0323e+02 
786.382111 2.0350e+01 2.0009e+02 
786.864258 2.0130e+01 1.9976e+02 
787.346405 1.8984e+01 1.9778e+02 
787.828552 1.9185e+01 1.9820e+02 
788.310699 1.8480e+01 1.9698e+02 
788.792847 1.8026e+01 1.9619e+02 
789.274994 1.7316e+01 1.9490e+02 
789.757141 1.8227e+01 1.9668e+02 
790.239288 1.7682e+01 1.9571e+02 
790.721436 1.9195e+01 1.9857e+02 
791.203583 3.4780e+01 2.2150e+02 
791.685730 5.9400e+01 2.4708e+02 
792.167877 4.9557e+01 2.3787e+02 
792.650024 3.1823e+01 2.1792e+02 
793.132172 2.8480e+01 2.1348e+02 
793.614319 4.9356e+01 2.3784e+02 
794.096466 5.4226e+01 2.4260e+02 
794.578613 3.2784e+01 2.1939e+02 
795.060760 3.5502e+01 2.2283e+02 
795.542908 6.5609e+01 2.5289e+02 
796.025055 7.7584e+01 2.6255e+02 
796.507202 4.9056e+01 2.3787e+02 
796.989349 3.8282e+01 2.2636e+02 
797.471497 4.9821e+01 2.3874e+02 
797.953644 6.0454e+01 2.4871e+02 
798.435791 8.2437e+01 2.6645e+02 
798.917938 7.9996e+01 2.6468e+02 
799.400085 4.4385e+01 2.3340e+02 
799.882233 2.6719e+01 2.1178e+02 
800.364380 2.1407e+01 2.0357e+02 
800.846527 1.9025e+01 1.9948e+02 
801.328674 2.0259e+01 2.0172e+02 
801.810822 2.0575e+01 2.0233e+02 
802.292969 2.2234e+01 2.0516e+02 
802.775116 4.4487e+01 2.3390e+02 
803.257263 6.5913e+01 2.5399e+02 
803.739410 5.2130e+01 2.4170e+02 
804.221558 2.6071e+01 2.1134e+02 
804.703705 2.0337e+01 2.0226e+02 
805.185852 1.7417e+01 1.9700e+02 
805.667999 2.0449e+01 2.0257e+02 
806.150146 2.4683e+01 2.0949e+02 
806.632294 2.0499e+01 2.0277e+02 
807.114441 1.7324e+01 1.9706e+02 
807.596588 2.8110e+01 2.1468e+02 
808.078735 5.1736e+01 2.4182e+02 
808.560883 4.1257e+01 2.3108e+02 
809.043030 2.0998e+01 2.0392e+02 
809.525177 1.8228e+01 1.9906e+02 
810.007324 1.4867e+01 1.9243e+02 
810.489471 1.6059e+01 1.9497e+02 
810.971619 1.6524e+01 1.9596e+02 
811.453766 1.5562e+01 1.9407e+02 
811.935913 1.4655e+01 1.9221e+02 
812.418060 1.7166e+01 1.9739e+02 
812.900208 1.6203e+01 1.9555e+02 
813.382355 2.7000e+01 2.1379e+02 
813.864502 4.5913e+01 2.3667e+02 
814.346649 4.9880e+01 2.4073e+02 
814.828796 3.4154e+01 2.2351e+02 
815.310944 1.8795e+01 2.0080e+02 
815.793091 1.6485e+01 1.9646e+02 
816.275238 1.4824e+01 1.9310e+02 
816.757385 1.5231e+01 1.9401e+02 
817.239532 1.4843e+01 1.9325e+02 
817.721680 1.3975e+01 1.9142e+02 
818.203827 1.3688e+01 1.9083e+02 
818.685974 1.4511e+01 1.9271e+02 
819.168121 1.3690e+01 1.9095e+02 
819.650269 1.3475e+01 1.9052e+02 
820.132416 1.3916e+01 1.9158e+02 
820.614563 1.3728e+01 1.9121e+02 
821.096710 1.3149e+01 1.8995e+02 
821.578857 1.3540e+01 1.9090e+02 
822.061005 1.3660e+01 1.9123e+02 
822.543152 1.3509e+01 1.9095e+02 
823.025299 1.3565e+01 1.9113e+02 
823.507446 1.3416e+01 1.9085e+02 
823.989594 1.3144e+01 1.9028e+02 
824.471741 1.6025e+01 1.9658e+02 
824.953888 2.7932e+01 2.1650e+02 
825.436035 2.6650e+01 2.1473e+02 
825.918182 1.4802e+01 1.9421e+02 
826.400330 1.4634e+01 1.9390e+02 
826.882477 1.9991e+01 2.0433e+02 
827.364624 3.6222e+01 2.2751e+02 
827.846771 3.8663e+01 2.3042e+02 
828.328918 2.0418e+01 2.0524e+02 
828.811066 1.3440e+01 1.9154e+02 
829.293213 1.2882e+01 1.9031e+02 
829.775360 1.2573e+01 1.8963e+02 
830.257507 1.2421e+01 1.8933e+02 
830.739655 1.2356e+01 1.8923e+02 
831.221802 1.2248e+01 1.8902e+02 
831.703949 1.2017e+01 1.8851e+02 
832.186096 1.2088e+01 1.8874e+02 
832.668243 1.2078e+01 1.8878e+02 
833.150391 1.2079e+01 1.8884e+02 
833.632538 1.1836e+01 1.8829e+02 
834.114685 1.2015e+01 1.8880e+02 
834.596832 1.1933e+01 1.8865e+02 
835.078979 1.4244e+01 1.9410e+02 
835.561127 1.6913e+01 1.9968e+02 
836.043274 1.3992e+01 1.9365e+02 
836.525421 1.1797e+01 1.8854e+02 
837.007568 1.1939e+01 1.8896e+02 
837.489716 1.1874e+01 1.8885e+02 
837.971863 1.2525e+01 1.9050e+02 
838.454010 1.2203e+01 1.8978e+02 
838.936157 1.2913e+01 1.9154e+02 
839.418304 2.4602e+01 2.1335e+02 
839.900452 4.2997e+01 2.3664e+02 
840.382599 2.9579e+01 2.2062e+02 
840.864746 1.5038e+01 1.9650e+02 
841.346893 1.4810e+01 1.9608e+02 
841.829041 1.9318e+01 2.0493e+02 
842.311188 1.5985e+01 1.9864e+02 
842.793335 1.2375e+01 1.9071e+02 
843.275482 1.1999e+01 1.8985e+02 
843.757629 1.2102e+01 1.9016e+02 
844.239777 1.1990e+01 1.8995e+02 
844.721924 1.2195e+01 1.9051e+02 
845.204071 1.2173e+01 1.9051e+02 
845.686218 1.2709e+01 1.9186e+02 
846.168365 1.2350e+01 1.9106e+02 
846.650513 1.2502e+01 1.9148e+02 
847.132660 1.2199e+01 1.9081e+02 
847.614807 1.2660e+01 1.9198e+02 
848.096954 1.2397e+01 1.9140e+02 
848.579102 1.3421e+01 1.9387e+02 
849.061249 2.3473e+01 2.1276e+02 
849.543396 4.1123e+01 2.3574e+02 
850.025543 2.7703e+01 2.1918e+02 
850.507690 1.4605e+01 1.9673e+02 
850.989838 1.3538e+01 1.9442e+02 
851.471985 1.5492e+01 1.9873e+02 
851.954132 3.1035e+01 2.2394e+02 
852.436279 5.8385e+01 2.5303e+02 
852.918427 5.0521e+01 2.4581e+02 
853.400574 2.7899e+01 2.1986e+02 
853.882721 2.1463e+01 2.1009e+02 
854.364868 3.8946e+01 2.3387e+02 
854.847015 3.7408e+01 2.3216e+02 
855.329163 1.6531e+01 2.0130e+02 
855.811310 1.2056e+01 1.9149e+02 
856.293457 1.0885e+01 1.8856e+02 
856.775604 1.1113e+01 1.8922e+02 
857.257751 1.0380e+01 1.8732e+02 
857.739899 1.0884e+01 1.8873e+02 
858.222046 1.2616e+01 1.9314e+02 
858.704193 1.3905e+01 1.9618e+02 
859.186340 1.1241e+01 1.8984e+02 
859.668488 1.1962e+01 1.9172e+02 
860.150635 1.0533e+01 1.8808e+02 
860.632782 1.0310e+01 1.8753e+02 
861.114929 9.8618e+00 1.8633e+02 
861.597076 1.0188e+01 1.8730e+02 
862.079224 9.8493e+00 1.8641e+02 
862.561371 1.0249e+01 1.8759e+02 
863.043518 9.8506e+00 1.8653e+02 
863.525665 1.0219e+01 1.8762e+02 
864.007813 1.0128e+01 1.8742e+02 
864.489960 1.3822e+01 1.9668e+02 
864.972107 2.4306e+01 2.1597e+02 
865.454254 2.9103e+01 2.2297e+02 
865.936401 1.6514e+01 2.0254e+02 
866.418549 1.0356e+01 1.8834e+02 
866.900696 9.8115e+00 1.8687e+02 
867.382843 9.9808e+00 1.8741e+02 
867.864990 9.7566e+00 1.8683e+02 
868.347137 9.9327e+00 1.8739e+02 
868.829285 9.6108e+00 1.8653e+02 
869.311432 9.9207e+00 1.8747e+02 
869.793579 9.8214e+00 1.8725e+02 
870.275726 1.0753e+01 1.8987e+02 
870.757874 2.0728e+01 2.1087e+02 
871.240021 3.5708e+01 2.3210e+02 
871.722168 2.2246e+01 2.1352e+02 
872.204315 1.0920e+01 1.9055e+02 
872.686462 9.8486e+00 1.8767e+02 
873.168610 9.6610e+00 1.8719e+02 
873.650757 9.4255e+00 1.8656e+02 
874.132904 9.4606e+00 1.8672e+02 
874.615051 9.3428e+00 1.8643e+02 
875.097198 9.3987e+00 1.8665e+02 
875.579346 9.5608e+00 1.8718e+02 
876.061493 9.7490e+00 1.8778e+02 
876.543640 9.5187e+00 1.8718e+02 
877.025787 9.5423e+00 1.8730e+02 
877.507935 9.6930e+00 1.8779e+02 
877.990082 1.5777e+01 2.0250e+02 
878.472229 2.7592e+01 2.2243e+02 
878.954376 2.0082e+01 2.1074e+02 
879.436523 1.0119e+01 1.8923e+02 
879.918671 9.6336e+00 1.8791e+02 
880.400818 1.0077e+01 1.8923e+02 
880.882965 1.4785e+01 2.0076e+02 
881.365112 1.3751e+01 1.9854e+02 
881.847260 9.9409e+00 1.8902e+02 
882.329407 9.5091e+00 1.8783e+02 
882.811554 1.1870e+01 1.9425e+02 
883.293701 1.6898e+01 2.0538e+02 
883.775848 2.4620e+01 2.1871e+02 
884.257996 1.7808e+01 2.0725e+02 
884.740143 9.7063e+00 1.8869e+02 
885.222290 9.4982e+00 1.8814e+02 
885.704437 9.2559e+00 1.8749e+02 
886.186584 1.0040e+01 1.8981e+02 
886.668732 1.8298e+01 2.0846e+02 
887.150879 3.4790e+01 2.3289e+02 
887.633026 2.4129e+01 2.1842e+02 
888.115173 1.4175e+01 2.0030e+02 
888.597321 1.8661e+01 2.0936e+02 
889.079468 1.3481e+01 1.9885e+02 
889.561615 1.0411e+01 1.9124e+02 
890.043762 1.2631e+01 1.9698e+02 
890.525909 1.1060e+01 1.9310e+02 
891.008057 1.2443e+01 1.9664e+02 
891.490204 1.3211e+01 1.9852e+02 
891.972351 9.3218e+00 1.8842e+02 
892.454498 8.6757e+00 1.8652e+02 
892.936646 8.3559e+00 1.8556e+02 
893.418793 8.5528e+00 1.8624e+02 
893.900940 8.2189e+00 1.8523e+02 
894.383087 8.4422e+00 1.8601e+02 
894.865234 8.2278e+00 1.8538e+02 
895.347382 8.5153e+00 1.8635e+02 
895.829529 8.5833e+00 1.8663e+02 
896.311676 9.2296e+00 1.8866e+02 
896.793823 8.7047e+00 1.8712e+02 
897.275970 9.3795e+00 1.8922e+02 
897.758118 1.0219e+01 1.9169e+02 
898.240265 8.9777e+00 1.8813e+02 
898.722412 8.0559e+00 1.8527e+02 
899.204559 8.0958e+00 1.8546e+02 
899.686707 7.8518e+00 1.8470e+02 
900.168854 8.0618e+00 1.8546e+02 
900.651001 7.8911e+00 1.8495e+02 
901.133148 7.9883e+00 1.8533e+02 
901.615295 7.7734e+00 1.8467e+02 
902.097443 8.2082e+00 1.8616e+02 
902.579590 8.1032e+00 1.8588e+02 
903.061737 8.1230e+00 1.8600e+02 
903.543884 7.7475e+00 1.8481e+02 
904.026031 8.0864e+00 1.8599e+02 
904.508179 7.7861e+00 1.8505e+02 
904.990326 8.4908e+00 1.8741e+02 
905.472473 8.9871e+00 1.8901e+02 
905.954620 1.3380e+01 2.0064e+02 
906.436768 1.4853e+01 2.0397e+02 
906.918915 1.0364e+01 1.9317e+02 
907.401062 8.4815e+00 1.8767e+02 
907.883209 9.3713e+00 1.9045e+02 
908.365356 1.6695e+01 2.0799e+02 
908.847504 3.4094e+01 2.3463e+02 
909.329651 2.5747e+01 2.2347e+02 
909.811798 1.1258e+01 1.9591e+02 
910.293945 1.0800e+01 1.9476e+02 
910.776093 9.3277e+00 1.9066e+02 
911.258240 8.6581e+00 1.8868e+02 
911.740387 8.0712e+00 1.8685e+02 
912.222534 8.4055e+00 1.8799e+02 
912.704681 7.9877e+00 1.8669e+02 
913.186829 8.5326e+00 1.8851e+02 
913.668976 1.0723e+01 1.9495e+02 
914.151123 1.1928e+01 1.9813e+02 
914.633270 8.8769e+00 1.8976e+02 
915.115417 8.4745e+00 1.8855e+02 
915.597565 7.8909e+00 1.8670e+02 
916.079712 8.3141e+00 1.8815e+02 
916.561859 7.9211e+00 1.8692e+02 
917.044006 8.2807e+00 1.8816e+02 
917.526154 7.7399e+00 1.8642e+02 
918.008301 1.0170e+01 1.9395e+02 
918.490448 1.2429e+01 1.9988e+02 
918.972595 1.0035e+01 1.9368e+02 
919.454742 7.7640e+00 1.8673e+02 
919.936890 8.2869e+00 1.8852e+02 
920.419037 7.8076e+00 1.8699e+02 
920.901184 1.0134e+01 1.9419e+02 
921.383331 1.3643e+01 2.0308e+02 
921.865479 2.3494e+01 2.2155e+02 
922.347626 2.3500e+01 2.2161e+02 
922.829773 1.2706e+01 2.0107e+02 
923.311920 8.9987e+00 1.9115e+02 
923.794067 7.7969e+00 1.8735e+02 
924.276215 9.9353e+00 1.9402e+02 
924.758362 2.0557e+01 2.1707e+02 
925.240509 2.0851e+01 2.1763e+02 
925.722656 1.0188e+01 1.9491e+02 
926.204803 8.1121e+00 1.8868e+02 
926.686951 8.0368e+00 1.8849e+02 
927.169098 8.7002e+00 1.9068e+02 
927.651245 7.6951e+00 1.8745e+02 
928.133392 8.0969e+00 1.8886e+02 
928.615540 9.5705e+00 1.9348e+02 
929.097687 1.0355e+01 1.9577e+02 
929.579834 8.0918e+00 1.8901e+02 
930.061981 7.8099e+00 1.8813e+02 
930.544128 8.0577e+00 1.8901e+02 
931.026276 8.9464e+00 1.9190e+02 
931.508423 7.8290e+00 1.8836e+02 
931.990570 7.5688e+00 1.8753e+02 
932.472717 7.7839e+00 1.8832e+02 
932.954865 8.6292e+00 1.9114e+02 
933.437012 7.3810e+00 1.8704e+02 
933.919159 6.8165e+00 1.8505e+02 
934.401306 7.3003e+00 1.8687e+02 
934.883453 8.5597e+00 1.9115e+02 
935.365601 7.2815e+00 1.8691e+02 
935.847748 6.4925e+00 1.8404e+02 
936.329895 7.2824e+00 1.8703e+02 
936.812042 8.7388e+00 1.9194e+02 
937.294189 7.5543e+00 1.8810e+02 
937.776337 6.5821e+00 1.8461e+02 
938.258484 7.5113e+00 1.8806e+02 
938.740631 8.7665e+00 1.9225e+02 
939.222778 6.9931e+00 1.8632e+02 
939.704926 6.3431e+00 1.8390e+02 
940.187073 8.1102e+00 1.9031e+02 
940.669220 1.0857e+01 1.9851e+02 
941.151367 9.7407e+00 1.9546e+02 
941.633514 7.2102e+00 1.8739e+02 
942.115662 8.5079e+00 1.9183e+02 
942.597809 8.7851e+00 1.9276e+02 
943.079956 6.4265e+00 1.8462e+02 
943.562103 6.9177e+00 1.8654e+02 
944.044250 9.6113e+00 1.9542e+02 
944.526398 1.0525e+01 1.9806e+02 
945.008545 8.7697e+00 1.9299e+02 
945.490692 8.1644e+00 1.9111e+02 
945.972839 9.7933e+00 1.9618e+02 
946.454987 8.6510e+00 1.9279e+02 
946.937134 7.4650e+00 1.8891e+02 
947.419281 1.0353e+01 1.9793e+02 
947.901428 2.3108e+01 2.2406e+02 
948.383575 2.7612e+01 2.3086e+02 
948.865723 1.2997e+01 2.0485e+02 
949.347870 1.0127e+01 1.9753e+02 
949.830017 8.3057e+00 1.9208e+02 
950.312164 6.4280e+00 1.8546e+02 
950.794312 7.5694e+00 1.8972e+02 
951.276459 9.3695e+00 1.9556e+02 
951.758606 6.5368e+00 1.8605e+02 
952.240753 6.4670e+00 1.8584e+02 
952.722900 9.6348e+00 1.9651e+02 
953.205048 1.4352e+01 2.0846e+02 
953.687195 1.0836e+01 1.9999e+02 
954.169342 8.4601e+00 1.9309e+02 
954.651489 1.0101e+01 1.9808e+02 
955.133636 1.3689e+01 2.0720e+02 
955.615784 1.3233e+01 2.0621e+02 
956.097931 9.4391e+00 1.9633e+02 
956.580078 6.7255e+00 1.8734e+02 
957.062225 5.5779e+00 1.8274e+02 
957.544373 6.5674e+00 1.8684e+02 
958.026520 6.5896e+00 1.8698e+02 
958.508667 5.7664e+00 1.8372e+02 
958.990814 7.3943e+00 1.9006e+02 
959.472961 8.6224e+00 1.9423e+02 
959.955109 7.1120e+00 1.8916e+02 
960.437256 5.7894e+00 1.8404e+02 
960.919403 5.6761e+00 1.8361e+02 
961.401550 5.7601e+00 1.8402e+02 
961.883698 6.0630e+00 1.8534e+02 
962.365845 5.4262e+00 1.8268e+02 
962.847992 5.7950e+00 1.8434e+02 
963.330139 6.2807e+00 1.8639e+02 
963.812286 5.5923e+00 1.8358e+02 
964.294434 5.9739e+00 1.8525e+02 
964.776581 7.2129e+00 1.9009e+02 
965.258728 6.4097e+00 1.8712e+02 
965.740875 8.0065e+00 1.9295e+02 
966.223022 9.6426e+00 1.9812e+02 
966.705170 9.4786e+00 1.9770e+02 
967.187317 8.7801e+00 1.9563e+02 
967.669464 8.5567e+00 1.9498e+02 
968.151611 6.7283e+00 1.8869e+02 
968.633759 6.3389e+00 1.8723e+02 
969.115906 8.4721e+00 1.9487e+02 
969.598053 6.6277e+00 1.8847e+02 
970.080200 7.2481e+00 1.9083e+02 
970.562347 9.7930e+00 1.9907e+02 
971.044495 1.0414e+01 2.0088e+02 
971.526642 1.3070e+01 2.0772e+02 
972.008789 1.1050e+01 2.0272e+02 
972.490936 6.8344e+00 1.8959e+02 
972.973083 9.4041e+00 1.9821e+02 
973.455231 1.4742e+01 2.1173e+02 
973.937378 1.3240e+01 2.0840e+02 
974.419525 1.0572e+01 2.0172e+02 
974.901672 7.9540e+00 1.9385e+02 
975.383820 9.4509e+00 1.9863e+02 
975.865967 1.7509e+01 2.1766e+02 
976.348114 1.2407e+01 2.0669e+02 
976.830261 8.4823e+00 1.9581e+02 
977.312408 1.2685e+01 2.0748e+02 
977.794556 9.2082e+00 1.9819e+02 
978.276703 7.7497e+00 1.9354e+02 
978.758850 7.3152e+00 1.9208e+02 
979.240997 6.3923e+00 1.8867e+02 
979.723145 7.2329e+00 1.9189e+02 
980.205292 6.0779e+00 1.8751e+02 
980.687439 6.6844e+00 1.8997e+02 
981.169586 7.1553e+00 1.9178e+02 
981.651733 6.8190e+00 1.9059e+02 
982.133881 7.2143e+00 1.9211e+02 
982.616028 5.8584e+00 1.8688e+02 
983.098175 6.2673e+00 1.8861e+02 
983.580322 6.4887e+00 1.8955e+02 
984.062469 7.3458e+00 1.9280e+02 
984.544617 6.8630e+00 1.9109e+02 
985.026764 5.6080e+00 1.8608e+02 
985.508911 5.7887e+00 1.8691e+02 
985.991058 5.5622e+00 1.8599e+02 
986.473206 5.7516e+00 1.8687e+02 
986.955353 5.5537e+00 1.8606e+02 
987.437500 5.7152e+00 1.8682e+02 
987.919647 5.4743e+00 1.8582e+02 
988.401794 5.3674e+00 1.8540e+02 
988.883942 5.7196e+00 1.8701e+02 
989.366089 5.5783e+00 1.8645e+02 
989.848236 5.8393e+00 1.8763e+02 
990.330383 6.0337e+00 1.8849e+02 
990.812531 5.4358e+00 1.8598e+02 
991.294678 5.4704e+00 1.8619e+02 
991.776825 5.9172e+00 1.8818e+02 
992.258972 5.6865e+00 1.8725e+02 
992.741119 5.9569e+00 1.8845e+02 
993.223267 5.8161e+00 1.8791e+02 
993.705414 5.4242e+00 1.8626e+02 
994.187561 6.2182e+00 1.8969e+02 
994.669708 6.3605e+00 1.9032e+02 
995.151855 6.0099e+00 1.8895e+02 
995.634003 6.4270e+00 1.9069e+02 
996.116150 5.7089e+00 1.8779e+02 
996.598297 5.9871e+00 1.8902e+02 
997.080444 6.7124e+00 1.9197e+02 
997.562592 6.4705e+00 1.9109e+02 
998.044739 7.1348e+00 1.9366e+02 
998.526886 9.2579e+00 2.0076e+02 
999.009033 9.5204e+00 2.0160e+02 
999.491180 8.0983e+00 1.9719e+02 
999.973328 9.2904e+00 2.0103e+02 
1000.455475 9.9903e+00 2.0314e+02 
1000.937622 8.1514e+00 1.9754e+02 
1001.419769 6.8549e+00 1.9301e+02 
1001.901917 7.6491e+00 1.9594e+02 
1002.384064 7.8629e+00 1.9673e+02 
1002.866211 7.7822e+00 1.9651e+02 
1003.348358 9.8578e+00 2.0310e+02 
1003.830505 1.0255e+01 2.0429e+02 
1004.312653 9.5538e+00 2.0232e+02 
1004.794800 9.3867e+00 2.0188e+02 
1005.276947 8.3659e+00 1.9875e+02 
1005.759094 8.8369e+00 2.0031e+02 
1006.241241 8.4819e+00 1.9923e+02 
1006.723389 9.1058e+00 2.0125e+02 
1007.205536 1.0277e+01 2.0475e+02 
1007.687683 9.6998e+00 2.0315e+02 
1008.169830 9.2354e+00 2.0182e+02 
1008.651978 9.2156e+00 2.0181e+02 
1009.134125 9.5689e+00 2.0293e+02 
1009.616272 1.4656e+01 2.1583e+02 
1010.098419 1.7960e+01 2.2260e+02 
1010.580566 1.7123e+01 2.2105e+02 
1011.062714 1.4902e+01 2.1654e+02 
1011.544861 1.1407e+01 2.0832e+02 
1012.027008 1.2003e+01 2.0990e+02 
1012.509155 1.0949e+01 2.0722e+02 
1012.991302 1.1184e+01 2.0790e+02 
1013.473450 1.1454e+01 2.0867e+02 
1013.955597 1.7046e+01 2.2130e+02 
1014.437744 2.6079e+01 2.3659e+02 
1014.919891 1.8548e+01 2.2428e+02 
1015.402039 1.2274e+01 2.1098e+02 
1015.884186 1.2322e+01 2.1116e+02 
1016.366333 1.3006e+01 2.1287e+02 
1016.848480 1.3742e+01 2.1465e+02 
1017.330627 1.6859e+01 2.2133e+02 
1017.812775 2.2165e+01 2.3093e+02 
1018.294922 1.7436e+01 2.2258e+02 
1018.777069 1.4770e+01 2.1717e+02 
1019.259216 1.3664e+01 2.1475e+02 
1019.741364 1.3836e+01 2.1520e+02 
1020.223511 1.4288e+01 2.1628e+02 
1020.705658 1.4778e+01 2.1741e+02 
1021.187805 1.4702e+01 2.1731e+02 
1021.669952 1.3979e+01 2.1576e+02 
1022.152100 1.4641e+01 2.1729e+02 
1022.634247 1.5077e+01 2.1829e+02 
1023.116394 1.5428e+01 2.1909e+02 
1023.598541 1.4360e+01 2.1684e+02 
1024.080688 1.4392e+01 2.1697e+02 
1024.562836 1.5239e+01 2.1886e+02 
1025.044983 1.5853e+01 2.2021e+02 
1025.527130 1.4950e+01 2.1836e+02 
1026.009277 1.4182e+01 2.1673e+02 
1026.491425 1.4997e+01 2.1858e+02 
1026.973572 1.6014e+01 2.2077e+02 
1027.455719 1.5889e+01 2.2057e+02 
1027.937866 1.8644e+01 2.2601e+02 
1028.420013 2.3023e+01 2.3359e+02 
1028.902161 2.0991e+01 2.3029e+02 
1029.384308 2.2883e+01 2.3348e+02 
1029.866455 2.0346e+01 2.2930e+02 
1030.348602 1.7027e+01 2.2321e+02 
1030.830750 1.7095e+01 2.2341e+02 
1031.312897 1.6279e+01 2.2183e+02 
1031.795044 1.5400e+01 2.2006e+02 
1032.277191 1.5702e+01 2.2075e+02 
1032.759338 1.6625e+01 2.2270e+02 
1033.241486 1.6167e+01 2.2183e+02 
1033.723633 1.4547e+01 2.1845e+02 
1034.205780 1.4512e+01 2.1843e+02 
1034.687927 1.6032e+01 2.2173e+02 
1035.170074 1.6438e+01 2.2261e+02 
1035.652222 1.5467e+01 2.2066e+02 
1036.134369 1.4972e+01 2.1966e+02 
1036.616516 1.5706e+01 2.2128e+02 
1037.098663 1.6683e+01 2.2333e+02 
1037.580811 1.7153e+01 2.2432e+02 
1038.062958 1.6768e+01 2.2362e+02 
1038.545105 1.7193e+01 2.2451e+02 
1039.027252 1.9623e+01 2.2911e+02 
1039.509399 2.2526e+01 2.3411e+02 
1039.991547 1.9093e+01 2.2827e+02 
1040.473694 1.7644e+01 2.2562e+02 
1040.955841 1.8735e+01 2.2773e+02 
1041.437988 1.8011e+01 2.2644e+02 
1041.920135 1.2499e+01 2.1466e+02 
1042.402283 9.8518e+00 2.0764e+02 
1042.884430 1.0116e+01 2.0846e+02 
1043.366577 8.5316e+00 2.0370e+02 
1043.848724 6.2184e+00 1.9538e+02 
1044.330872 8.0044e+00 2.0207e+02 
1044.813019 1.1833e+01 2.1333e+02 
1045.295166 1.1320e+01 2.1205e+02 
1045.777313 1.0665e+01 2.1034e+02 
1046.259460 1.3814e+01 2.1829e+02 
1046.741608 1.5907e+01 2.2290e+02 
1047.223755 1.5504e+01 2.2211e+02 
1047.705902 1.5935e+01 2.2307e+02 
1048.188049 1.7242e+01 2.2576e+02 
1048.670197 1.9158e+01 2.2943e+02 
1049.152344 2.2777e+01 2.3567e+02 
1049.634491 2.0120e+01 2.3126e+02 
1050.116638 1.9578e+01 2.3036e+02 
1050.598785 2.2848e+01 2.3596e+02 
1051.080933 2.2741e+01 2.3585e+02 
1051.563080 2.1279e+01 2.3349e+02 
1052.045227 2.1849e+01 2.3450e+02 
1052.527374 2.0427e+01 2.3214e+02 
1053.009521 1.8298e+01 2.2835e+02 
1053.491669 2.0677e+01 2.3269e+02 
1053.973816 2.1256e+01 2.3374e+02 
1054.455963 1.8727e+01 2.2933e+02 
1054.938110 2.0324e+01 2.3225e+02 
1055.420258 2.3934e+01 2.3826e+02 
1055.902405 2.2751e+01 2.3644e+02 
1056.384552 1.8755e+01 2.2961e+02 
1056.866699 1.7724e+01 2.2772e+02 
1057.348846 1.9475e+01 2.3103e+02 
1057.830994 1.6676e+01 2.2578e+02 
1058.313141 1.7770e+01 2.2798e+02 
1058.795288 1.8649e+01 2.2970e+02 
1059.277435 1.7361e+01 2.2730e+02 
1059.759583 1.9036e+01 2.3052e+02 
1060.241730 2.1407e+01 2.3474e+02 
1060.723877 1.6496e+01 2.2576e+02 
1061.206024 1.4348e+01 2.2126e+02 
1061.688171 1.3338e+01 2.1900e+02 
1062.170319 1.5940e+01 2.2479e+02 
1062.652466 1.7385e+01 2.2775e+02 
1063.134613 1.2927e+01 2.1819e+02 
1063.616760 1.0622e+01 2.1231e+02 
1064.098907 9.6697e+00 2.0963e+02 
1064.581055 9.7751e+00 2.1000e+02 
1065.063202 9.3978e+00 2.0893e+02 
1065.545349 1.5995e+01 2.2530e+02 
1066.027496 3.2008e+01 2.5089e+02 
1066.509644 2.5039e+01 2.4128e+02 
1066.991791 1.0242e+01 2.1163e+02 
1067.473938 8.4984e+00 2.0638e+02 
1067.956085 6.5861e+00 1.9961e+02 
1068.438232 6.3798e+00 1.9884e+02 
1068.920380 7.8239e+00 2.0428e+02 
1069.402527 6.2129e+00 1.9827e+02 
1069.884674 4.9380e+00 1.9263e+02 
1070.366821 7.5536e+00 2.0350e+02 
1070.848969 5.7544e+00 1.9650e+02 
1071.331116 5.2812e+00 1.9442e+02 
1071.813263 7.7535e+00 2.0437e+02 
1072.295410 8.6865e+00 2.0755e+02 
1072.777557 8.7898e+00 2.0793e+02 
1073.259705 9.0043e+00 2.0867e+02 
1073.741852 9.4574e+00 2.1012e+02 
1074.223999 2.0885e+01 2.3552e+02 
1074.706146 2.0214e+01 2.3441e+02 
1075.188293 7.5357e+00 2.0399e+02 
1075.670441 7.8054e+00 2.0499e+02 
1076.152588 9.0036e+00 2.0900e+02 
1076.634735 5.9793e+00 1.9812e+02 
1077.116882 7.2970e+00 2.0335e+02 
1077.599030 6.7884e+00 2.0149e+02 
1078.081177 5.2027e+00 1.9482e+02 
1078.563324 7.6424e+00 2.0476e+02 
1079.045471 5.4898e+00 1.9625e+02 
1079.527618 6.2514e+00 1.9958e+02 
1080.009766 6.9953e+00 2.0256e+02 
1080.491913 5.4167e+00 1.9608e+02 
1080.974060 7.8567e+00 2.0578e+02 
1081.456207 7.4323e+00 2.0434e+02 
1081.938354 5.8383e+00 1.9812e+02 
1082.420502 6.4472e+00 2.0070e+02 
1082.902649 4.7822e+00 1.9332e+02 
1083.384796 6.2362e+00 1.9996e+02 
1083.866943 5.2410e+00 1.9565e+02 
1084.349091 5.7465e+00 1.9799e+02 
1084.831238 6.7635e+00 2.0222e+02 
1085.313385 8.5060e+00 2.0847e+02 
1085.795532 7.7512e+00 2.0597e+02 
1086.277679 4.9224e+00 1.9439e+02 
1086.759827 5.0731e+00 1.9518e+02 
1087.241974 5.0287e+00 1.9502e+02 
1087.724121 5.5149e+00 1.9734e+02 
1088.206268 5.4557e+00 1.9713e+02 
1088.688416 4.4680e+00 1.9235e+02 
1089.170563 4.7039e+00 1.9363e+02 
1089.652710 4.3521e+00 1.9184e+02 
1090.134857 4.9499e+00 1.9496e+02 
1090.617004 9.4078e+00 2.1192e+02 
1091.099152 2.1062e+01 2.3783e+02 
1091.581299 1.4990e+01 2.2625e+02 
1092.063446 5.3978e+00 1.9730e+02 
1092.545593 4.1946e+00 1.9130e+02 
1093.027740 3.9441e+00 1.8993e+02 
1093.509888 3.9990e+00 1.9030e+02 
1093.992035 3.8065e+00 1.8922e+02 
1094.474182 3.9645e+00 1.9021e+02 
1094.956329 3.7803e+00 1.8917e+02 
1095.438477 3.7433e+00 1.8900e+02 
1095.920624 3.5362e+00 1.8778e+02 
1096.402771 3.7587e+00 1.8920e+02 
1096.884918 3.5459e+00 1.8794e+02 
1097.367065 3.7190e+00 1.8907e+02 
1097.849213 3.6504e+00 1.8870e+02 
1098.331360 4.0435e+00 1.9109e+02 
1098.813507 4.9964e+00 1.9616e+02 
1099.295654 1.3823e+01 2.2455e+02 
1099.777802 1.9038e+01 2.3528e+02 
1100.259949 8.8826e+00 2.1140e+02 
1100.742096 7.7641e+00 2.0773e+02 
1101.224243 1.9384e+01 2.3609e+02 
1101.706390 1.8955e+01 2.3536e+02 
1102.188538 6.6999e+00 2.0395e+02 
1102.670685 4.9351e+00 1.9629e+02 
1103.152832 3.7003e+00 1.8959e+02 
1103.634979 4.2233e+00 1.9269e+02 
1104.117126 3.3977e+00 1.8779e+02 
1104.599274 4.5540e+00 1.9458e+02 
1105.081421 4.2056e+00 1.9275e+02 
1105.563568 5.2216e+00 1.9800e+02 
1106.045715 9.6396e+00 2.1440e+02 
1106.527863 2.5934e+01 2.4741e+02 
1107.010010 2.3120e+01 2.4313e+02 
1107.492157 8.2839e+00 2.1028e+02 
1107.974304 4.4848e+00 1.9459e+02 
1108.456451 4.3544e+00 1.9394e+02 
1108.938599 3.6742e+00 1.9007e+02 
1109.420746 3.6717e+00 1.9011e+02 
1109.902893 3.9362e+00 1.9175e+02 
1110.385040 5.2077e+00 1.9847e+02 
1110.867188 1.0830e+01 2.1838e+02 
1111.349335 2.5601e+01 2.4749e+02 
1111.831482 2.1062e+01 2.4030e+02 
1112.313629 7.0753e+00 2.0654e+02 
1112.795776 4.2487e+00 1.9385e+02 
1113.277924 3.6650e+00 1.9049e+02 
1113.760071 3.6901e+00 1.9070e+02 
1114.242218 3.6097e+00 1.9025e+02 
1114.724365 3.8845e+00 1.9198e+02 
1115.206512 3.6187e+00 1.9042e+02 
1115.688660 3.4295e+00 1.8926e+02 
1116.170807 3.3250e+00 1.8863e+02 
1116.652954 3.7368e+00 1.9130e+02 
1117.135101 4.7224e+00 1.9684e+02 
1117.617249 6.2876e+00 2.0405e+02 
1118.099396 4.8104e+00 1.9740e+02 
1118.581543 3.8709e+00 1.9232e+02 
1119.063690 4.1205e+00 1.9382e+02 
1119.545837 4.0544e+00 1.9350e+02 
1120.027985 5.5251e+00 2.0102e+02 
1120.510132 1.6387e+01 2.3260e+02 
1120.992279 3.3007e+01 2.5876e+02 
1121.474426 2.5812e+01 2.4901e+02 
1121.956573 8.9261e+00 2.1404e+02 
1122.438721 4.6594e+00 1.9711e+02 
1122.920868 3.5897e+00 1.9108e+02 
1123.403015 3.8143e+00 1.9252e+02 
1123.885162 4.1222e+00 1.9437e+02 
1124.367310 3.6054e+00 1.9134e+02 
1124.849457 3.0889e+00 1.8796e+02 
1125.331604 3.1940e+00 1.8874e+02 
1125.813751 3.3021e+00 1.8953e+02 
1126.295898 3.1074e+00 1.8825e+02 
1126.778046 2.8804e+00 1.8665e+02 
1127.260193 3.0104e+00 1.8766e+02 
1127.742340 2.9130e+00 1.8700e+02 
1128.224487 2.8442e+00 1.8654e+02 
1128.706635 2.8726e+00 1.8680e+02 
1129.188782 3.1020e+00 1.8852e+02 
1129.670929 3.4802e+00 1.9113e+02 
1130.153076 3.5608e+00 1.9169e+02 
1130.635223 3.1835e+00 1.8925e+02 
1131.117371 3.1922e+00 1.8936e+02 
1131.599518 3.4488e+00 1.9113e+02 
1132.081665 3.5979e+00 1.9214e+02 
1132.563812 3.8029e+00 1.9346e+02 
1133.045959 4.3184e+00 1.9647e+02 
1133.528107 4.7939e+00 1.9903e+02 
1134.010254 5.6119e+00 2.0299e+02 
1134.492401 7.5728e+00 2.1090e+02 
1134.974548 1.6409e+01 2.3435e+02 
1135.456696 3.5500e+01 2.6355e+02 
1135.938843 3.7315e+01 2.6574e+02 
1136.420990 1.9654e+01 2.4074e+02 
1136.903137 1.7969e+01 2.3767e+02 
1137.385284 2.7238e+01 2.5299e+02 
1137.867432 1.7012e+01 2.3591e+02 
1138.349579 5.8836e+00 2.0468e+02 
1138.831726 4.3325e+00 1.9719e+02 
1139.313873 3.5340e+00 1.9253e+02 
1139.796021 3.8069e+00 1.9428e+02 
1140.278168 3.6227e+00 1.9319e+02 
1140.760315 3.5874e+00 1.9303e+02 
1141.242462 4.4536e+00 1.9812e+02 
1141.724609 4.9982e+00 2.0096e+02 
1142.206757 3.3503e+00 1.9164e+02 
1142.688904 3.3051e+00 1.9139e+02 
1143.171051 3.2109e+00 1.9080e+02 
1143.653198 3.6854e+00 1.9396e+02 
1144.135345 3.2070e+00 1.9088e+02 
1144.617493 3.4994e+00 1.9288e+02 
1145.099640 3.3226e+00 1.9177e+02 
1145.581787 3.7065e+00 1.9430e+02 
1146.063934 3.4620e+00 1.9280e+02 
1146.546082 3.9529e+00 1.9589e+02 
1147.028229 3.9007e+00 1.9563e+02 
1147.510376 4.5778e+00 1.9947e+02 
1147.992523 4.4241e+00 1.9870e+02 
1148.474670 5.9493e+00 2.0610e+02 
1148.956818 1.4752e+01 2.3246e+02 
1149.438965 2.6881e+01 2.5392e+02 
1149.921112 1.6284e+01 2.3585e+02 
1150.403259 6.9040e+00 2.1021e+02 
1150.885406 8.2220e+00 2.1504e+02 
1151.367554 1.7709e+01 2.3887e+02 
1151.849701 2.0321e+01 2.4376e+02 
1152.331848 2.3436e+01 2.4903e+02 
1152.813995 1.6846e+01 2.3734e+02 
1153.296143 6.8909e+00 2.1049e+02 
1153.778290 4.9482e+00 2.0206e+02 
1154.260437 5.0440e+00 2.0259e+02 
1154.742584 5.7596e+00 2.0597e+02 
1155.224731 4.5823e+00 2.0035e+02 
1155.706879 4.1956e+00 1.9830e+02 
1156.189026 3.9120e+00 1.9671e+02 
1156.671173 3.9948e+00 1.9725e+02 
1157.153320 3.8338e+00 1.9634e+02 
1157.635468 4.0282e+00 1.9755e+02 
1158.117615 4.3061e+00 1.9918e+02 
1158.599762 4.3051e+00 1.9922e+02 
1159.081909 4.0464e+00 1.9781e+02 
1159.564056 3.9867e+00 1.9752e+02 
1160.046204 4.0529e+00 1.9796e+02 
1160.528351 4.5978e+00 2.0102e+02 
1161.010498 5.0939e+00 2.0358e+02 
1161.492645 4.5664e+00 2.0096e+02 
1161.974792 4.4312e+00 2.0029e+02 
1162.456940 4.4781e+00 2.0059e+02 
1162.939087 4.6170e+00 2.0138e+02 
1163.421234 5.0887e+00 2.0382e+02 
1163.903381 7.0366e+00 2.1225e+02 
1164.385529 1.0272e+01 2.2299e+02 
1164.867676 2.5325e+01 2.5345e+02 
1165.349823 3.4665e+01 2.6612e+02 
1165.831970 2.6308e+01 2.5504e+02 
1166.314117 1.3269e+01 2.3107e+02 
1166.796265 5.8446e+00 2.0770e+02 
1167.278412 4.6983e+00 2.0229e+02 
1167.760559 3.4065e+00 1.9480e+02 
1168.242706 3.4449e+00 1.9511e+02 
1168.724854 3.7863e+00 1.9732e+02 
1169.207001 5.2290e+00 2.0514e+02 
1169.689148 5.1505e+00 2.0482e+02 
1170.171295 5.2697e+00 2.0545e+02 
1170.653442 4.7412e+00 2.0288e+02 
1171.135590 5.5892e+00 2.0704e+02 
1171.617737 6.0328e+00 2.0905e+02 
1172.099884 6.2663e+00 2.1010e+02 
1172.582031 7.5759e+00 2.1524e+02 
1173.064178 1.3913e+01 2.3338e+02 
1173.546326 2.8180e+01 2.5865e+02 
1174.028473 3.8974e+01 2.7220e+02 
1174.510620 4.1970e+01 2.7554e+02 
1174.992767 3.2353e+01 2.6440e+02 
1175.474915 1.7263e+01 2.4083e+02 
1175.957062 1.0619e+01 2.2531e+02 
1176.439209 9.2571e+00 2.2132e+02 
1176.921356 7.7287e+00 2.1628e+02 
1177.403503 5.5293e+00 2.0747e+02 
1177.885651 5.2879e+00 2.0639e+02 
1178.367798 6.8013e+00 2.1297e+02 
1178.849945 7.4188e+00 2.1537e+02 
1179.332092 4.6622e+00 2.0343e+02 
1179.814240 4.5370e+00 2.0283e+02 
1180.296387 6.6301e+00 2.1251e+02 
1180.778534 1.0695e+01 2.2608e+02 
1181.260681 7.3235e+00 2.1529e+02 
1181.742828 4.5905e+00 2.0332e+02 
1182.224976 4.1086e+00 2.0072e+02 
1182.707123 4.2872e+00 2.0178e+02 
1183.189270 4.1788e+00 2.0122e+02 
1183.671417 5.7153e+00 2.0901e+02 
1184.153564 7.1734e+00 2.1506e+02 
1184.635712 6.3483e+00 2.1185e+02 
1185.117859 7.1460e+00 2.1506e+02 
1185.600006 1.0600e+01 2.2637e+02 
1186.082153 1.6567e+01 2.4067e+02 
1186.564301 3.1013e+01 2.6405e+02 
1187.046448 3.9047e+01 2.7384e+02 
1187.528595 2.8252e+01 2.6041e+02 
1188.010742 1.3991e+01 2.3530e+02 
1188.492889 8.1570e+00 2.1909e+02 
1188.975037 6.0416e+00 2.1104e+02 
1189.457184 5.2000e+00 2.0726e+02 
1189.939331 5.3289e+00 2.0793e+02 
1190.421478 6.7476e+00 2.1411e+02 
1190.903625 9.1200e+00 2.2255e+02 
1191.385773 9.9754e+00 2.2522e+02 
1191.867920 5.8244e+00 2.1041e+02 
1192.350067 4.9885e+00 2.0654e+02 
1192.832214 5.3430e+00 2.0831e+02 
1193.314362 7.8258e+00 2.1848e+02 
1193.796509 6.5769e+00 2.1381e+02 
1194.278656 3.7286e+00 1.9976e+02 
1194.760803 3.7399e+00 1.9988e+02 
1195.242950 4.7829e+00 2.0582e+02 
1195.725098 5.2341e+00 2.0811e+02 
1196.207245 6.4471e+00 2.1355e+02 
1196.689392 6.3135e+00 2.1305e+02 
1197.171539 9.6871e+00 2.2502e+02 
1197.653687 2.2391e+01 2.5271e+02 
1198.135834 3.4818e+01 2.7024e+02 
1198.617981 2.5462e+01 2.5767e+02 
1199.100128 1.1490e+01 2.3037e+02 
1199.582275 6.2324e+00 2.1303e+02 
1200.064423 4.5973e+00 2.0538e+02 
1200.546570 3.8453e+00 2.0116e+02 
1201.028717 4.4426e+00 2.0465e+02 
1201.510864 4.2965e+00 2.0390e+02 
1201.993011 3.7798e+00 2.0091e+02 
1202.475159 3.5339e+00 1.9941e+02 
1202.957306 3.7207e+00 2.0065e+02 
1203.439453 3.5058e+00 1.9933e+02 
1203.921600 3.4649e+00 1.9911e+02 
1204.403748 2.9735e+00 1.9573e+02 
1204.885895 3.8366e+00 2.0158e+02 
1205.368042 4.8737e+00 2.0740e+02 
1205.850189 1.0401e+01 2.2812e+02 
1206.332336 1.0999e+01 2.2987e+02 
1206.814484 5.5941e+00 2.1104e+02 
1207.296631 4.5054e+00 2.0568e+02 
1207.778778 4.2878e+00 2.0454e+02 
1208.260925 5.2052e+00 2.0936e+02 
1208.743073 7.6439e+00 2.1957e+02 
1209.225220 7.5965e+00 2.1946e+02 
1209.707367 7.7413e+00 2.2003e+02 
1210.189514 1.0165e+01 2.2793e+02 
1210.671661 1.8788e+01 2.4791e+02 
1211.153809 3.1542e+01 2.6767e+02 
1211.635956 3.5655e+01 2.7286e+02 
1212.118103 3.8048e+01 2.7572e+02 
1212.600250 3.3481e+01 2.7032e+02 
1213.082397 2.0406e+01 2.5114e+02 
1213.564545 1.0641e+01 2.2969e+02 
1214.046692 7.0022e+00 2.1777e+02 
1214.528839 9.0919e+00 2.2515e+02 
1215.010986 1.2882e+01 2.3578e+02 
1215.493134 1.0977e+01 2.3086e+02 
1215.975281 8.7044e+00 2.2406e+02 
1216.457428 7.6544e+00 2.2048e+02 
1216.939575 6.3467e+00 2.1545e+02 
1217.421722 9.2337e+00 2.2593e+02 
1217.903870 1.9231e+01 2.4958e+02 
1218.386017 3.1844e+01 2.6893e+02 
1218.868164 2.7358e+01 2.6287e+02 
1219.350311 1.5168e+01 2.4159e+02 
1219.832458 1.1684e+01 2.3327e+02 
1220.314606 1.2939e+01 2.3653e+02 
1220.796753 1.5821e+01 2.4317e+02 
1221.278900 1.4655e+01 2.4068e+02 
1221.761047 1.2715e+01 2.3615e+02 
1222.243195 1.2629e+01 2.3599e+02 
1222.725342 1.2328e+01 2.3528e+02 
1223.207489 1.0672e+01 2.3089e+02 
1223.689636 1.1814e+01 2.3406e+02 
1224.171783 1.8825e+01 2.4956e+02 
1224.653931 3.0655e+01 2.6812e+02 
1225.136078 3.8033e+01 2.7726e+02 
1225.618225 3.3138e+01 2.7144e+02 
1226.100372 2.2678e+01 2.5654e+02 
1226.582520 1.3956e+01 2.3969e+02 
1227.064667 1.0430e+01 2.3063e+02 
1227.546814 6.1100e+00 2.1563e+02 
1228.028961 5.1061e+00 2.1106e+02 
1228.511108 7.0626e+00 2.1962e+02 
1228.993256 1.2294e+01 2.3592e+02 
1229.475403 1.3590e+01 2.3917e+02 
1229.957550 1.2080e+01 2.3548e+02 
1230.439697 8.4819e+00 2.2495e+02 
1230.921844 4.1151e+00 2.0608e+02 
1231.403992 3.1612e+00 1.9999e+02 
1231.886139 3.4293e+00 2.0190e+02 
1232.368286 4.2048e+00 2.0675e+02 
1232.850433 6.1720e+00 2.1649e+02 
1233.332581 7.4881e+00 2.2177e+02 
1233.814728 5.6857e+00 2.1445e+02 
1234.296875 3.3104e+00 2.0135e+02 
1234.779022 3.8403e+00 2.0485e+02 
1235.261169 4.4015e+00 2.0818e+02 
1235.743317 1.1035e+01 2.3334e+02 
1236.225464 1.6515e+01 2.4643e+02 
1236.707611 1.8161e+01 2.4977e+02 
1237.189758 2.0492e+01 2.5412e+02 
1237.671906 1.3670e+01 2.4031e+02 
1238.154053 9.5275e+00 2.2920e+02 
1238.636200 1.3870e+01 2.4089e+02 
1239.118347 1.9749e+01 2.5302e+02 
1239.600494 1.7390e+01 2.4859e+02 
1240.082642 1.4082e+01 2.4155e+02 
1240.564789 1.3911e+01 2.4121e+02 
1241.046936 1.4081e+01 2.4166e+02 
1241.529083 1.2564e+01 2.3805e+02 
1242.011230 1.4753e+01 2.4331e+02 
1242.493378 1.9968e+01 2.5381e+02 
1242.975525 2.6369e+01 2.6429e+02 
1243.457672 3.0365e+01 2.6997e+02 
1243.939819 3.5302e+01 2.7630e+02 
1244.421967 3.5175e+01 2.7620e+02 
1244.904114 2.9211e+01 2.6857e+02 
1245.386261 2.2520e+01 2.5856e+02 
1245.868408 1.7172e+01 2.4889e+02 
1246.350555 1.6134e+01 2.4681e+02 
1246.832703 1.2878e+01 2.3944e+02 
1247.314850 1.3136e+01 2.4013e+02 
1247.796997 2.0423e+01 2.5525e+02 
1248.279144 1.8533e+01 2.5183e+02 
1248.761292 1.4783e+01 2.4416e+02 
1249.243439 1.5255e+01 2.4526e+02 
1249.725586 1.6779e+01 2.4854e+02 
1250.207733 1.2746e+01 2.3950e+02 
1250.689880 1.1903e+01 2.3740e+02 
1251.172028 1.7907e+01 2.5096e+02 
1251.654175 1.8383e+01 2.5194e+02 
1252.136322 1.9155e+01 2.5345e+02 
1252.618469 1.9262e+01 2.5371e+02 
1253.100616 1.9137e+01 2.5353e+02 
1253.582764 2.7038e+01 2.6653e+02 
1254.064911 2.3835e+01 2.6172e+02 
1254.547058 2.2415e+01 2.5946e+02 
1255.029205 2.0858e+01 2.5686e+02 
1255.511353 1.5496e+01 2.4651e+02 
1255.993500 1.4454e+01 2.4425e+02 
1256.475647 1.9943e+01 2.5541e+02 
1256.957794 2.1354e+01 2.5795e+02 
1257.439941 1.9907e+01 2.5545e+02 
1257.922089 2.0173e+01 2.5599e+02 
1258.404236 2.8567e+01 2.6928e+02 
1258.886383 3.1779e+01 2.7367e+02 
1259.368530 3.2754e+01 2.7498e+02 
1259.850677 3.5189e+01 2.7806e+02 
1260.332825 3.6345e+01 2.7950e+02 
1260.814972 3.4942e+01 2.7788e+02 
1261.297119 3.1717e+01 2.7388e+02 
1261.779266 2.9719e+01 2.7127e+02 
1262.261414 2.6268e+01 2.6642e+02 
1262.743561 2.3633e+01 2.6242e+02 
1263.225708 2.6150e+01 2.6636e+02 
1263.707855 2.7858e+01 2.6891e+02 
1264.190002 2.6039e+01 2.6631e+02 
1264.672150 2.5357e+01 2.6534e+02 
1265.154297 3.1132e+01 2.7357e+02 
1265.636444 3.3576e+01 2.7676e+02 
1266.118591 3.3703e+01 2.7698e+02 
1266.600739 3.1565e+01 2.7431e+02 
1267.082886 2.8605e+01 2.7037e+02 
1267.565033 3.0975e+01 2.7365e+02 
1268.047180 3.4511e+01 2.7821e+02 
1268.529327 3.4498e+01 2.7825e+02 
1269.011475 3.3612e+01 2.7721e+02 
1269.493622 3.3900e+01 2.7763e+02 
1269.975769 3.4847e+01 2.7885e+02 
1270.457916 3.3929e+01 2.7778e+02 
1270.940063 3.3843e+01 2.7773e+02 
1271.422211 3.4785e+01 2.7895e+02 
1271.904358 3.5249e+01 2.7957e+02 
1272.386505 3.3957e+01 2.7804e+02 
1272.868652 3.1794e+01 2.7535e+02 
1273.350800 3.0082e+01 2.7314e+02 
1273.832947 2.6122e+01 2.6757e+02 
1274.315094 2.2511e+01 2.6195e+02 
1274.797241 2.5660e+01 2.6699e+02 
1275.279388 2.6768e+01 2.6870e+02 
1275.761536 2.2348e+01 2.6185e+02 
1276.243683 2.1329e+01 2.6017e+02 
1276.725830 2.5621e+01 2.6716e+02 
1277.207977 2.6095e+01 2.6793e+02 
1277.690125 2.3179e+01 2.6344e+02 
1278.172272 1.8638e+01 2.5552e+02 
1278.654419 1.8025e+01 2.5440e+02 
1279.136566 1.9999e+01 2.5816e+02 
1279.618713 2.6070e+01 2.6818e+02 
1280.100861 3.0979e+01 2.7514e+02 
1280.583008 2.8948e+01 2.7244e+02 
1281.065155 2.7500e+01 2.7045e+02 
1281.547302 2.6527e+01 2.6909e+02 
1282.029449 2.2510e+01 2.6285e+02 
1282.511597 2.4252e+01 2.6573e+02 
1282.993744 2.7862e+01 2.7120e+02 
1283.475891 2.8701e+01 2.7244e+02 
1283.958038 2.9313e+01 2.7335e+02 
1284.440186 2.8752e+01 2.7263e+02 
1284.922333 2.2502e+01 2.6318e+02 
1285.404480 1.9697e+01 2.5834e+02 
1285.886627 2.4608e+01 2.6668e+02 
1286.368774 2.7754e+01 2.7144e+02 
1286.850922 3.0049e+01 2.7470e+02 
1287.333069 3.2936e+01 2.7854e+02 
1287.815216 3.3104e+01 2.7881e+02 
1288.297363 3.3102e+01 2.7887e+02 
1288.779510 3.1582e+01 2.7697e+02 
1289.261658 2.7417e+01 2.7130e+02 
1289.743805 2.5379e+01 2.6833e+02 
1290.225952 2.8573e+01 2.7306e+02 
1290.708099 2.8133e+01 2.7250e+02 
1291.190247 2.3484e+01 2.6552e+02 
1291.672394 2.0899e+01 2.6123e+02 
1292.154541 2.2596e+01 2.6418e+02 
1292.636688 2.6292e+01 2.7005e+02 
1293.118835 2.5841e+01 2.6943e+02 
1293.600983 2.4176e+01 2.6691e+02 
1294.083130 2.4910e+01 2.6812e+02 
1294.565277 2.6245e+01 2.7021e+02 
1295.047424 2.6941e+01 2.7129e+02 
1295.529572 2.6563e+01 2.7079e+02 
1296.011719 2.6990e+01 2.7148e+02 
1296.493866 3.0945e+01 2.7704e+02 
1296.976013 3.1343e+01 2.7763e+02 
1297.458160 2.9749e+01 2.7555e+02 
1297.940308 2.6971e+01 2.7168e+02 
1298.422455 2.3501e+01 2.6640e+02 
1298.904602 2.1417e+01 2.6298e+02 
1299.386749 2.4628e+01 2.6831e+02 
1299.868896 2.7877e+01 2.7322e+02 
1300.351044 2.5322e+01 2.6949e+02 
1300.833191 2.4055e+01 2.6757e+02 
1301.315338 2.7027e+01 2.7216e+02 
1301.797485 2.8789e+01 2.7473e+02 
1302.279633 2.7700e+01 2.7325e+02 
1302.761780 2.8612e+01 2.7460e+02 
1303.243927 2.9694e+01 2.7616e+02 
1303.726074 3.0042e+01 2.7669e+02 
1304.208221 2.9733e+01 2.7632e+02 
1304.690369 3.0189e+01 2.7700e+02 
1305.172516 3.0390e+01 2.7733e+02 
1305.654663 3.0960e+01 2.7815e+02 
1306.136810 3.0590e+01 2.7771e+02 
1306.618958 2.9383e+01 2.7613e+02 
1307.101105 2.7809e+01 2.7397e+02 
1307.583252 2.9077e+01 2.7582e+02 
1308.065399 3.1137e+01 2.7867e+02 
1308.547546 3.0261e+01 2.7755e+02 
1309.029694 2.7259e+01 2.7341e+02 
1309.511841 2.5760e+01 2.7124e+02 
1309.993988 2.5285e+01 2.7057e+02 
1310.476135 2.5317e+01 2.7068e+02 
1310.958282 2.5886e+01 2.7160e+02 
1311.440430 2.8126e+01 2.7494e+02 
1311.922577 2.9975e+01 2.7757e+02 
1312.404724 3.1329e+01 2.7944e+02 
1312.886871 3.1346e+01 2.7952e+02 
1313.369019 3.1414e+01 2.7966e+02 
1313.851166 3.0925e+01 2.7907e+02 
1314.333313 3.0543e+01 2.7862e+02 
1314.815460 3.0513e+01 2.7864e+02 
1315.297607 2.9531e+01 2.7736e+02 
1315.779755 2.9313e+01 2.7711e+02 
1316.261902 3.0137e+01 2.7830e+02 
1316.744049 3.0950e+01 2.7945e+02 
1317.226196 3.1033e+01 2.7962e+02 
1317.708344 3.0354e+01 2.7876e+02 
1318.190491 3.0516e+01 2.7904e+02 
1318.672638 3.1097e+01 2.7987e+02 
1319.154785 3.1250e+01 2.8013e+02 
1319.636932 3.0917e+01 2.7975e+02 
1320.119080 3.0904e+01 2.7979e+02 
1320.601227 3.0324e+01 2.7907e+02 
1321.083374 2.9388e+01 2.7785e+02 
1321.565521 2.8092e+01 2.7608e+02 
1322.047668 2.7928e+01 2.7591e+02 
1322.529816 2.6968e+01 2.7457e+02 
1323.011963 2.8008e+01 2.7614e+02 
1323.494110 2.8231e+01 2.7651e+02 
1323.976257 2.6260e+01 2.7369e+02 
1324.458405 2.4666e+01 2.7131e+02 
1324.940552 2.2049e+01 2.6711e+02 
1325.422699 2.0901e+01 2.6518e+02 
1325.904846 2.3766e+01 2.7005e+02 
1326.386993 2.4054e+01 2.7057e+02 
1326.869141 2.5469e+01 2.7284e+02 
1327.351288 2.8113e+01 2.7680e+02 
1327.833435 2.7738e+01 2.7632e+02 
1328.315582 2.3982e+01 2.7068e+02 
1328.797729 2.1914e+01 2.6733e+02 
1329.279877 2.5495e+01 2.7316e+02 
1329.762024 2.8352e+01 2.7742e+02 
1330.244171 2.6559e+01 2.7488e+02 
1330.726318 2.1586e+01 2.6699e+02 
1331.208466 1.9759e+01 2.6380e+02 
1331.690613 2.2778e+01 2.6912e+02 
1332.172760 2.7112e+01 2.7592e+02 
1332.654907 2.7697e+01 2.7683e+02 
1333.137054 2.6507e+01 2.7514e+02 
1333.619202 2.6035e+01 2.7449e+02 
1334.101349 2.5795e+01 2.7418e+02 
1334.583496 2.5766e+01 2.7420e+02 
1335.065643 2.6465e+01 2.7530e+02 
1335.547791 2.7902e+01 2.7746e+02 
1336.029938 2.8726e+01 2.7869e+02 
1336.512085 2.9494e+01 2.7981e+02 
1336.994232 2.9359e+01 2.7968e+02 
1337.476379 2.8971e+01 2.7920e+02 
1337.958527 2.9264e+01 2.7967e+02 
1338.440674 2.9637e+01 2.8024e+02 
1338.922821 2.9672e+01 2.8034e+02 
1339.404968 2.9625e+01 2.8034e+02 
1339.887115 2.9606e+01 2.8037e+02 
1340.369263 2.9608e+01 2.8043e+02 
1340.851410 2.9257e+01 2.8000e+02 
1341.333557 2.8626e+01 2.7917e+02 
1341.815704 2.8055e+01 2.7842e+02 
1342.297852 2.7599e+01 2.7782e+02 
1342.779999 2.7252e+01 2.7737e+02 
1343.262146 2.6452e+01 2.7625e+02 
1343.744293 2.6160e+01 2.7587e+02 
1344.226440 2.5970e+01 2.7564e+02 
1344.708588 2.5181e+01 2.7449e+02 
1345.190735 2.4536e+01 2.7354e+02 
1345.672882 2.5048e+01 2.7440e+02 
1346.155029 2.5817e+01 2.7563e+02 
1346.637177 2.6203e+01 2.7627e+02 
1347.119324 2.6393e+01 2.7661e+02 
1347.601471 2.6026e+01 2.7612e+02 
1348.083618 2.6320e+01 2.7662e+02 
1348.565765 2.7070e+01 2.7779e+02 
1349.047913 2.8153e+01 2.7941e+02 
1349.530060 2.8253e+01 2.7961e+02 
1350.012207 2.7357e+01 2.7838e+02 
1350.494354 2.6379e+01 2.7699e+02 
1350.976501 2.5978e+01 2.7644e+02 
1351.458649 2.5822e+01 2.7626e+02 
1351.940796 2.5608e+01 2.7599e+02 
1352.422943 2.5481e+01 2.7586e+02 
1352.905090 2.5513e+01 2.7596e+02 
1353.387238 2.5599e+01 2.7615e+02 
1353.869385 2.6175e+01 2.7708e+02 
1354.351532 2.7313e+01 2.7882e+02 
1354.833679 2.8014e+01 2.7989e+02 
1355.315826 2.7490e+01 2.7919e+02 
1355.797974 2.6660e+01 2.7803e+02 
1356.280121 2.6083e+01 2.7723e+02 
1356.762268 2.5935e+01 2.7706e+02 
1357.244415 2.5732e+01 2.7680e+02 
1357.726563 2.6185e+01 2.7755e+02 
1358.208710 2.6774e+01 2.7848e+02 
1358.690857 2.6564e+01 2.7823e+02 
1359.173004 2.6375e+01 2.7800e+02 
1359.655151 2.6353e+01 2.7803e+02 
1360.137299 2.6786e+01 2.7873e+02 
1360.619446 2.7413e+01 2.7970e+02 
1361.101593 2.7751e+01 2.8025e+02 
1361.583740 2.7528e+01 2.7999e+02 
1362.065887 2.7489e+01 2.7999e+02 
1362.548035 2.7715e+01 2.8037e+02 
1363.030182 2.7787e+01 2.8053e+02 
1363.512329 2.7594e+01 2.8031e+02 
1363.994476 2.7139e+01 2.7970e+02 
1364.476624 2.6598e+01 2.7896e+02 
1364.958771 2.6162e+01 2.7836e+02 
1365.440918 2.5899e+01 2.7802e+02 
1365.923065 2.5748e+01 2.7785e+02 
1366.405212 2.5578e+01 2.7764e+02 
1366.887360 2.5564e+01 2.7768e+02 
1367.369507 2.5857e+01 2.7818e+02 
1367.851654 2.6386e+01 2.7904e+02 
1368.333801 2.6986e+01 2.7999e+02 
1368.815948 2.7047e+01 2.8013e+02 
1369.298096 2.6594e+01 2.7952e+02 
1369.780243 2.6210e+01 2.7900e+02 
1370.262390 2.5770e+01 2.7839e+02 
1370.744537 2.5696e+01 2.7833e+02 
1371.226685 2.5803e+01 2.7855e+02 
1371.708832 2.5960e+01 2.7885e+02 
1372.190979 2.6386e+01 2.7955e+02 
1372.673126 2.6484e+01 2.7975e+02 
1373.155273 2.6665e+01 2.8008e+02 
1373.637421 2.6866e+01 2.8043e+02 
1374.119568 2.6825e+01 2.8043e+02 
1374.601715 2.6743e+01 2.8036e+02 
1375.083862 2.6764e+01 2.8045e+02 
1375.566010 2.6493e+01 2.8010e+02 
1376.048157 2.6049e+01 2.7949e+02 
1376.530304 2.5622e+01 2.7890e+02 
1377.012451 2.5380e+01 2.7858e+02 
1377.494598 2.5509e+01 2.7884e+02 
1377.976746 2.5986e+01 2.7962e+02 
1378.458893 2.5842e+01 2.7946e+02 
1378.941040 2.5461e+01 2.7893e+02 
1379.423187 2.5735e+01 2.7941e+02 
1379.905334 2.5794e+01 2.7956e+02 
1380.387482 2.5158e+01 2.7863e+02 
1380.869629 2.4507e+01 2.7767e+02 
1381.351776 2.4387e+01 2.7754e+02 
1381.833923 2.4804e+01 2.7825e+02 
1382.316071 2.4735e+01 2.7820e+02 
1382.798218 2.4482e+01 2.7785e+02 
1383.280365 2.4707e+01 2.7827e+02 
1383.762512 2.4624e+01 2.7819e+02 
1384.244659 2.4496e+01 2.7805e+02 
1384.726807 2.4615e+01 2.7829e+02 
1385.208954 2.4875e+01 2.7876e+02 
1385.691101 2.5224e+01 2.7936e+02 
1386.173248 2.5618e+01 2.8002e+02 
1386.655396 2.5819e+01 2.8038e+02 
1387.137543 2.5823e+01 2.8045e+02 
1387.619690 2.5824e+01 2.8050e+02 
1388.101837 2.5610e+01 2.8023e+02 
1388.583984 2.5289e+01 2.7980e+02 
1389.066132 2.4937e+01 2.7930e+02 
1389.548279 2.4771e+01 2.7910e+02 
1390.030426 2.4820e+01 2.7923e+02 
1390.512573 2.5012e+01 2.7959e+02 
1390.994720 2.4969e+01 2.7958e+02 
1391.476868 2.4641e+01 2.7912e+02 
1391.959015 2.4540e+01 2.7902e+02 
1392.441162 2.4652e+01 2.7925e+02 
1392.923309 2.4793e+01 2.7953e+02 
1393.405457 2.5016e+01 2.7993e+02 
1393.887604 2.5227e+01 2.8032e+02 
1394.369751 2.5328e+01 2.8053e+02 
1394.851898 2.5263e+01 2.8049e+02 
1395.334045 2.5213e+01 2.8047e+02 
1395.816193 2.5170e+01 2.8046e+02 
1396.298340 2.4973e+01 2.8020e+02 
1396.780487 2.4723e+01 2.7987e+02 
1397.262634 2.4775e+01 2.8001e+02 
1397.744781 2.4917e+01 2.8029e+02 
1398.226929 2.4882e+01 2.8029e+02 
1398.709076 2.4918e+01 2.8040e+02 
1399.191223 2.4970e+01 2.8054e+02 
1399.673370 2.4840e+01 2.8039e+02 
1400.155518 2.4594e+01 2.8006e+02 
1400.637665 2.4323e+01 2.7968e+02 
1401.119812 2.4085e+01 2.7936e+02 
1401.601959 2.3870e+01 2.7907e+02 
1402.084106 2.3767e+01 2.7896e+02 
1402.566254 2.3734e+01 2.7896e+02 
1403.048401 2.3854e+01 2.7921e+02 
1403.530548 2.4024e+01 2.7954e+02 
1404.012695 2.4179e+01 2.7985e+02 
1404.494843 2.4395e+01 2.8025e+02 
1404.976990 2.4516e+01 2.8050e+02 
1405.459137 2.4335e+01 2.8027e+02 
1405.941284 2.4003e+01 2.7979e+02 
1406.423431 2.3656e+01 2.7928e+02 
1406.905579 2.3413e+01 2.7894e+02 
1407.387726 2.3192e+01 2.7864e+02 
1407.869873 2.3059e+01 2.7847e+02 
1408.352020 2.3117e+01 2.7862e+02 
1408.834167 2.3059e+01 2.7858e+02 
1409.316315 2.3118e+01 2.7874e+02 
1409.798462 2.3571e+01 2.7954e+02 
1410.280609 2.3415e+01 2.7934e+02 
1410.762756 2.3102e+01 2.7888e+02 
1411.244904 2.3431e+01 2.7948e+02 
1411.727051 2.3783e+01 2.8011e+02 
1412.209198 2.3513e+01 2.7972e+02 
1412.691345 2.2988e+01 2.7891e+02 
1413.173492 2.2745e+01 2.7856e+02 
1413.655640 2.2753e+01 2.7863e+02 
1414.137787 2.2873e+01 2.7889e+02 
1414.619934 2.3069e+01 2.7927e+02 
1415.102081 2.3156e+01 2.7947e+02 
1415.584229 2.3274e+01 2.7972e+02 
1416.066376 2.3481e+01 2.8012e+02 
1416.548523 2.3424e+01 2.8008e+02 
1417.030670 2.3487e+01 2.8024e+02 
1417.512817 2.3582e+01 2.8045e+02 
1417.994965 2.3502e+01 2.8038e+02 
1418.477112 2.3517e+01 2.8046e+02 
1418.959259 2.3530e+01 2.8054e+02 
1419.441406 2.3509e+01 2.8056e+02 
1419.923553 2.3446e+01 2.8051e+02 
1420.405701 2.3318e+01 2.8036e+02 
1420.887848 2.3120e+01 2.8008e+02 
1421.369995 2.2970e+01 2.7989e+02 
1421.852142 2.2845e+01 2.7974e+02 
1422.334290 2.2806e+01 2.7973e+02 
1422.816437 2.2872e+01 2.7990e+02 
1423.298584 2.3068e+01 2.8028e+02 
1423.780731 2.3172e+01 2.8051e+02 
1424.262878 2.3079e+01 2.8041e+02 
1424.745026 2.2790e+01 2.7998e+02 
1425.227173 2.2520e+01 2.7958e+02 
1425.709320 2.2353e+01 2.7936e+02 
1426.191467 2.2282e+01 2.7929e+02 
1426.673615 2.2214e+01 2.7923e+02 
1427.155762 2.2179e+01 2.7923e+02 
1427.637909 2.2259e+01 2.7942e+02 
1428.120056 2.2502e+01 2.7989e+02 
1428.602203 2.2524e+01 2.7998e+02 
1429.084351 2.2544e+01 2.8007e+02 
1429.566498 2.2701e+01 2.8039e+02 
1430.048645 2.2735e+01 2.8051e+02 
1430.530792 2.2557e+01 2.8026e+02 
1431.012939 2.2320e+01 2.7991e+02 
1431.495087 2.2236e+01 2.7983e+02 
1431.977234 2.2273e+01 2.7995e+02 
1432.459381 2.2157e+01 2.7980e+02 
1432.941528 2.2249e+01 2.8002e+02 
1433.423676 2.2322e+01 2.8020e+02 
1433.905823 2.2141e+01 2.7994e+02 
1434.387970 2.2050e+01 2.7984e+02 
1434.870117 2.2106e+01 2.8000e+02 
1435.352264 2.2242e+01 2.8028e+02 
1435.834412 2.2337e+01 2.8050e+02 
1436.316559 2.2329e+01 2.8054e+02 
1436.798706 2.2301e+01 2.8055e+02 
1437.280853 2.2252e+01 2.8052e+02 
1437.763000 2.2138e+01 2.8039e+02 
1438.245148 2.1954e+01 2.8012e+02 
1438.727295 2.1786e+01 2.7989e+02 
1439.209442 2.1642e+01 2.7969e+02 
1439.691589 2.1524e+01 2.7954e+02 
1440.173737 2.1417e+01 2.7941e+02 
1440.655884 2.1345e+01 2.7934e+02 
1441.138031 2.1310e+01 2.7933e+02 
1441.620178 2.1230e+01 2.7925e+02 
1442.102325 2.1092e+01 2.7906e+02 
1442.584473 2.1098e+01 2.7913e+02 
1443.066620 2.1056e+01 2.7911e+02 
1443.548767 2.0968e+01 2.7901e+02 
1444.030914 2.0942e+01 2.7902e+02 
1444.513062 2.1008e+01 2.7919e+02 
1444.995209 2.1158e+01 2.7951e+02 
1445.477356 2.1159e+01 2.7957e+02 
1445.959503 2.1192e+01 2.7968e+02 
1446.441650 2.1354e+01 2.8003e+02 
1446.923798 2.1385e+01 2.8014e+02 
1447.405945 2.1486e+01 2.8037e+02 
1447.888092 2.1540e+01 2.8052e+02 
1448.370239 2.1458e+01 2.8043e+02 
1448.852386 2.1244e+01 2.8011e+02 
1449.334534 2.1062e+01 2.7984e+02 
1449.816681 2.0935e+01 2.7967e+02 
1450.298828 2.0907e+01 2.7968e+02 
1450.780975 2.0891e+01 2.7970e+02 
1451.263123 2.0924e+01 2.7982e+02 
1451.745270 2.1097e+01 2.8018e+02 
1452.227417 2.1136e+01 2.8031e+02 
1452.709564 2.0935e+01 2.8000e+02 
1453.191711 2.0857e+01 2.7992e+02 
1453.673859 2.0865e+01 2.7999e+02 
1454.156006 2.0955e+01 2.8021e+02 
1454.638153 2.1051e+01 2.8043e+02 
1455.120300 2.1074e+01 2.8053e+02 
1455.602448 2.1048e+01 2.8054e+02 
1456.084595 2.1023e+01 2.8055e+02 
1456.566742 2.0990e+01 2.8055e+02 
1457.048889 2.0963e+01 2.8055e+02 
1457.531036 2.0928e+01 2.8055e+02 
1458.013184 2.0901e+01 2.8055e+02 
1458.495331 2.0865e+01 2.8055e+02 
1458.977478 2.0839e+01 2.8055e+02 
1459.459625 2.0780e+01 2.8050e+02 
1459.941772 2.0653e+01 2.8033e+02 
1460.423920 2.0499e+01 2.8011e+02 
1460.906067 2.0405e+01 2.7999e+02 
1461.388214 2.0322e+01 2.7989e+02 
1461.870361 2.0280e+01 2.7987e+02 
1462.352509 2.0256e+01 2.7988e+02 
1462.834656 2.0266e+01 2.7996e+02 
1463.316803 2.0303e+01 2.8008e+02 
1463.798950 2.0395e+01 2.8030e+02 
1464.281097 2.0462e+01 2.8048e+02 
1464.763245 2.0470e+01 2.8055e+02 
1465.245392 2.0428e+01 2.8053e+02 
1465.727539 2.0339e+01 2.8042e+02 
1466.209686 2.0192e+01 2.8021e+02 
1466.691833 2.0084e+01 2.8007e+02 
1467.173981 2.0003e+01 2.7997e+02 
1467.656128 1.9960e+01 2.7995e+02 
1468.138275 1.9873e+01 2.7984e+02 
1468.620422 1.9825e+01 2.7981e+02 
1469.102570 1.9819e+01 2.7985e+02 
1469.584717 1.9842e+01 2.7995e+02 
1470.066864 1.9877e+01 2.8007e+02 
1470.549011 1.9939e+01 2.8024e+02 
1471.031158 2.0007e+01 2.8042e+02 
1471.513306 2.0041e+01 2.8054e+02 
1471.995453 2.0015e+01 2.8055e+02 
1472.477600 1.9989e+01 2.8055e+02 
1472.959747 1.9954e+01 2.8054e+02 
1473.441895 1.9930e+01 2.8056e+02 
1473.924042 1.9889e+01 2.8054e+02 
1474.406189 1.9819e+01 2.8046e+02 
1474.888336 1.9716e+01 2.8032e+02 
1475.370483 1.9709e+01 2.8036e+02 
1475.852631 1.9749e+01 2.8049e+02 
1476.334778 1.9746e+01 2.8054e+02 
1476.816925 1.9647e+01 2.8041e+02 
1477.299072 1.9478e+01 2.8015e+02 
1477.781219 1.9326e+01 2.7991e+02 
1478.263367 1.9230e+01 2.7979e+02 
1478.745514 1.9146e+01 2.7968e+02 
1479.227661 1.9098e+01 2.7964e+02 
1479.709808 1.9077e+01 2.7966e+02 
1480.191956 1.9126e+01 2.7981e+02 
1480.674103 1.9239e+01 2.8008e+02 
1481.156250 1.9377e+01 2.8040e+02 
1481.638397 1.9292e+01 2.8029e+02 
1482.120544 1.9086e+01 2.7995e+02 
1482.602692 1.8935e+01 2.7972e+02 
1483.084839 1.8862e+01 2.7963e+02 
1483.566986 1.8835e+01 2.7963e+02 
1484.049133 1.8845e+01 2.7971e+02 
1484.531281 1.8837e+01 2.7975e+02 
1485.013428 1.8858e+01 2.7984e+02 
1485.495575 1.8898e+01 2.7998e+02 
1485.977722 1.9024e+01 2.8028e+02 
1486.459869 1.9081e+01 2.8044e+02 
1486.942017 1.9090e+01 2.8051e+02 
1487.424164 1.9075e+01 2.8054e+02 
1487.906311 1.9015e+01 2.8048e+02 
1488.388458 1.8947e+01 2.8040e+02 
1488.870605 1.8960e+01 2.8048e+02 
1489.352753 1.8963e+01 2.8054e+02 
1489.834900 1.8940e+01 2.8055e+02 
1490.317047 1.8908e+01 2.8055e+02 
1490.799194 1.8882e+01 2.8055e+02 
1491.281342 1.8820e+01 2.8049e+02 
1491.763489 1.8694e+01 2.8030e+02 
1492.245636 1.8564e+01 2.8010e+02 
1492.727783 1.8499e+01 2.8002e+02 
1493.209930 1.8464e+01 2.8001e+02 
1493.692078 1.8441e+01 2.8002e+02 
1494.174225 1.8443e+01 2.8008e+02 
1494.656372 1.8489e+01 2.8022e+02 
1495.138519 1.8549e+01 2.8040e+02 
1495.620667 1.8586e+01 2.8052e+02 
1496.102814 1.8569e+01 2.8055e+02 
1496.584961 1.8543e+01 2.8055e+02 
1497.067108 1.8494e+01 2.8051e+02 
1497.549255 1.8446e+01 2.8047e+02 
1498.031403 1.8428e+01 2.8049e+02 
1498.513550 1.8429e+01 2.8054e+02 
1498.995697 1.8399e+01 2.8054e+02 
1499.477844 1.8341e+01 2.8048e+02 
1499.959991 1.8259e+01 2.8037e+02 
1500.442139 1.8203e+01 2.8032e+02 
1500.924286 1.8149e+01 2.8026e+02 
1501.406433 1.8170e+01 2.8036e+02 
1501.888580 1.8170e+01 2.8041e+02 
1502.370728 1.8073e+01 2.8028e+02 
1502.852875 1.8008e+01 2.8020e+02 
1503.335022 1.8014e+01 2.8027e+02 
1503.817169 1.8038e+01 2.8037e+02 
1504.299316 1.8067e+01 2.8048e+02 
1504.781464 1.8065e+01 2.8053e+02 
1505.263611 1.8047e+01 2.8055e+02 
1505.745758 1.8017e+01 2.8055e+02 
1506.227905 1.7993e+01 2.8055e+02 
1506.710052 1.7963e+01 2.8055e+02 
1507.192200 1.7939e+01 2.8055e+02 
1507.674347 1.7909e+01 2.8055e+02 
1508.156494 1.7884e+01 2.8055e+02 
1508.638641 1.7853e+01 2.8055e+02 
1509.120789 1.7826e+01 2.8055e+02 
1509.602936 1.7796e+01 2.8054e+02 
1510.085083 1.7765e+01 2.8053e+02 
1510.567230 1.7707e+01 2.8047e+02 
1511.049377 1.7635e+01 2.8037e+02 
1511.531525 1.7623e+01 2.8040e+02 
1512.013672 1.7653e+01 2.8052e+02 
1512.495819 1.7626e+01 2.8052e+02 
1512.977966 1.7539e+01 2.8040e+02 
1513.460114 1.7430e+01 2.8023e+02 
1513.942261 1.7397e+01 2.8021e+02 
1514.424408 1.7438e+01 2.8035e+02 
1514.906555 1.7488e+01 2.8051e+02 
1515.388702 1.7461e+01 2.8051e+02 
1515.870850 1.7440e+01 2.8052e+02 
1516.352997 1.7422e+01 2.8054e+02 
1516.835144 1.7403e+01 2.8055e+02 
1517.317291 1.7373e+01 2.8055e+02 
1517.799438 1.7346e+01 2.8055e+02 
1518.281586 1.7291e+01 2.8049e+02 
1518.763733 1.7243e+01 2.8044e+02 
1519.245880 1.7230e+01 2.8047e+02 
1519.728027 1.7235e+01 2.8053e+02 
1520.210175 1.7215e+01 2.8055e+02 
1520.692322 1.7192e+01 2.8055e+02 
1521.174469 1.7163e+01 2.8055e+02 
1521.656616 1.7140e+01 2.8055e+02 
1522.138763 1.7110e+01 2.8055e+02 
1522.620911 1.7088e+01 2.8055e+02 
1523.103058 1.7057e+01 2.8054e+02 
1523.585205 1.7024e+01 2.8053e+02 
1524.067352 1.6977e+01 2.8048e+02 
1524.549500 1.6965e+01 2.8051e+02 
1525.031647 1.6953e+01 2.8054e+02 
1525.513794 1.6932e+01 2.8055e+02 
1525.995941 1.6892e+01 2.8052e+02 
1526.478088 1.6850e+01 2.8049e+02 
1526.960236 1.6833e+01 2.8051e+02 
1527.442383 1.6821e+01 2.8054e+02 
1527.924530 1.6783e+01 2.8051e+02 
1528.406677 1.6768e+01 2.8053e+02 
1528.888824 1.6714e+01 2.8047e+02 
1529.370972 1.6604e+01 2.8029e+02 
1529.853119 1.6508e+01 2.8014e+02 
1530.335266 1.6476e+01 2.8012e+02 
1530.817413 1.6491e+01 2.8021e+02 
1531.299561 1.6559e+01 2.8041e+02 
1531.781708 1.6575e+01 2.8050e+02 
1532.263855 1.6545e+01 2.8049e+02 
1532.746002 1.6533e+01 2.8052e+02 
1533.228149 1.6523e+01 2.8055e+02 
1533.710297 1.6495e+01 2.8055e+02 
1534.192444 1.6469e+01 2.8055e+02 
1534.674591 1.6423e+01 2.8050e+02 
1535.156738 1.6390e+01 2.8048e+02 
1535.638885 1.6348e+01 2.8045e+02 
1536.121033 1.6293e+01 2.8038e+02 
1536.603180 1.6275e+01 2.8040e+02 
1537.085327 1.6277e+01 2.8045e+02 
1537.567474 1.6276e+01 2.8051e+02 
1538.049622 1.6269e+01 2.8055e+02 
1538.531769 1.6245e+01 2.8055e+02 
1539.013916 1.6222e+01 2.8055e+02 
1539.496063 1.6195e+01 2.8055e+02 
1539.978210 1.6172e+01 2.8055e+02 
1540.460358 1.6145e+01 2.8055e+02 
1540.942505 1.6123e+01 2.8055e+02 
1541.424652 1.6096e+01 2.8055e+02 
1541.906799 1.6073e+01 2.8055e+02 
1542.388947 1.6046e+01 2.8055e+02 
1542.871094 1.6024e+01 2.8055e+02 
1543.353241 1.5996e+01 2.8055e+02 
1543.835388 1.5970e+01 2.8054e+02 
1544.317535 1.5943e+01 2.8054e+02 
1544.799683 1.5925e+01 2.8055e+02 
1545.281830 1.5899e+01 2.8055e+02 
1545.763977 1.5860e+01 2.8052e+02 
1546.246124 1.5777e+01 2.8038e+02 
1546.728271 1.5690e+01 2.8024e+02 
1547.210419 1.5625e+01 2.8015e+02 
1547.692566 1.5596e+01 2.8014e+02 
1548.174713 1.5582e+01 2.8016e+02 
1548.656860 1.5584e+01 2.8022e+02 
1549.139008 1.5633e+01 2.8039e+02 
1549.621155 1.5672e+01 2.8053e+02 
1550.103302 1.5655e+01 2.8054e+02 
1550.585449 1.5601e+01 2.8048e+02 
1551.067596 1.5508e+01 2.8032e+02 
1551.549744 1.5456e+01 2.8026e+02 
1552.031891 1.5443e+01 2.8028e+02 
1552.514038 1.5436e+01 2.8032e+02 
1552.996185 1.5443e+01 2.8039e+02 
1553.478333 1.5467e+01 2.8050e+02 
1553.960480 1.5462e+01 2.8054e+02 
1554.442627 1.5443e+01 2.8055e+02 
1554.924774 1.5413e+01 2.8054e+02 
1555.406921 1.5382e+01 2.8052e+02 
1555.889069 1.5353e+01 2.8051e+02 
1556.371216 1.5339e+01 2.8053e+02 
1556.853363 1.5319e+01 2.8054e+02 
1557.335510 1.5300e+01 2.8055e+02 
1557.817657 1.5274e+01 2.8055e+02 
1558.299805 1.5253e+01 2.8055e+02 
1558.781952 1.5227e+01 2.8055e+02 
1559.264099 1.5206e+01 2.8055e+02 
1559.746246 1.5180e+01 2.8055e+02 
1560.228394 1.5159e+01 2.8055e+02 
1560.710541 1.5133e+01 2.8055e+02 
1561.192688 1.5108e+01 2.8054e+02 
1561.674835 1.5061e+01 2.8049e+02 
1562.156982 1.5006e+01 2.8042e+02 
1562.639130 1.4946e+01 2.8033e+02 
1563.121277 1.4908e+01 2.8029e+02 
1563.603424 1.4890e+01 2.8031e+02 
1564.085571 1.4907e+01 2.8040e+02 
1564.567719 1.4931e+01 2.8051e+02 
1565.049866 1.4917e+01 2.8053e+02 
1565.532013 1.4849e+01 2.8043e+02 
1566.014160 1.4771e+01 2.8030e+02 
1566.496307 1.4695e+01 2.8017e+02 
1566.978455 1.4656e+01 2.8013e+02 
1567.460602 1.4651e+01 2.8017e+02 
1567.942749 1.4681e+01 2.8030e+02 
1568.424896 1.4724e+01 2.8046e+02 
1568.907043 1.4738e+01 2.8054e+02 
1569.389191 1.4717e+01 2.8055e+02 
1569.871338 1.4697e+01 2.8055e+02 
1570.353485 1.4662e+01 2.8052e+02 
1570.835632 1.4599e+01 2.8043e+02 
1571.317780 1.4513e+01 2.8028e+02 
1571.799927 1.4449e+01 2.8018e+02 
1572.282074 1.4410e+01 2.8014e+02 
1572.764221 1.4413e+01 2.8020e+02 
1573.246368 1.4401e+01 2.8023e+02 
1573.728516 1.4391e+01 2.8025e+02 
1574.210663 1.4408e+01 2.8035e+02 
1574.692810 1.4434e+01 2.8047e+02 
1575.174957 1.4439e+01 2.8053e+02 
1575.657104 1.4424e+01 2.8055e+02 
1576.139252 1.4401e+01 2.8055e+02 
1576.621399 1.4380e+01 2.8055e+02 
1577.103546 1.4355e+01 2.8055e+02 
1577.585693 1.4321e+01 2.8052e+02 
1578.067841 1.4250e+01 2.8040e+02 
1578.549988 1.4165e+01 2.8025e+02 
1579.032135 1.4085e+01 2.8010e+02 
1579.514282 1.4022e+01 2.8000e+02 
1579.996429 1.3963e+01 2.7991e+02 
1580.478577 1.3916e+01 2.7985e+02 
1580.960724 1.3870e+01 2.7979e+02 
1581.442871 1.3832e+01 2.7975e+02 
1581.925018 1.3810e+01 2.7975e+02 
1582.407166 1.3813e+01 2.7981e+02 
1582.889313 1.3769e+01 2.7976e+02 
1583.371460 1.3729e+01 2.7971e+02 
1583.853607 1.3670e+01 2.7961e+02 
1584.335754 1.3622e+01 2.7955e+02 
1584.817902 1.3589e+01 2.7952e+02 
1585.300049 1.3561e+01 2.7950e+02 
1585.782196 1.3533e+01 2.7948e+02 
1586.264343 1.3508e+01 2.7947e+02 
1586.746490 1.3488e+01 2.7948e+02 
1587.228638 1.3468e+01 2.7948e+02 
1587.710785 1.3436e+01 2.7945e+02 
1588.192932 1.3412e+01 2.7945e+02 
1588.675079 1.3404e+01 2.7948e+02 
1589.157227 1.3466e+01 2.7969e+02 
1589.639374 1.3587e+01 2.8005e+02 
1590.121521 1.3553e+01 2.8002e+02 
1590.603668 1.3410e+01 2.7971e+02 
1591.085815 1.3389e+01 2.7971e+02 
1591.567963 1.3479e+01 2.7999e+02 
1592.050110 1.3415e+01 2.7988e+02 
1592.532257 1.3282e+01 2.7960e+02 
1593.014404 1.3240e+01 2.7954e+02 
1593.496552 1.3263e+01 2.7965e+02 
1593.978699 1.3383e+01 2.8002e+02 
1594.460846 1.3484e+01 2.8033e+02 
1594.942993 1.3375e+01 2.8010e+02 
1595.425140 1.3240e+01 2.7981e+02 
1595.907288 1.3297e+01 2.8001e+02 
1596.389435 1.3314e+01 2.8011e+02 
1596.871582 1.3145e+01 2.7973e+02 
1597.353729 1.3029e+01 2.7948e+02 
1597.835876 1.2981e+01 2.7941e+02 
1598.318024 1.2951e+01 2.7938e+02 
1598.800171 1.2930e+01 2.7938e+02 
1599.282318 1.2912e+01 2.7938e+02 
1599.764465 1.2903e+01 2.7942e+02 
1600.246613 1.2924e+01 2.7952e+02 
1600.728760 1.3032e+01 2.7986e+02 
1601.210907 1.3134e+01 2.8018e+02 
1601.693054 1.3022e+01 2.7994e+02 
1602.175201 1.2934e+01 2.7977e+02 
1602.657349 1.3035e+01 2.8008e+02 
1603.139496 1.3126e+01 2.8037e+02 
1603.621643 1.3020e+01 2.8015e+02 
1604.103790 1.2844e+01 2.7974e+02 
1604.585938 1.2756e+01 2.7956e+02 
1605.068085 1.2721e+01 2.7952e+02 
1605.550232 1.2715e+01 2.7956e+02 
1606.032379 1.2747e+01 2.7970e+02 
1606.514526 1.2866e+01 2.8007e+02 
1606.996674 1.2971e+01 2.8040e+02 
1607.478821 1.2895e+01 2.8025e+02 
1607.960968 1.2746e+01 2.7991e+02 
1608.443115 1.2717e+01 2.7989e+02 
1608.925262 1.2805e+01 2.8017e+02 
1609.407410 1.2888e+01 2.8045e+02 
1609.889557 1.2807e+01 2.8029e+02 
1610.371704 1.2660e+01 2.7995e+02 
1610.853851 1.2577e+01 2.7978e+02 
1611.335999 1.2548e+01 2.7975e+02 
1611.818146 1.2542e+01 2.7979e+02 
1612.300293 1.2545e+01 2.7985e+02 
1612.782440 1.2536e+01 2.7988e+02 
1613.264587 1.2540e+01 2.7995e+02 
1613.746735 1.2543e+01 2.8001e+02 
1614.228882 1.2565e+01 2.8012e+02 
1614.711029 1.2597e+01 2.8026e+02 
1615.193176 1.2636e+01 2.8042e+02 
1615.675323 1.2652e+01 2.8052e+02 
1616.157471 1.2645e+01 2.8055e+02 
1616.639618 1.2624e+01 2.8055e+02 
1617.121765 1.2606e+01 2.8055e+02 
1617.603912 1.2579e+01 2.8053e+02 
1618.086060 1.2534e+01 2.8047e+02 
1618.568207 1.2466e+01 2.8033e+02 
1619.050354 1.2406e+01 2.8023e+02 
1619.532501 1.2355e+01 2.8014e+02 
1620.014648 1.2322e+01 2.8010e+02 
1620.496796 1.2333e+01 2.8019e+02 
1620.978943 1.2328e+01 2.8023e+02 
1621.461090 1.2302e+01 2.8021e+02 
1621.943237 1.2324e+01 2.8032e+02 
1622.425385 1.2360e+01 2.8047e+02 
1622.907532 1.2368e+01 2.8055e+02 
1623.389679 1.2348e+01 2.8055e+02 
1623.871826 1.2328e+01 2.8055e+02 
1624.353973 1.2279e+01 2.8047e+02 
1624.836121 1.2207e+01 2.8032e+02 
1625.318268 1.2145e+01 2.8020e+02 
1625.800415 1.2109e+01 2.8016e+02 
1626.282562 1.2077e+01 2.8012e+02 
1626.764709 1.2100e+01 2.8024e+02 
1627.246857 1.2151e+01 2.8043e+02 
1627.729004 1.2171e+01 2.8054e+02 
1628.211151 1.2134e+01 2.8049e+02 
1628.693298 1.2060e+01 2.8034e+02 
1629.175446 1.1972e+01 2.8015e+02 
1629.657593 1.1898e+01 2.7999e+02 
1630.139740 1.1851e+01 2.7991e+02 
1630.621887 1.1829e+01 2.7991e+02 
1631.104034 1.1814e+01 2.7992e+02 
1631.586182 1.1815e+01 2.7997e+02 
1632.068329 1.1817e+01 2.8003e+02 
1632.550476 1.1821e+01 2.8010e+02 
1633.032623 1.1833e+01 2.8018e+02 
1633.514771 1.1865e+01 2.8033e+02 
1633.996918 1.1893e+01 2.8046e+02 
1634.479065 1.1903e+01 2.8054e+02 
1634.961212 1.1887e+01 2.8055e+02 
1635.443359 1.1870e+01 2.8055e+02 
1635.925507 1.1849e+01 2.8055e+02 
1636.407654 1.1831e+01 2.8055e+02 
1636.889801 1.1809e+01 2.8054e+02 
1637.371948 1.1794e+01 2.8055e+02 
1637.854095 1.1769e+01 2.8053e+02 
1638.336243 1.1720e+01 2.8045e+02 
1638.818390 1.1635e+01 2.8026e+02 
1639.300537 1.1576e+01 2.8014e+02 
1639.782684 1.1576e+01 2.8019e+02 
1640.264832 1.1610e+01 2.8034e+02 
1640.746979 1.1537e+01 2.8019e+02 
1641.229126 1.1463e+01 2.8003e+02 
1641.711273 1.1461e+01 2.8007e+02 
1642.193420 1.1513e+01 2.8028e+02 
1642.675568 1.1488e+01 2.8026e+02 
1643.157715 1.1427e+01 2.8014e+02 
1643.639862 1.1421e+01 2.8017e+02 
1644.122009 1.1441e+01 2.8028e+02 
1644.604156 1.1468e+01 2.8041e+02 
1645.086304 1.1485e+01 2.8052e+02 
1645.568451 1.1478e+01 2.8055e+02 
1646.050598 1.1461e+01 2.8055e+02 
1646.532745 1.1442e+01 2.8055e+02 
1647.014893 1.1424e+01 2.8055e+02 
1647.497040 1.1406e+01 2.8055e+02 
1647.979187 1.1388e+01 2.8055e+02 
1648.461334 1.1367e+01 2.8054e+02 
1648.943481 1.1338e+01 2.8051e+02 
1649.425629 1.1303e+01 2.8046e+02 
1649.907776 1.1279e+01 2.8044e+02 
1650.389923 1.1266e+01 2.8046e+02 
1650.872070 1.1265e+01 2.8051e+02 
1651.354218 1.1258e+01 2.8054e+02 
1651.836365 1.1243e+01 2.8055e+02 
1652.318512 1.1225e+01 2.8055e+02 
1652.800659 1.1208e+01 2.8055e+02 
1653.282806 1.1189e+01 2.8055e+02 
1653.764954 1.1172e+01 2.8055e+02 
1654.247101 1.1153e+01 2.8055e+02 
1654.729248 1.1136e+01 2.8055e+02 
1655.211395 1.1112e+01 2.8053e+02 
1655.693542 1.1077e+01 2.8048e+02 
1656.175690 1.1040e+01 2.8042e+02 
1656.657837 1.1009e+01 2.8038e+02 
1657.139984 1.0973e+01 2.8033e+02 
1657.622131 1.0908e+01 2.8019e+02 
1658.104279 1.0854e+01 2.8008e+02 
1658.586426 1.0824e+01 2.8004e+02 
1659.068573 1.0798e+01 2.8001e+02 
1659.550720 1.0777e+01 2.8000e+02 
1660.032867 1.0767e+01 2.8002e+02 
1660.515015 1.0774e+01 2.8010e+02 
1660.997162 1.0815e+01 2.8027e+02 
1661.479309 1.0853e+01 2.8044e+02 
1661.961456 1.0850e+01 2.8049e+02 
1662.443604 1.0850e+01 2.8054e+02 
1662.925751 1.0836e+01 2.8055e+02 
1663.407898 1.0805e+01 2.8051e+02 
1663.890045 1.0740e+01 2.8036e+02 
1664.372192 1.0669e+01 2.8019e+02 
1664.854340 1.0616e+01 2.8009e+02 
1665.336487 1.0585e+01 2.8004e+02 
1665.818634 1.0560e+01 2.8002e+02 
1666.300781 1.0550e+01 2.8004e+02 
1666.782928 1.0551e+01 2.8009e+02 
1667.265076 1.0572e+01 2.8021e+02 
1667.747223 1.0612e+01 2.8039e+02 
1668.229370 1.0639e+01 2.8053e+02 
1668.711517 1.0629e+01 2.8055e+02 
1669.193665 1.0614e+01 2.8055e+02 
1669.675812 1.0594e+01 2.8055e+02 
1670.157959 1.0572e+01 2.8053e+02 
1670.640106 1.0548e+01 2.8051e+02 
1671.122253 1.0540e+01 2.8054e+02 
1671.604401 1.0525e+01 2.8054e+02 
1672.086548 1.0497e+01 2.8051e+02 
1672.568695 1.0448e+01 2.8040e+02 
1673.050842 1.0396e+01 2.8029e+02 
1673.532990 1.0381e+01 2.8030e+02 
1674.015137 1.0401e+01 2.8042e+02 
1674.497284 1.0416e+01 2.8051e+02 
1674.979431 1.0410e+01 2.8055e+02 
1675.461578 1.0393e+01 2.8055e+02 
1675.943726 1.0371e+01 2.8053e+02 
1676.425873 1.0324e+01 2.8044e+02 
1676.908020 1.0265e+01 2.8030e+02 
1677.390167 1.0228e+01 2.8024e+02 
1677.872314 1.0201e+01 2.8020e+02 
1678.354462 1.0159e+01 2.8012e+02 
1678.836609 1.0161e+01 2.8018e+02 
1679.318756 1.0201e+01 2.8036e+02 
1679.800903 1.0233e+01 2.8052e+02 
1680.283051 1.0224e+01 2.8054e+02 
1680.765198 1.0195e+01 2.8050e+02 
1681.247345 1.0147e+01 2.8040e+02 
1681.729492 1.0131e+01 2.8040e+02 
1682.211639 1.0141e+01 2.8049e+02 
1682.693787 1.0143e+01 2.8054e+02 
1683.175934 1.0128e+01 2.8055e+02 
1683.658081 1.0113e+01 2.8055e+02 
1684.140228 1.0096e+01 2.8055e+02 
1684.622375 1.0081e+01 2.8055e+02 
1685.104523 1.0063e+01 2.8055e+02 
1685.586670 1.0047e+01 2.8055e+02 
1686.068817 1.0022e+01 2.8052e+02 
1686.550964 9.9879e+00 2.8046e+02 
1687.033112 9.9481e+00 2.8039e+02 
1687.515259 9.9383e+00 2.8041e+02 
1687.997406 9.9518e+00 2.8050e+02 
1688.479553 9.9384e+00 2.8051e+02 
1688.961700 9.8932e+00 2.8042e+02 
1689.443848 9.8732e+00 2.8040e+02 
1689.925995 9.8841e+00 2.8049e+02 
1690.408142 9.8594e+00 2.8046e+02 
1690.890289 9.7811e+00 2.8026e+02 
1691.372437 9.7245e+00 2.8012e+02 
1691.854584 9.7118e+00 2.8013e+02 
1692.336731 9.7128e+00 2.8019e+02 
1692.818878 9.6948e+00 2.8018e+02 
1693.301025 9.6995e+00 2.8025e+02 
1693.783173 9.7160e+00 2.8036e+02 
1694.265320 9.7324e+00 2.8046e+02 
1694.747467 9.7360e+00 2.8053e+02 
1695.229614 9.7280e+00 2.8055e+02 
1695.711761 9.7112e+00 2.8055e+02 
1696.193909 9.6968e+00 2.8055e+02 
1696.676056 9.6794e+00 2.8055e+02 
1697.158203 9.6647e+00 2.8055e+02 
1697.640350 9.6456e+00 2.8054e+02 
1698.122498 9.6259e+00 2.8052e+02 
1698.604645 9.6109e+00 2.8053e+02 
1699.086792 9.6018e+00 2.8055e+02 
1699.568939 9.5861e+00 2.8055e+02 
1700.051086 9.5719e+00 2.8055e+02 
1700.533234 9.5551e+00 2.8055e+02 
1701.015381 9.5409e+00 2.8055e+02 
1701.497528 9.5215e+00 2.8054e+02 
1701.979675 9.4962e+00 2.8051e+02 
1702.461823 9.4702e+00 2.8047e+02 
1702.943970 9.4460e+00 2.8044e+02 
1703.426117 9.4236e+00 2.8042e+02 
1703.908264 9.4317e+00 2.8050e+02 
1704.390411 9.4295e+00 2.8054e+02 
1704.872559 9.4106e+00 2.8053e+02 
1705.354706 9.3837e+00 2.8049e+02 
1705.836853 9.3787e+00 2.8052e+02 
1706.319000 9.3696e+00 2.8054e+02 
1706.801147 9.3553e+00 2.8055e+02 
1707.283295 9.3155e+00 2.8046e+02 
1707.765442 9.2416e+00 2.8026e+02 
1708.247589 9.1760e+00 2.8008e+02 
1708.729736 9.1379e+00 2.8000e+02 
1709.211884 9.1306e+00 2.8003e+02 
1709.694031 9.1844e+00 2.8027e+02 
1710.176178 9.2203e+00 2.8045e+02 
1710.658325 9.1606e+00 2.8029e+02 
1711.140472 9.0686e+00 2.8002e+02 
1711.622620 9.0371e+00 2.7996e+02 
1712.104767 9.0388e+00 2.8002e+02 
1712.586914 9.0712e+00 2.8019e+02 
1713.069061 9.0951e+00 2.8032e+02 
1713.551208 9.1077e+00 2.8042e+02 
1714.033356 9.1225e+00 2.8052e+02 
1714.515503 9.1141e+00 2.8055e+02 
1714.997650 9.0994e+00 2.8055e+02 
1715.479797 9.0851e+00 2.8055e+02 
1715.961945 9.0643e+00 2.8053e+02 
1716.444092 9.0509e+00 2.8053e+02 
1716.926239 9.0398e+00 2.8054e+02 
1717.408386 9.0276e+00 2.8055e+02 
1717.890533 9.0113e+00 2.8055e+02 
1718.372681 8.9984e+00 2.8055e+02 
1718.854828 8.9806e+00 2.8054e+02 
1719.336975 8.9509e+00 2.8049e+02 
1719.819122 8.8887e+00 2.8032e+02 
1720.301270 8.8254e+00 2.8014e+02 
1720.783417 8.7786e+00 2.8003e+02 
1721.265564 8.7798e+00 2.8008e+02 
1721.747711 8.7530e+00 2.8004e+02 
1722.229858 8.7008e+00 2.7990e+02 
1722.712006 8.7128e+00 2.8000e+02 
1723.194153 8.7806e+00 2.8029e+02 
1723.676300 8.7780e+00 2.8034e+02 
1724.158447 8.6762e+00 2.8002e+02 
1724.640594 8.5919e+00 2.7976e+02 
1725.122742 8.5432e+00 2.7964e+02 
1725.604889 8.5219e+00 2.7961e+02 
1726.087036 8.5379e+00 2.7972e+02 
1726.569183 8.5622e+00 2.7986e+02 
1727.051331 8.5374e+00 2.7982e+02 
1727.533478 8.5120e+00 2.7978e+02 
1728.015625 8.4923e+00 2.7976e+02 
1728.497772 8.4996e+00 2.7984e+02 
1728.979919 8.5425e+00 2.8005e+02 
1729.462067 8.6141e+00 2.8036e+02 
1729.944214 8.6461e+00 2.8053e+02 
1730.426361 8.6143e+00 2.8047e+02 
1730.908508 8.5473e+00 2.8027e+02 
1731.390656 8.5185e+00 2.8022e+02 
1731.872803 8.5485e+00 2.8038e+02 
1732.354950 8.5661e+00 2.8050e+02 
1732.837097 8.5612e+00 2.8053e+02 
1733.319244 8.5526e+00 2.8055e+02 
1733.801392 8.5387e+00 2.8055e+02 
1734.283539 8.5249e+00 2.8055e+02 
1734.765686 8.5108e+00 2.8055e+02 
1735.247833 8.4932e+00 2.8054e+02 
1735.729980 8.4580e+00 2.8046e+02 
1736.212128 8.4053e+00 2.8031e+02 
1736.694275 8.3624e+00 2.8020e+02 
1737.176422 8.3657e+00 2.8027e+02 
1737.658569 8.3802e+00 2.8037e+02 
1738.140717 8.3437e+00 2.8029e+02 
1738.622864 8.3420e+00 2.8033e+02 
1739.105011 8.3674e+00 2.8048e+02 
1739.587158 8.3719e+00 2.8055e+02 
1740.069305 8.3570e+00 2.8054e+02 
1740.551453 8.3265e+00 2.8048e+02 
1741.033600 8.2639e+00 2.8030e+02 
1741.515747 8.2057e+00 2.8013e+02 
1741.997894 8.1820e+00 2.8009e+02 
1742.480042 8.2160e+00 2.8027e+02 
1742.962189 8.2599e+00 2.8049e+02 
1743.444336 8.2587e+00 2.8053e+02 
1743.926483 8.2181e+00 2.8043e+02 
1744.408630 8.1878e+00 2.8037e+02 
1744.890778 8.1388e+00 2.8023e+02 
1745.372925 8.1218e+00 2.8022e+02 
1745.855072 8.1588e+00 2.8041e+02 
1746.337219 8.1453e+00 2.8041e+02 
1746.819366 8.1466e+00 2.8047e+02 
1747.301514 8.1482e+00 2.8052e+02 
1747.783661 8.1349e+00 2.8052e+02 
1748.265808 8.1212e+00 2.8052e+02 
1748.747955 8.1147e+00 2.8055e+02 
1749.230103 8.0960e+00 2.8053e+02 
1749.712250 8.0567e+00 2.8043e+02 
1750.194397 8.0261e+00 2.8036e+02 
1750.676544 8.0444e+00 2.8048e+02 
1751.158691 8.0464e+00 2.8054e+02 
1751.640839 8.0274e+00 2.8052e+02 
1752.122986 7.9729e+00 2.8036e+02 
1752.605133 7.9343e+00 2.8026e+02 
1753.087280 7.8717e+00 2.8006e+02 
1753.569427 7.7978e+00 2.7982e+02 
1754.051575 7.7557e+00 2.7971e+02 
1754.533722 7.7215e+00 2.7962e+02 
1755.015869 7.7197e+00 2.7966e+02 
1755.498016 7.7475e+00 2.7983e+02 
1755.980164 7.8108e+00 2.8013e+02 
1756.462311 7.8763e+00 2.8044e+02 
1756.944458 7.8804e+00 2.8051e+02 
1757.426605 7.8139e+00 2.8030e+02 
1757.908752 7.7428e+00 2.8006e+02 
1758.390900 7.7485e+00 2.8014e+02 
1758.873047 7.7056e+00 2.8002e+02 
1759.355194 7.6280e+00 2.7976e+02 
1759.837341 7.6200e+00 2.7977e+02 
1760.319489 7.6486e+00 2.7994e+02 
1760.801636 7.7106e+00 2.8024e+02 
1761.283783 7.7575e+00 2.8048e+02 
1761.765930 7.7613e+00 2.8055e+02 
1762.248077 7.7359e+00 2.8050e+02 
1762.730225 7.6705e+00 2.8029e+02 
1763.212372 7.5845e+00 2.7999e+02 
1763.694519 7.5347e+00 2.7984e+02 
1764.176666 7.5091e+00 2.7978e+02 
1764.658813 7.4561e+00 2.7962e+02 
1765.140961 7.4317e+00 2.7957e+02 
1765.623108 7.4167e+00 2.7956e+02 
1766.105255 7.3954e+00 2.7952e+02 
1766.587402 7.4227e+00 2.7968e+02 
1767.069550 7.4765e+00 2.7996e+02 
1767.551697 7.5399e+00 2.8027e+02 
1768.033844 7.5821e+00 2.8049e+02 
1768.515991 7.5522e+00 2.8042e+02 
1768.998138 7.4708e+00 2.8014e+02 
1769.480286 7.4278e+00 2.8001e+02 
1769.962433 7.4430e+00 2.8012e+02 
1770.444580 7.4907e+00 2.8037e+02 
1770.926727 7.5135e+00 2.8052e+02 
1771.408875 7.5092e+00 2.8055e+02 
1771.891022 7.4955e+00 2.8055e+02 
1772.373169 7.4845e+00 2.8055e+02 
1772.855316 7.4712e+00 2.8055e+02 
1773.337463 7.4518e+00 2.8052e+02 
1773.819611 7.4052e+00 2.8038e+02 
1774.301758 7.3485e+00 2.8019e+02 
1774.783905 7.3251e+00 2.8014e+02 
1775.266052 7.3620e+00 2.8035e+02 
1775.748199 7.3675e+00 2.8042e+02 
1776.230347 7.2786e+00 2.8010e+02 
1776.712494 7.1812e+00 2.7974e+02 
1777.194641 7.1276e+00 2.7956e+02 
1777.676788 7.1074e+00 2.7953e+02 
1778.158936 7.1265e+00 2.7966e+02 
1778.641083 7.1848e+00 2.7996e+02 
1779.123230 7.2172e+00 2.8015e+02 
1779.605377 7.1779e+00 2.8003e+02 
1780.087524 7.2056e+00 2.8020e+02 
1780.569672 7.2574e+00 2.8047e+02 
1781.051819 7.2124e+00 2.8033e+02 
1781.533966 7.1365e+00 2.8006e+02 
1782.016113 7.0864e+00 2.7989e+02 
1782.498260 6.9857e+00 2.7951e+02 
1782.980408 6.9376e+00 2.7935e+02 
1783.462555 6.9768e+00 2.7957e+02 
1783.944702 7.0294e+00 2.7985e+02 
1784.426849 7.0662e+00 2.8006e+02 
1784.908997 7.1180e+00 2.8034e+02 
1785.391144 7.0335e+00 2.8002e+02 
1785.873291 6.8931e+00 2.7946e+02 
1786.355438 6.8069e+00 2.7913e+02 
1786.837585 6.7711e+00 2.7902e+02 
1787.319733 6.7585e+00 2.7901e+02 
1787.801880 6.7990e+00 2.7924e+02 
1788.284027 6.8733e+00 2.7962e+02 
1788.766174 6.8620e+00 2.7963e+02 
1789.248322 6.8406e+00 2.7958e+02 
1789.730469 6.9028e+00 2.7991e+02 
1790.212616 6.9574e+00 2.8020e+02 
1790.694763 6.9997e+00 2.8043e+02 
1791.176910 7.0044e+00 2.8051e+02 
1791.659058 6.9855e+00 2.8047e+02 
1792.141205 6.9841e+00 2.8052e+02 
1792.623352 6.9797e+00 2.8055e+02 
1793.105499 6.9608e+00 2.8052e+02 
1793.587646 6.9117e+00 2.8035e+02 
1794.069794 6.8416e+00 2.8009e+02 
1794.551941 6.8054e+00 2.7998e+02 
1795.034088 6.8257e+00 2.8012e+02 
1795.516235 6.8565e+00 2.8031e+02 
1795.998383 6.8729e+00 2.8044e+02 
1796.480530 6.8193e+00 2.8025e+02 
1796.962677 6.7438e+00 2.7996e+02 
1797.444824 6.6578e+00 2.7962e+02 
1797.926971 6.6351e+00 2.7957e+02 
1798.409119 6.6790e+00 2.7982e+02 
1798.891266 6.7428e+00 2.8016e+02 
1799.373413 6.7988e+00 2.8046e+02 
1799.855560 6.7864e+00 2.8046e+02 
1800.337708 6.7105e+00 2.8017e+02 
1800.819855 6.6576e+00 2.7998e+02 
1801.302002 6.5239e+00 2.7942e+02 
1801.784149 5.9875e+00 2.7691e+02 
1802.266296 5.1135e+00 2.7237e+02 
1802.748444 3.9596e+00 2.6529e+02 
