607.505493 8.5066e+01 2.5132e+02 
607.987640 1.0398e+02 2.6618e+02 
608.469788 1.1623e+02 2.7516e+02 
608.951935 1.2252e+02 2.7962e+02 
609.434082 1.2385e+02 2.8056e+02 
609.916229 1.2326e+02 2.8017e+02 
610.398376 1.2327e+02 2.8019e+02 
610.880524 1.2368e+02 2.8050e+02 
611.362671 1.2301e+02 2.8005e+02 
611.844818 1.2290e+02 2.7999e+02 
612.326965 1.2372e+02 2.8058e+02 
612.809113 1.2386e+02 2.8070e+02 
613.291260 1.2402e+02 2.8083e+02 
613.773407 1.2402e+02 2.8084e+02 
614.255554 1.2417e+02 2.8097e+02 
614.737701 1.2431e+02 2.8108e+02 
615.219849 1.2411e+02 2.8096e+02 
615.701996 1.2360e+02 2.8063e+02 
616.184143 1.2342e+02 2.8053e+02 
616.666290 1.2336e+02 2.8051e+02 
617.148438 1.2336e+02 2.8053e+02 
617.630585 1.2332e+02 2.8052e+02 
618.112732 1.2354e+02 2.8069e+02 
618.594879 1.2374e+02 2.8085e+02 
619.077026 1.2382e+02 2.8093e+02 
619.559174 1.2378e+02 2.8092e+02 
620.041321 1.2357e+02 2.8080e+02 
620.523468 1.2342e+02 2.8071e+02 
621.005615 1.2332e+02 2.8066e+02 
621.487762 1.2250e+02 2.8013e+02 
621.969910 1.2263e+02 2.8023e+02 
622.452057 1.2353e+02 2.8087e+02 
622.934204 1.2307e+02 2.8058e+02 
623.416351 1.2307e+02 2.8060e+02 
623.898499 1.2342e+02 2.8086e+02 
624.380646 1.2336e+02 2.8084e+02 
624.862793 1.2307e+02 2.8067e+02 
625.344940 1.2286e+02 2.8054e+02 
625.827087 1.2292e+02 2.8060e+02 
626.309235 1.2300e+02 2.8069e+02 
626.791382 1.2312e+02 2.8079e+02 
627.273529 1.2321e+02 2.8087e+02 
627.755676 1.2315e+02 2.8086e+02 
628.237823 1.2313e+02 2.8086e+02 
628.719971 1.2307e+02 2.8085e+02 
629.202118 1.2292e+02 2.8077e+02 
629.684265 1.2293e+02 2.8079e+02 
630.166412 1.2293e+02 2.8082e+02 
630.648560 1.2269e+02 2.8068e+02 
631.130707 1.2269e+02 2.8070e+02 
631.612854 1.2275e+02 2.8077e+02 
632.095001 1.2252e+02 2.8064e+02 
632.577148 1.2234e+02 2.8053e+02 
633.059296 1.2230e+02 2.8053e+02 
633.541443 1.2226e+02 2.8053e+02 
634.023590 1.2230e+02 2.8058e+02 
634.505737 1.2231e+02 2.8061e+02 
634.987885 1.2220e+02 2.8056e+02 
635.470032 1.2212e+02 2.8053e+02 
635.952179 1.2212e+02 2.8056e+02 
636.434326 1.2210e+02 2.8056e+02 
636.916473 1.2202e+02 2.8054e+02 
637.398621 1.2199e+02 2.8054e+02 
637.880768 1.2194e+02 2.8053e+02 
638.362915 1.2190e+02 2.8053e+02 
638.845062 1.2189e+02 2.8055e+02 
639.327209 1.2185e+02 2.8054e+02 
639.809357 1.2178e+02 2.8053e+02 
640.291504 1.2176e+02 2.8054e+02 
640.773651 1.2172e+02 2.8054e+02 
641.255798 1.2167e+02 2.8053e+02 
641.737946 1.2164e+02 2.8053e+02 
642.220093 1.2160e+02 2.8053e+02 
642.702240 1.2155e+02 2.8052e+02 
643.184387 1.2151e+02 2.8053e+02 
643.666534 1.2147e+02 2.8053e+02 
644.148682 1.2143e+02 2.8052e+02 
644.630829 1.2139e+02 2.8052e+02 
645.112976 1.2135e+02 2.8052e+02 
645.595123 1.2131e+02 2.8052e+02 
646.077271 1.2127e+02 2.8052e+02 
646.559418 1.2123e+02 2.8052e+02 
647.041565 1.2119e+02 2.8052e+02 
647.523712 1.2115e+02 2.8052e+02 
648.005859 1.2111e+02 2.8052e+02 
648.488007 1.2107e+02 2.8052e+02 
648.970154 1.2104e+02 2.8052e+02 
649.452301 1.2099e+02 2.8052e+02 
649.934448 1.2095e+02 2.8052e+02 
650.416595 1.2091e+02 2.8052e+02 
650.898743 1.2086e+02 2.8052e+02 
651.380890 1.2082e+02 2.8052e+02 
651.863037 1.2079e+02 2.8052e+02 
652.345184 1.2074e+02 2.8052e+02 
652.827332 1.2070e+02 2.8052e+02 
653.309479 1.2066e+02 2.8052e+02 
653.791626 1.2062e+02 2.8052e+02 
654.273773 1.2057e+02 2.8052e+02 
654.755920 1.2053e+02 2.8052e+02 
655.238068 1.2049e+02 2.8052e+02 
655.720215 1.2044e+02 2.8052e+02 
656.202362 1.2040e+02 2.8052e+02 
656.684509 1.2036e+02 2.8052e+02 
657.166656 1.2031e+02 2.8052e+02 
657.648804 1.2027e+02 2.8052e+02 
658.130951 1.2023e+02 2.8052e+02 
658.613098 1.2019e+02 2.8052e+02 
659.095245 1.2014e+02 2.8052e+02 
659.577393 1.2010e+02 2.8052e+02 
660.059540 1.2005e+02 2.8052e+02 
660.541687 1.2001e+02 2.8052e+02 
661.023834 1.1997e+02 2.8052e+02 
661.505981 1.1992e+02 2.8052e+02 
661.988129 1.1987e+02 2.8052e+02 
662.470276 1.1983e+02 2.8052e+02 
662.952423 1.1979e+02 2.8052e+02 
663.434570 1.1974e+02 2.8052e+02 
663.916718 1.1969e+02 2.8052e+02 
664.398865 1.1965e+02 2.8052e+02 
664.881012 1.1960e+02 2.8052e+02 
665.363159 1.1955e+02 2.8052e+02 
665.845306 1.1951e+02 2.8052e+02 
666.327454 1.1947e+02 2.8052e+02 
666.809601 1.1943e+02 2.8052e+02 
667.291748 1.1938e+02 2.8053e+02 
667.773895 1.1933e+02 2.8052e+02 
668.256042 1.1929e+02 2.8053e+02 
668.738190 1.1924e+02 2.8052e+02 
669.220337 1.1919e+02 2.8053e+02 
669.702484 1.1915e+02 2.8052e+02 
670.184631 1.1910e+02 2.8053e+02 
670.666779 1.1905e+02 2.8052e+02 
671.148926 1.1900e+02 2.8053e+02 
671.631073 1.1895e+02 2.8052e+02 
672.113220 1.1890e+02 2.8052e+02 
672.595367 1.1886e+02 2.8052e+02 
673.077515 1.1881e+02 2.8052e+02 
673.559662 1.1876e+02 2.8052e+02 
674.041809 1.1871e+02 2.8052e+02 
674.523956 1.1867e+02 2.8052e+02 
675.006104 1.1861e+02 2.8052e+02 
675.488251 1.1857e+02 2.8052e+02 
675.970398 1.1852e+02 2.8052e+02 
676.452545 1.1847e+02 2.8052e+02 
676.934692 1.1842e+02 2.8052e+02 
677.416840 1.1837e+02 2.8052e+02 
677.898987 1.1832e+02 2.8052e+02 
678.381134 1.1827e+02 2.8052e+02 
678.863281 1.1822e+02 2.8052e+02 
679.345428 1.1818e+02 2.8052e+02 
679.827576 1.1812e+02 2.8052e+02 
680.309723 1.1807e+02 2.8052e+02 
680.791870 1.1803e+02 2.8052e+02 
681.274017 1.1797e+02 2.8052e+02 
681.756165 1.1792e+02 2.8052e+02 
682.238312 1.1787e+02 2.8052e+02 
682.720459 1.1782e+02 2.8052e+02 
683.202606 1.1776e+02 2.8052e+02 
683.684753 1.1772e+02 2.8052e+02 
684.166901 1.1767e+02 2.8052e+02 
684.649048 1.1761e+02 2.8052e+02 
685.131195 1.1756e+02 2.8052e+02 
685.613342 1.1751e+02 2.8052e+02 
686.095490 1.1746e+02 2.8052e+02 
686.577637 1.1740e+02 2.8052e+02 
687.059784 1.1736e+02 2.8052e+02 
687.541931 1.1731e+02 2.8052e+02 
688.024078 1.1725e+02 2.8052e+02 
688.506226 1.1720e+02 2.8052e+02 
688.988373 1.1715e+02 2.8052e+02 
689.470520 1.1709e+02 2.8052e+02 
689.952667 1.1704e+02 2.8052e+02 
690.434814 1.1699e+02 2.8052e+02 
690.916962 1.1693e+02 2.8052e+02 
691.399109 1.1688e+02 2.8052e+02 
691.881256 1.1683e+02 2.8052e+02 
692.363403 1.1678e+02 2.8052e+02 
692.845551 1.1673e+02 2.8052e+02 
693.327698 1.1667e+02 2.8052e+02 
693.809845 1.1662e+02 2.8052e+02 
694.291992 1.1656e+02 2.8052e+02 
694.774139 1.1651e+02 2.8052e+02 
695.256287 1.1646e+02 2.8052e+02 
695.738434 1.1641e+02 2.8053e+02 
696.220581 1.1635e+02 2.8053e+02 
696.702728 1.1629e+02 2.8052e+02 
697.184875 1.1625e+02 2.8053e+02 
697.667023 1.1621e+02 2.8054e+02 
698.149170 1.1613e+02 2.8052e+02 
698.631317 1.1610e+02 2.8054e+02 
699.113464 1.1614e+02 2.8060e+02 
699.595612 1.1607e+02 2.8059e+02 
700.077759 1.1593e+02 2.8054e+02 
700.559906 1.1595e+02 2.8058e+02 
701.042053 1.1598e+02 2.8064e+02 
701.524200 1.1584e+02 2.8059e+02 
702.006348 1.1578e+02 2.8058e+02 
702.488495 1.1584e+02 2.8066e+02 
702.970642 1.1576e+02 2.8064e+02 
703.452789 1.1559e+02 2.8057e+02 
703.934937 1.1563e+02 2.8063e+02 
704.417084 1.1570e+02 2.8071e+02 
704.899231 1.1548e+02 2.8061e+02 
705.381378 1.1532e+02 2.8054e+02 
705.863525 1.1549e+02 2.8069e+02 
706.345673 1.1553e+02 2.8075e+02 
706.827820 1.1538e+02 2.8069e+02 
707.309967 1.1533e+02 2.8069e+02 
707.792114 1.1535e+02 2.8075e+02 
708.274261 1.1541e+02 2.8082e+02 
708.756409 1.1548e+02 2.8090e+02 
709.238556 1.1548e+02 2.8094e+02 
709.720703 1.1533e+02 2.8088e+02 
710.202850 1.1529e+02 2.8089e+02 
710.684998 1.1516e+02 2.8085e+02 
711.167145 1.1511e+02 2.8085e+02 
711.649292 1.1508e+02 2.8087e+02 
712.131439 1.1460e+02 2.8059e+02 
712.613586 1.1384e+02 2.8013e+02 
713.095734 1.1434e+02 2.8050e+02 
713.577881 1.1443e+02 2.8060e+02 
714.060028 1.1353e+02 2.8005e+02 
714.542175 1.1340e+02 2.8000e+02 
715.024323 1.1428e+02 2.8061e+02 
715.506470 1.1130e+02 2.7869e+02 
715.988617 1.0925e+02 2.7737e+02 
716.470764 1.1292e+02 2.7984e+02 
716.952911 1.1307e+02 2.7998e+02 
717.435059 1.1101e+02 2.7866e+02 
717.917206 1.1280e+02 2.7988e+02 
718.399353 1.1428e+02 2.8088e+02 
718.881500 1.1401e+02 2.8075e+02 
719.363647 1.1373e+02 2.8060e+02 
719.845795 1.1353e+02 2.8051e+02 
720.327942 1.1351e+02 2.8053e+02 
720.810089 1.1366e+02 2.8068e+02 
721.292236 1.1321e+02 2.8042e+02 
721.774384 1.1023e+02 2.7850e+02 
722.256531 1.0722e+02 2.7654e+02 
722.738678 1.0207e+02 2.7308e+02 
723.220825 9.9717e+01 2.7150e+02 
723.702972 1.0504e+02 2.7519e+02 
724.185120 1.0279e+02 2.7370e+02 
724.667267 9.7310e+01 2.6995e+02 
725.149414 1.0433e+02 2.7484e+02 
725.631561 1.0541e+02 2.7561e+02 
726.113708 9.8030e+01 2.7058e+02 
726.595856 1.0297e+02 2.7404e+02 
727.078003 1.0813e+02 2.7755e+02 
727.560150 1.0081e+02 2.7264e+02 
728.042297 1.0209e+02 2.7356e+02 
728.524445 1.1055e+02 2.7927e+02 
729.006592 1.1268e+02 2.8071e+02 
729.488739 1.1192e+02 2.8025e+02 
729.970886 1.1199e+02 2.8034e+02 
730.453033 1.1270e+02 2.8084e+02 
730.935181 1.1247e+02 2.8074e+02 
731.417328 1.1205e+02 2.8050e+02 
731.899475 1.0818e+02 2.7800e+02 
732.381622 1.0184e+02 2.7377e+02 
732.863770 1.0525e+02 2.7612e+02 
733.345917 1.0797e+02 2.7798e+02 
733.828064 1.0121e+02 2.7347e+02 
734.310211 1.0322e+02 2.7488e+02 
734.792358 1.0779e+02 2.7799e+02 
735.274506 1.0166e+02 2.7391e+02 
735.756653 1.0136e+02 2.7374e+02 
736.238800 1.0726e+02 2.7776e+02 
736.720947 1.0218e+02 2.7439e+02 
737.203094 1.0030e+02 2.7315e+02 
737.685242 1.0654e+02 2.7741e+02 
738.167389 1.0333e+02 2.7530e+02 
738.649536 9.9644e+01 2.7283e+02 
739.131683 1.0607e+02 2.7722e+02 
739.613831 1.0696e+02 2.7786e+02 
740.095978 1.0698e+02 2.7792e+02 
740.578125 1.1050e+02 2.8027e+02 
741.060272 1.1142e+02 2.8091e+02 
741.542419 1.1060e+02 2.8042e+02 
742.024567 1.0950e+02 2.7975e+02 
742.506714 1.0607e+02 2.7752e+02 
742.988861 9.5825e+01 2.7057e+02 
743.471008 9.9027e+01 2.7284e+02 
743.953156 1.0840e+02 2.7919e+02 
744.435303 1.0922e+02 2.7977e+02 
744.917450 1.0980e+02 2.8019e+02 
745.399597 1.0349e+02 2.7606e+02 
745.881744 8.6948e+01 2.6447e+02 
746.363892 8.7508e+01 2.6493e+02 
746.846039 9.7992e+01 2.7244e+02 
747.328186 8.7848e+01 2.6527e+02 
747.810333 9.0589e+01 2.6731e+02 
748.292480 1.0355e+02 2.7636e+02 
748.774628 9.3416e+01 2.6942e+02 
749.256775 8.4022e+01 2.6263e+02 
749.738922 9.3714e+01 2.6972e+02 
750.221069 8.4302e+01 2.6293e+02 
750.703217 7.6450e+01 2.5696e+02 
751.185364 9.0566e+01 2.6762e+02 
751.667511 9.0442e+01 2.6757e+02 
752.149658 9.1345e+01 2.6827e+02 
752.631805 9.7517e+01 2.7265e+02 
753.113953 8.9189e+01 2.6681e+02 
753.596100 9.1034e+01 2.6818e+02 
754.078247 1.0471e+02 2.7766e+02 
754.560394 1.0568e+02 2.7834e+02 
755.042542 9.0421e+01 2.6788e+02 
755.524689 8.6668e+01 2.6521e+02 
756.006836 8.8776e+01 2.6679e+02 
756.488983 7.1107e+01 2.5327e+02 
756.971130 7.5137e+01 2.5656e+02 
757.453278 7.9038e+01 2.5966e+02 
757.935425 6.2769e+01 2.4637e+02 
758.417572 6.4362e+01 2.4781e+02 
758.899719 7.2435e+01 2.5460e+02 
759.381866 6.0167e+01 2.4422e+02 
759.864014 6.1371e+01 2.4535e+02 
760.346161 7.4058e+01 2.5605e+02 
760.828308 6.4594e+01 2.4827e+02 
761.310455 6.0200e+01 2.4446e+02 
761.792603 6.7865e+01 2.5114e+02 
762.274750 5.7963e+01 2.4254e+02 
762.756897 5.4464e+01 2.3933e+02 
763.239044 6.2465e+01 2.4667e+02 
763.721191 5.6859e+01 2.4168e+02 
764.203339 5.2578e+01 2.3768e+02 
764.685486 6.0274e+01 2.4489e+02 
765.167633 5.6506e+01 2.4151e+02 
765.649780 5.1517e+01 2.3681e+02 
766.131927 5.7032e+01 2.4211e+02 
766.614075 5.6843e+01 2.4198e+02 
767.096222 5.9972e+01 2.4488e+02 
767.578369 6.2646e+01 2.4730e+02 
768.060516 5.7806e+01 2.4303e+02 
768.542664 6.8809e+01 2.5265e+02 
769.024811 8.0590e+01 2.6203e+02 
769.506958 7.3161e+01 2.5629e+02 
769.989105 7.8012e+01 2.6015e+02 
770.471252 6.7870e+01 2.5207e+02 
770.953400 5.4607e+01 2.4037e+02 
771.435547 5.2091e+01 2.3802e+02 
771.917694 4.9570e+01 2.3559e+02 
772.399841 5.0590e+01 2.3666e+02 
772.881989 4.9969e+01 2.3610e+02 
773.364136 4.9012e+01 2.3520e+02 
773.846283 5.0146e+01 2.3638e+02 
774.328430 5.2898e+01 2.3912e+02 
774.810577 5.8294e+01 2.4422e+02 
775.292725 8.0656e+01 2.6272e+02 
775.774872 8.4259e+01 2.6546e+02 
776.257019 7.2682e+01 2.5662e+02 
776.739166 8.7461e+01 2.6790e+02 
777.221313 8.7160e+01 2.6773e+02 
777.703461 6.2567e+01 2.4833e+02 
778.185608 5.2543e+01 2.3921e+02 
778.667755 5.8868e+01 2.4516e+02 
779.149902 7.7123e+01 2.6042e+02 
779.632050 6.8563e+01 2.5363e+02 
780.114197 5.1383e+01 2.3831e+02 
780.596344 4.8267e+01 2.3526e+02 
781.078491 4.6332e+01 2.3334e+02 
781.560638 4.6656e+01 2.3373e+02 
782.042786 4.7941e+01 2.3510e+02 
782.524933 4.8297e+01 2.3551e+02 
783.007080 5.0691e+01 2.3795e+02 
783.489227 6.0531e+01 2.4718e+02 
783.971375 8.2211e+01 2.6478e+02 
784.453522 9.7687e+01 2.7582e+02 
784.935669 8.2579e+01 2.6515e+02 
785.417816 5.9882e+01 2.4681e+02 
785.899963 4.9588e+01 2.3719e+02 
786.382111 4.6729e+01 2.3435e+02 
786.864258 4.5760e+01 2.3340e+02 
787.346405 4.5020e+01 2.3268e+02 
787.828552 4.4948e+01 2.3266e+02 
788.310699 4.3924e+01 2.3163e+02 
788.792847 4.3146e+01 2.3085e+02 
789.274994 4.2732e+01 2.3046e+02 
789.757141 4.3309e+01 2.3114e+02 
790.239288 4.2896e+01 2.3075e+02 
790.721436 4.3873e+01 2.3185e+02 
791.203583 5.6250e+01 2.4417e+02 
791.685730 7.5896e+01 2.6079e+02 
792.167877 6.9342e+01 2.5562e+02 
792.650024 5.5181e+01 2.4334e+02 
793.132172 5.5279e+01 2.4348e+02 
793.614319 7.4888e+01 2.6020e+02 
794.096466 7.9806e+01 2.6403e+02 
794.578613 6.1424e+01 2.4919e+02 
795.060760 6.4390e+01 2.5180e+02 
795.542908 8.6858e+01 2.6938e+02 
796.025055 9.4994e+01 2.7514e+02 
796.507202 7.5831e+01 2.6125e+02 
796.989349 6.7188e+01 2.5437e+02 
797.471497 7.8036e+01 2.6305e+02 
797.953644 8.6392e+01 2.6929e+02 
798.435791 9.7079e+01 2.7680e+02 
798.917938 9.5305e+01 2.7564e+02 
799.400085 7.0676e+01 2.5748e+02 
799.882233 5.3271e+01 2.4236e+02 
800.364380 4.6774e+01 2.3600e+02 
800.846527 4.3939e+01 2.3309e+02 
801.328674 4.4641e+01 2.3389e+02 
801.810822 4.4921e+01 2.3424e+02 
802.292969 4.8324e+01 2.3780e+02 
802.775116 7.0196e+01 2.5746e+02 
803.257263 8.9028e+01 2.7172e+02 
803.739410 7.6494e+01 2.6253e+02 
804.221558 5.1989e+01 2.4162e+02 
804.703705 4.4163e+01 2.3378e+02 
805.185852 4.1229e+01 2.3065e+02 
805.667999 4.5313e+01 2.3510e+02 
806.150146 4.9990e+01 2.3990e+02 
806.632294 4.5309e+01 2.3521e+02 
807.114441 4.1860e+01 2.3157e+02 
807.596588 5.2306e+01 2.4231e+02 
808.078735 7.5804e+01 2.6246e+02 
808.560883 6.5737e+01 2.5443e+02 
809.043030 4.4944e+01 2.3510e+02 
809.525177 4.0754e+01 2.3063e+02 
810.007324 3.7768e+01 2.2729e+02 
810.489471 3.8474e+01 2.2816e+02 
810.971619 3.8801e+01 2.2860e+02 
811.453766 3.7913e+01 2.2763e+02 
811.935913 3.7228e+01 2.2688e+02 
812.418060 3.9357e+01 2.2940e+02 
812.900208 3.9351e+01 2.2945e+02 
813.382355 5.1403e+01 2.4210e+02 
813.864502 7.1300e+01 2.5956e+02 
814.346649 7.5855e+01 2.6318e+02 
814.828796 5.9765e+01 2.4999e+02 
815.310944 4.2559e+01 2.3329e+02 
815.793091 3.9049e+01 2.2944e+02 
816.275238 3.7420e+01 2.2762e+02 
816.757385 3.7489e+01 2.2775e+02 
817.239532 3.6465e+01 2.2660e+02 
817.721680 3.5719e+01 2.2577e+02 
818.203827 3.5292e+01 2.2530e+02 
818.685974 3.5997e+01 2.2621e+02 
819.168121 3.5154e+01 2.2525e+02 
819.650269 3.4992e+01 2.2511e+02 
820.132416 3.5241e+01 2.2547e+02 
820.614563 3.5085e+01 2.2534e+02 
821.096710 3.4490e+01 2.2466e+02 
821.578857 3.4807e+01 2.2511e+02 
822.061005 3.4922e+01 2.2531e+02 
822.543152 3.5052e+01 2.2553e+02 
823.025299 3.4978e+01 2.2549e+02 
823.507446 3.4609e+01 2.2510e+02 
823.989594 3.4454e+01 2.2496e+02 
824.471741 3.8054e+01 2.2932e+02 
824.953888 5.1866e+01 2.4387e+02 
825.436035 5.0432e+01 2.4254e+02 
825.918182 3.6730e+01 2.2794e+02 
826.400330 3.6514e+01 2.2774e+02 
826.882477 4.4512e+01 2.3672e+02 
827.364624 6.2050e+01 2.5339e+02 
827.846771 6.2724e+01 2.5402e+02 
828.328918 4.2972e+01 2.3525e+02 
828.811066 3.4519e+01 2.2561e+02 
829.293213 3.3763e+01 2.2473e+02 
829.775360 3.3169e+01 2.2405e+02 
830.257507 3.3131e+01 2.2406e+02 
830.739655 3.2940e+01 2.2387e+02 
831.221802 3.2794e+01 2.2374e+02 
831.703949 3.2343e+01 2.2323e+02 
832.186096 3.2483e+01 2.2346e+02 
832.668243 3.2331e+01 2.2333e+02 
833.150391 3.2384e+01 2.2345e+02 
833.632538 3.1988e+01 2.2300e+02 
834.114685 3.2221e+01 2.2336e+02 
834.596832 3.2086e+01 2.2324e+02 
835.078979 3.5806e+01 2.2792e+02 
835.561127 4.0049e+01 2.3290e+02 
836.043274 3.5341e+01 2.2748e+02 
836.525421 3.1789e+01 2.2309e+02 
837.007568 3.1901e+01 2.2329e+02 
837.489716 3.1817e+01 2.2324e+02 
837.971863 3.2738e+01 2.2448e+02 
838.454010 3.2299e+01 2.2397e+02 
838.936157 3.3500e+01 2.2555e+02 
839.418304 4.6918e+01 2.4067e+02 
839.900452 6.7307e+01 2.5921e+02 
840.382599 5.3865e+01 2.4754e+02 
840.864746 3.6577e+01 2.2953e+02 
841.346893 3.5735e+01 2.2858e+02 
841.829041 4.1384e+01 2.3511e+02 
842.311188 3.6882e+01 2.3006e+02 
842.793335 3.1854e+01 2.2392e+02 
843.275482 3.1266e+01 2.2321e+02 
843.757629 3.1250e+01 2.2325e+02 
844.239777 3.1092e+01 2.2310e+02 
844.721924 3.1213e+01 2.2331e+02 
845.204071 3.1285e+01 2.2346e+02 
845.686218 3.1969e+01 2.2441e+02 
846.168365 3.1449e+01 2.2379e+02 
846.650513 3.1415e+01 2.2381e+02 
847.132660 3.1114e+01 2.2347e+02 
847.614807 3.1557e+01 2.2411e+02 
848.096954 3.1481e+01 2.2407e+02 
848.579102 3.3089e+01 2.2618e+02 
849.061249 4.4816e+01 2.3963e+02 
849.543396 6.3268e+01 2.5693e+02 
850.025543 4.9420e+01 2.4440e+02 
850.507690 3.4796e+01 2.2853e+02 
850.989838 3.3359e+01 2.2681e+02 
851.471985 3.6354e+01 2.3052e+02 
851.954132 5.3143e+01 2.4820e+02 
852.436279 7.9216e+01 2.6987e+02 
852.918427 7.3991e+01 2.6597e+02 
853.400574 5.2845e+01 2.4808e+02 
853.882721 4.4747e+01 2.4012e+02 
854.364868 6.1994e+01 2.5640e+02 
854.847015 6.0139e+01 2.5485e+02 
855.329163 3.7661e+01 2.3251e+02 
855.811310 3.1199e+01 2.2462e+02 
856.293457 2.9654e+01 2.2262e+02 
856.775604 2.9490e+01 2.2246e+02 
857.257751 2.8747e+01 2.2150e+02 
857.739899 2.9137e+01 2.2209e+02 
858.222046 3.2222e+01 2.2623e+02 
858.704193 3.3859e+01 2.2835e+02 
859.186340 3.0132e+01 2.2361e+02 
859.668488 3.1109e+01 2.2496e+02 
860.150635 2.8965e+01 2.2215e+02 
860.632782 2.8186e+01 2.2113e+02 
861.114929 2.7712e+01 2.2052e+02 
861.597076 2.7952e+01 2.2091e+02 
862.079224 2.7622e+01 2.2051e+02 
862.561371 2.8004e+01 2.2110e+02 
863.043518 2.7554e+01 2.2053e+02 
863.525665 2.7881e+01 2.2104e+02 
864.007813 2.7899e+01 2.2113e+02 
864.489960 3.3236e+01 2.2826e+02 
864.972107 4.7307e+01 2.4405e+02 
865.454254 5.2289e+01 2.4896e+02 
865.936401 3.6397e+01 2.3229e+02 
866.418549 2.8163e+01 2.2179e+02 
866.900696 2.7302e+01 2.2063e+02 
867.382843 2.7284e+01 2.2066e+02 
867.864990 2.7021e+01 2.2034e+02 
868.347137 2.7136e+01 2.2057e+02 
868.829285 2.6846e+01 2.2021e+02 
869.311432 2.7129e+01 2.2067e+02 
869.793579 2.7150e+01 2.2076e+02 
870.275726 2.8604e+01 2.2286e+02 
870.757874 4.0572e+01 2.3763e+02 
871.240021 5.7001e+01 2.5396e+02 
871.722168 4.2189e+01 2.3951e+02 
872.204315 2.8740e+01 2.2328e+02 
872.686462 2.6961e+01 2.2084e+02 
873.168610 2.6572e+01 2.2033e+02 
873.650757 2.6235e+01 2.1990e+02 
874.132904 2.6192e+01 2.1990e+02 
874.615051 2.6033e+01 2.1972e+02 
875.097198 2.6045e+01 2.1980e+02 
875.579346 2.6324e+01 2.2026e+02 
876.061493 2.6587e+01 2.2070e+02 
876.543640 2.6217e+01 2.2022e+02 
877.025787 2.6198e+01 2.2025e+02 
877.507935 2.6568e+01 2.2085e+02 
877.990082 3.4565e+01 2.3152e+02 
878.472229 4.9071e+01 2.4738e+02 
878.954376 3.9807e+01 2.3776e+02 
879.436523 2.7123e+01 2.2188e+02 
879.918671 2.6149e+01 2.2053e+02 
880.400818 2.6825e+01 2.2157e+02 
880.882965 3.3336e+01 2.3035e+02 
881.365112 3.1923e+01 2.2861e+02 
881.847260 2.6433e+01 2.2117e+02 
882.329407 2.5914e+01 2.2047e+02 
882.811554 2.9911e+01 2.2614e+02 
883.293701 3.6846e+01 2.3488e+02 
883.775848 4.5680e+01 2.4461e+02 
884.257996 3.6844e+01 2.3500e+02 
884.740143 2.6146e+01 2.2110e+02 
885.222290 2.5660e+01 2.2044e+02 
885.704437 2.5326e+01 2.2001e+02 
886.186584 2.6618e+01 2.2196e+02 
886.668732 3.6533e+01 2.3492e+02 
887.150879 5.4805e+01 2.5382e+02 
887.633026 4.3018e+01 2.4228e+02 
888.115173 3.2576e+01 2.3025e+02 
888.597321 3.8626e+01 2.3757e+02 
889.079468 3.1335e+01 2.2877e+02 
889.561615 2.6946e+01 2.2284e+02 
890.043762 3.0651e+01 2.2799e+02 
890.525909 2.7932e+01 2.2435e+02 
891.008057 2.9951e+01 2.2718e+02 
891.490204 3.0912e+01 2.2851e+02 
891.972351 2.5005e+01 2.2028e+02 
892.454498 2.3859e+01 2.1858e+02 
892.936646 2.3481e+01 2.1805e+02 
893.418793 2.3654e+01 2.1838e+02 
893.900940 2.3246e+01 2.1779e+02 
894.383087 2.3450e+01 2.1817e+02 
894.865234 2.3168e+01 2.1778e+02 
895.347382 2.3494e+01 2.1836e+02 
895.829529 2.3737e+01 2.1880e+02 
896.311676 2.4709e+01 2.2035e+02 
896.793823 2.3964e+01 2.1926e+02 
897.275970 2.4996e+01 2.2090e+02 
897.758118 2.6577e+01 2.2329e+02 
898.240265 2.4252e+01 2.1988e+02 
898.722412 2.2764e+01 2.1760e+02 
899.204559 2.2734e+01 2.1761e+02 
899.686707 2.2473e+01 2.1725e+02 
900.168854 2.2607e+01 2.1752e+02 
900.651001 2.2422e+01 2.1728e+02 
901.133148 2.2477e+01 2.1743e+02 
901.615295 2.2251e+01 2.1712e+02 
902.097443 2.2757e+01 2.1800e+02 
902.579590 2.2747e+01 2.1804e+02 
903.061737 2.2602e+01 2.1786e+02 
903.543884 2.2095e+01 2.1710e+02 
904.026031 2.2418e+01 2.1768e+02 
904.508179 2.2106e+01 2.1723e+02 
904.990326 2.3106e+01 2.1890e+02 
905.472473 2.4140e+01 2.2058e+02 
905.954620 3.0412e+01 2.2959e+02 
906.436768 3.3036e+01 2.3303e+02 
906.918915 2.6214e+01 2.2387e+02 
907.401062 2.3198e+01 2.1934e+02 
907.883209 2.4575e+01 2.2154e+02 
908.365356 3.3926e+01 2.3437e+02 
908.847504 5.3161e+01 2.5485e+02 
909.329651 4.4037e+01 2.4593e+02 
909.811798 2.7540e+01 2.2612e+02 
910.293945 2.6822e+01 2.2515e+02 
910.776093 2.4477e+01 2.2173e+02 
911.258240 2.2832e+01 2.1922e+02 
911.740387 2.1886e+01 2.1774e+02 
912.222534 2.2141e+01 2.1822e+02 
912.704681 2.1642e+01 2.1745e+02 
913.186829 2.2343e+01 2.1866e+02 
913.668976 2.6169e+01 2.2461e+02 
914.151123 2.7952e+01 2.2722e+02 
914.633270 2.3012e+01 2.1991e+02 
915.115417 2.2058e+01 2.1843e+02 
915.597565 2.1165e+01 2.1700e+02 
916.079712 2.1682e+01 2.1792e+02 
916.561859 2.1129e+01 2.1706e+02 
917.044006 2.1577e+01 2.1787e+02 
917.526154 2.0922e+01 2.1682e+02 
918.008301 2.4714e+01 2.2297e+02 
918.490448 2.8398e+01 2.2836e+02 
918.972595 2.4285e+01 2.2243e+02 
919.454742 2.0798e+01 2.1684e+02 
919.936890 2.1422e+01 2.1796e+02 
920.419037 2.0889e+01 2.1712e+02 
920.901184 2.4269e+01 2.2263e+02 
921.383331 2.9994e+01 2.3088e+02 
921.865479 4.1917e+01 2.4517e+02 
922.347626 4.1263e+01 2.4452e+02 
922.829773 2.7021e+01 2.2695e+02 
923.311920 2.2039e+01 2.1938e+02 
923.794067 2.0877e+01 2.1750e+02 
924.276215 2.3846e+01 2.2238e+02 
924.758362 3.7499e+01 2.4059e+02 
925.240509 3.7988e+01 2.4121e+02 
925.722656 2.4206e+01 2.2311e+02 
926.204803 2.0883e+01 2.1780e+02 
926.686951 2.0527e+01 2.1725e+02 
927.169098 2.1114e+01 2.1831e+02 
927.651245 2.0051e+01 2.1654e+02 
928.133392 2.0670e+01 2.1767e+02 
928.615540 2.3054e+01 2.2166e+02 
929.097687 2.3929e+01 2.2309e+02 
929.579834 2.0539e+01 2.1762e+02 
930.061981 2.0007e+01 2.1675e+02 
930.544128 2.0128e+01 2.1702e+02 
931.026276 2.0971e+01 2.1853e+02 
931.508423 1.9853e+01 2.1665e+02 
931.990570 1.9800e+01 2.1662e+02 
932.472717 1.9898e+01 2.1685e+02 
932.954865 2.0540e+01 2.1802e+02 
933.437012 1.9259e+01 2.1583e+02 
933.919159 1.8740e+01 2.1495e+02 
934.401306 1.9120e+01 2.1569e+02 
934.883453 2.0360e+01 2.1794e+02 
935.365601 1.9077e+01 2.1573e+02 
935.847748 1.8303e+01 2.1437e+02 
936.329895 1.8969e+01 2.1565e+02 
936.812042 2.0500e+01 2.1842e+02 
937.294189 1.9584e+01 2.1687e+02 
937.776337 1.8502e+01 2.1497e+02 
938.258484 1.9091e+01 2.1610e+02 
938.740631 2.0215e+01 2.1816e+02 
939.222778 1.8467e+01 2.1508e+02 
939.704926 1.7940e+01 2.1415e+02 
940.187073 1.9663e+01 2.1736e+02 
940.669220 2.3655e+01 2.2406e+02 
941.151367 2.3396e+01 2.2371e+02 
941.633514 1.9241e+01 2.1678e+02 
942.115662 1.9716e+01 2.1769e+02 
942.597809 1.9930e+01 2.1812e+02 
943.079956 1.7690e+01 2.1408e+02 
943.562103 1.8256e+01 2.1521e+02 
944.044250 2.1075e+01 2.2027e+02 
944.526398 2.3279e+01 2.2393e+02 
945.008545 2.2051e+01 2.2201e+02 
945.490692 1.9705e+01 2.1807e+02 
945.972839 2.0856e+01 2.2013e+02 
946.454987 2.0324e+01 2.1927e+02 
946.937134 1.9393e+01 2.1769e+02 
947.419281 2.2425e+01 2.2291e+02 
947.901428 3.8172e+01 2.4414e+02 
948.383575 4.4331e+01 2.5088e+02 
948.865723 2.6567e+01 2.2942e+02 
949.347870 2.1350e+01 2.2137e+02 
949.830017 1.9154e+01 2.1761e+02 
950.312164 1.7338e+01 2.1427e+02 
950.794312 1.8242e+01 2.1605e+02 
951.276459 1.9958e+01 2.1921e+02 
951.758606 1.7199e+01 2.1418e+02 
952.240753 1.7205e+01 2.1424e+02 
952.722900 2.0922e+01 2.2105e+02 
953.205048 2.8377e+01 2.3251e+02 
953.687195 2.4435e+01 2.2683e+02 
954.169342 1.9918e+01 2.1949e+02 
954.651489 2.1761e+01 2.2269e+02 
955.133636 2.8163e+01 2.3244e+02 
955.615784 2.8022e+01 2.3230e+02 
956.097931 2.1066e+01 2.2170e+02 
956.580078 1.7211e+01 2.1477e+02 
957.062225 1.5962e+01 2.1234e+02 
957.544373 1.6905e+01 2.1429e+02 
958.026520 1.6823e+01 2.1419e+02 
958.508667 1.6410e+01 2.1342e+02 
958.990814 1.9170e+01 2.1873e+02 
959.472961 2.1049e+01 2.2208e+02 
959.955109 1.8673e+01 2.1794e+02 
960.437256 1.6685e+01 2.1420e+02 
960.919403 1.6305e+01 2.1350e+02 
961.401550 1.6267e+01 2.1348e+02 
961.883698 1.6600e+01 2.1421e+02 
962.365845 1.5701e+01 2.1244e+02 
962.847992 1.5796e+01 2.1269e+02 
963.330139 1.6230e+01 2.1364e+02 
963.812286 1.5553e+01 2.1230e+02 
964.294434 1.5881e+01 2.1304e+02 
964.776581 1.7035e+01 2.1541e+02 
965.258728 1.6569e+01 2.1455e+02 
965.740875 1.9169e+01 2.1954e+02 
966.223022 2.0804e+01 2.2247e+02 
966.705170 2.1346e+01 2.2344e+02 
967.187317 2.0175e+01 2.2150e+02 
967.669464 1.8311e+01 2.1820e+02 
968.151611 1.6545e+01 2.1485e+02 
968.633759 1.5950e+01 2.1370e+02 
969.115906 1.8075e+01 2.1793e+02 
969.598053 1.6229e+01 2.1438e+02 
970.080200 1.7405e+01 2.1677e+02 
970.562347 2.0300e+01 2.2212e+02 
971.044495 2.2700e+01 2.2619e+02 
971.526642 2.6728e+01 2.3238e+02 
972.008789 2.2323e+01 2.2569e+02 
972.490936 1.6715e+01 2.1570e+02 
972.973083 2.0146e+01 2.2214e+02 
973.455231 2.8216e+01 2.3472e+02 
973.937378 2.7072e+01 2.3316e+02 
974.419525 2.1472e+01 2.2458e+02 
974.901672 1.7633e+01 2.1778e+02 
975.383820 2.0698e+01 2.2339e+02 
975.865967 3.1674e+01 2.3963e+02 
976.348114 2.4837e+01 2.3016e+02 
976.830261 1.9095e+01 2.2073e+02 
977.312408 2.4940e+01 2.3043e+02 
977.794556 2.0497e+01 2.2333e+02 
978.276703 1.7201e+01 2.1735e+02 
978.758850 1.6704e+01 2.1643e+02 
979.240997 1.5628e+01 2.1430e+02 
979.723145 1.6322e+01 2.1578e+02 
980.205292 1.5119e+01 2.1334e+02 
980.687439 1.5771e+01 2.1477e+02 
981.169586 1.6610e+01 2.1653e+02 
981.651733 1.6514e+01 2.1639e+02 
982.133881 1.6543e+01 2.1651e+02 
982.616028 1.4964e+01 2.1329e+02 
983.098175 1.5152e+01 2.1375e+02 
983.580322 1.5827e+01 2.1523e+02 
984.062469 1.7388e+01 2.1840e+02 
984.544617 1.6300e+01 2.1631e+02 
985.026764 1.4411e+01 2.1238e+02 
985.508911 1.4609e+01 2.1287e+02 
985.991058 1.4259e+01 2.1215e+02 
986.473206 1.4465e+01 2.1267e+02 
986.955353 1.4188e+01 2.1211e+02 
987.437500 1.4369e+01 2.1257e+02 
987.919647 1.4071e+01 2.1196e+02 
988.401794 1.4032e+01 2.1193e+02 
988.883942 1.4305e+01 2.1260e+02 
989.366089 1.4160e+01 2.1234e+02 
989.848236 1.4600e+01 2.1336e+02 
990.330383 1.4920e+01 2.1412e+02 
990.812531 1.3973e+01 2.1209e+02 
991.294678 1.3906e+01 2.1199e+02 
991.776825 1.4216e+01 2.1275e+02 
992.258972 1.4039e+01 2.1241e+02 
992.741119 1.4198e+01 2.1282e+02 
993.223267 1.4105e+01 2.1267e+02 
993.705414 1.3735e+01 2.1189e+02 
994.187561 1.4649e+01 2.1399e+02 
994.669708 1.4725e+01 2.1421e+02 
995.151855 1.4299e+01 2.1333e+02 
995.634003 1.4565e+01 2.1398e+02 
996.116150 1.3904e+01 2.1256e+02 
996.598297 1.4070e+01 2.1299e+02 
997.080444 1.4760e+01 2.1457e+02 
997.562592 1.4627e+01 2.1434e+02 
998.044739 1.5450e+01 2.1616e+02 
998.526886 1.9279e+01 2.2366e+02 
999.009033 1.9965e+01 2.2494e+02 
999.491180 1.6493e+01 2.1848e+02 
999.973328 1.8840e+01 2.2304e+02 
1000.455475 2.0007e+01 2.2519e+02 
1000.937622 1.6754e+01 2.1917e+02 
1001.419769 1.4903e+01 2.1540e+02 
1001.901917 1.5328e+01 2.1636e+02 
1002.384064 1.5448e+01 2.1667e+02 
1002.866211 1.5550e+01 2.1695e+02 
1003.348358 1.8736e+01 2.2325e+02 
1003.830505 1.9801e+01 2.2523e+02 
1004.312653 1.7995e+01 2.2198e+02 
1004.794800 1.7219e+01 2.2055e+02 
1005.276947 1.5745e+01 2.1764e+02 
1005.759094 1.6271e+01 2.1878e+02 
1006.241241 1.5758e+01 2.1778e+02 
1006.723389 1.6718e+01 2.1979e+02 
1007.205536 1.8041e+01 2.2241e+02 
1007.687683 1.7281e+01 2.2101e+02 
1008.169830 1.6341e+01 2.1920e+02 
1008.651978 1.6534e+01 2.1965e+02 
1009.134125 1.6862e+01 2.2036e+02 
1009.616272 2.4019e+01 2.3290e+02 
1010.098419 2.9391e+01 2.4073e+02 
1010.580566 2.8516e+01 2.3959e+02 
1011.062714 2.4853e+01 2.3435e+02 
1011.544861 1.9066e+01 2.2483e+02 
1012.027008 1.8990e+01 2.2475e+02 
1012.509155 1.7819e+01 2.2263e+02 
1012.991302 1.8134e+01 2.2328e+02 
1013.473450 1.8621e+01 2.2425e+02 
1013.955597 2.6293e+01 2.3684e+02 
1014.437744 3.8083e+01 2.5202e+02 
1014.919891 2.8436e+01 2.4000e+02 
1015.402039 1.9459e+01 2.2600e+02 
1015.884186 1.9089e+01 2.2539e+02 
1016.366333 1.9609e+01 2.2638e+02 
1016.848480 2.0840e+01 2.2859e+02 
1017.330627 2.6858e+01 2.3807e+02 
1017.812775 3.4218e+01 2.4786e+02 
1018.294922 2.6268e+01 2.3733e+02 
1018.777069 2.1365e+01 2.2971e+02 
1019.259216 2.0340e+01 2.2802e+02 
1019.741364 2.0648e+01 2.2861e+02 
1020.223511 2.0529e+01 2.2846e+02 
1020.705658 2.0839e+01 2.2905e+02 
1021.187805 2.0757e+01 2.2897e+02 
1021.669952 2.0457e+01 2.2851e+02 
1022.152100 2.1025e+01 2.2954e+02 
1022.634247 2.1078e+01 2.2969e+02 
1023.116394 2.1302e+01 2.3013e+02 
1023.598541 2.0333e+01 2.2853e+02 
1024.080688 2.0294e+01 2.2852e+02 
1024.562836 2.1085e+01 2.2993e+02 
1025.044983 2.1628e+01 2.3090e+02 
1025.527130 2.0855e+01 2.2966e+02 
1026.009277 2.0085e+01 2.2838e+02 
1026.491425 2.0858e+01 2.2978e+02 
1026.973572 2.1762e+01 2.3136e+02 
1027.455719 2.2075e+01 2.3193e+02 
1027.937866 2.7167e+01 2.3978e+02 
1028.420013 3.4025e+01 2.4890e+02 
1028.902161 3.0409e+01 2.4435e+02 
1029.384308 3.3361e+01 2.4820e+02 
1029.866455 3.0431e+01 2.4450e+02 
1030.348602 2.5371e+01 2.3745e+02 
1030.830750 2.4484e+01 2.3616e+02 
1031.312897 2.2163e+01 2.3254e+02 
1031.795044 2.1794e+01 2.3199e+02 
1032.277191 2.2722e+01 2.3357e+02 
1032.759338 2.3475e+01 2.3483e+02 
1033.241486 2.1987e+01 2.3248e+02 
1033.723633 2.0279e+01 2.2964e+02 
1034.205780 2.0001e+01 2.2921e+02 
1034.687927 2.1488e+01 2.3182e+02 
1035.170074 2.1848e+01 2.3248e+02 
1035.652222 2.1062e+01 2.3122e+02 
1036.134369 2.0324e+01 2.3001e+02 
1036.616516 2.1075e+01 2.3136e+02 
1037.098663 2.1959e+01 2.3290e+02 
1037.580811 2.2767e+01 2.3427e+02 
1038.062958 2.2516e+01 2.3393e+02 
1038.545105 2.2723e+01 2.3432e+02 
1039.027252 2.6102e+01 2.3957e+02 
1039.509399 3.0674e+01 2.4598e+02 
1039.991547 2.5315e+01 2.3852e+02 
1040.473694 2.2829e+01 2.3472e+02 
1040.955841 2.3789e+01 2.3630e+02 
1041.437988 2.3226e+01 2.3547e+02 
1041.920135 1.8584e+01 2.2757e+02 
1042.402283 1.8329e+01 2.2715e+02 
1042.884430 1.7834e+01 2.2627e+02 
1043.366577 1.4847e+01 2.2025e+02 
1043.848724 1.2343e+01 2.1450e+02 
1044.330872 1.4015e+01 2.1852e+02 
1044.813019 1.7523e+01 2.2590e+02 
1045.295166 1.7094e+01 2.2512e+02 
1045.777313 1.6162e+01 2.2331e+02 
1046.259460 1.9144e+01 2.2911e+02 
1046.741608 2.1137e+01 2.3267e+02 
1047.223755 2.0793e+01 2.3214e+02 
1047.705902 2.0859e+01 2.3231e+02 
1048.188049 2.2371e+01 2.3490e+02 
1048.670197 2.5000e+01 2.3909e+02 
1049.152344 3.0780e+01 2.4728e+02 
1049.634491 2.7552e+01 2.4294e+02 
1050.116638 2.5429e+01 2.3990e+02 
1050.598785 2.8563e+01 2.4447e+02 
1051.080933 3.0688e+01 2.4739e+02 
1051.563080 2.8751e+01 2.4484e+02 
1052.045227 2.6908e+01 2.4231e+02 
1052.527374 2.5207e+01 2.3986e+02 
1053.009521 2.2975e+01 2.3645e+02 
1053.491669 2.5391e+01 2.4025e+02 
1053.973816 2.5927e+01 2.4111e+02 
1054.455963 2.3519e+01 2.3749e+02 
1054.938110 2.5838e+01 2.4109e+02 
1055.420258 3.1504e+01 2.4897e+02 
1055.902405 2.9114e+01 2.4586e+02 
1056.384552 2.3556e+01 2.3778e+02 
1056.866699 2.2576e+01 2.3627e+02 
1057.348846 2.4202e+01 2.3891e+02 
1057.830994 2.1655e+01 2.3487e+02 
1058.313141 2.3470e+01 2.3788e+02 
1058.795288 2.4834e+01 2.4005e+02 
1059.277435 2.2772e+01 2.3688e+02 
1059.759583 2.6507e+01 2.4265e+02 
1060.241730 2.9718e+01 2.4720e+02 
1060.723877 2.2378e+01 2.3641e+02 
1061.206024 1.9406e+01 2.3137e+02 
1061.688171 1.8700e+01 2.3014e+02 
1062.170319 2.2829e+01 2.3731e+02 
1062.652466 2.6161e+01 2.4249e+02 
1063.134613 1.9717e+01 2.3216e+02 
1063.616760 1.6137e+01 2.2537e+02 
1064.098907 1.5217e+01 2.2350e+02 
1064.581055 1.5546e+01 2.2425e+02 
1065.063202 1.6017e+01 2.2529e+02 
1065.545349 2.5255e+01 2.4149e+02 
1066.027496 4.3567e+01 2.6418e+02 
1066.509644 3.6357e+01 2.5628e+02 
1066.991791 1.8396e+01 2.3020e+02 
1067.473938 1.4751e+01 2.2289e+02 
1067.956085 1.2410e+01 2.1749e+02 
1068.438232 1.2081e+01 2.1673e+02 
1068.920380 1.3397e+01 2.1999e+02 
1069.402527 1.1852e+01 2.1626e+02 
1069.884674 1.0504e+01 2.1271e+02 
1070.366821 1.3133e+01 2.1953e+02 
1070.848969 1.1275e+01 2.1492e+02 
1071.331116 1.0919e+01 2.1402e+02 
1071.813263 1.3572e+01 2.2074e+02 
1072.295410 1.6559e+01 2.2726e+02 
1072.777557 1.7271e+01 2.2873e+02 
1073.259705 1.5654e+01 2.2551e+02 
1073.741852 1.7431e+01 2.2916e+02 
1074.223999 3.2085e+01 2.5198e+02 
1074.706146 3.0141e+01 2.4950e+02 
1075.188293 1.4376e+01 2.2297e+02 
1075.670441 1.4180e+01 2.2258e+02 
1076.152588 1.5762e+01 2.2608e+02 
1076.634735 1.2132e+01 2.1782e+02 
1077.116882 1.2841e+01 2.1963e+02 
1077.599030 1.2186e+01 2.1807e+02 
1078.081177 1.0540e+01 2.1376e+02 
1078.563324 1.2981e+01 2.2013e+02 
1079.045471 1.0822e+01 2.1466e+02 
1079.527618 1.1602e+01 2.1680e+02 
1080.009766 1.2296e+01 2.1862e+02 
1080.491913 1.0776e+01 2.1470e+02 
1080.974060 1.3723e+01 2.2216e+02 
1081.456207 1.3667e+01 2.2209e+02 
1081.938354 1.1361e+01 2.1644e+02 
1082.420502 1.1698e+01 2.1738e+02 
1082.902649 9.9918e+00 2.1276e+02 
1083.384796 1.1494e+01 2.1696e+02 
1083.866943 1.0521e+01 2.1438e+02 
1084.349091 1.1069e+01 2.1594e+02 
1084.831238 1.2783e+01 2.2039e+02 
1085.313385 1.6273e+01 2.2822e+02 
1085.795532 1.4561e+01 2.2463e+02 
1086.277679 1.0219e+01 2.1381e+02 
1086.759827 1.0272e+01 2.1402e+02 
1087.241974 1.0255e+01 2.1402e+02 
1087.724121 1.1290e+01 2.1693e+02 
1088.206268 1.1189e+01 2.1672e+02 
1088.688416 9.7195e+00 2.1263e+02 
1089.170563 9.8999e+00 2.1322e+02 
1089.652710 9.6667e+00 2.1259e+02 
1090.134857 1.0749e+01 2.1575e+02 
1090.617004 1.7589e+01 2.3146e+02 
1091.099152 3.2482e+01 2.5451e+02 
1091.581299 2.4852e+01 2.4400e+02 
1092.063446 1.1784e+01 2.1873e+02 
1092.545593 9.5820e+00 2.1267e+02 
1093.027740 9.0930e+00 2.1123e+02 
1093.509888 9.1462e+00 2.1145e+02 
1093.992035 8.8035e+00 2.1043e+02 
1094.474182 8.9761e+00 2.1103e+02 
1094.956329 8.6990e+00 2.1020e+02 
1095.438477 8.7271e+00 2.1035e+02 
1095.920624 8.4791e+00 2.0960e+02 
1096.402771 8.8181e+00 2.1075e+02 
1096.884918 8.4931e+00 2.0975e+02 
1097.367065 8.7706e+00 2.1071e+02 
1097.849213 8.7051e+00 2.1056e+02 
1098.331360 9.3731e+00 2.1271e+02 
1098.813507 1.1247e+01 2.1811e+02 
1099.295654 2.3606e+01 2.4299e+02 
1099.777802 3.0441e+01 2.5290e+02 
1100.259949 1.7128e+01 2.3170e+02 
1100.742096 1.5454e+01 2.2833e+02 
1101.224243 3.0000e+01 2.5249e+02 
1101.706390 2.9153e+01 2.5140e+02 
1102.188538 1.3711e+01 2.2463e+02 
1102.670685 1.0752e+01 2.1721e+02 
1103.152832 9.0767e+00 2.1235e+02 
1103.634979 9.2427e+00 2.1292e+02 
1104.117126 8.4803e+00 2.1054e+02 
1104.599274 9.8252e+00 2.1479e+02 
1105.081421 9.7642e+00 2.1466e+02 
1105.563568 1.1285e+01 2.1899e+02 
1106.045715 1.8309e+01 2.3467e+02 
1106.527863 3.7024e+01 2.6187e+02 
1107.010010 3.3993e+01 2.5831e+02 
1107.492157 1.6405e+01 2.3110e+02 
1107.974304 1.0601e+01 2.1741e+02 
1108.456451 1.0156e+01 2.1620e+02 
1108.938599 9.0322e+00 2.1287e+02 
1109.420746 8.8435e+00 2.1233e+02 
1109.902893 9.4772e+00 2.1436e+02 
1110.385040 1.1699e+01 2.2065e+02 
1110.867188 1.9488e+01 2.3742e+02 
1111.349335 3.6503e+01 2.6184e+02 
1111.831482 3.1324e+01 2.5551e+02 
1112.313629 1.4422e+01 2.2744e+02 
1112.795776 9.7238e+00 2.1543e+02 
1113.277924 8.6696e+00 2.1222e+02 
1113.760071 8.5430e+00 2.1186e+02 
1114.242218 8.6071e+00 2.1212e+02 
1114.724365 8.9969e+00 2.1343e+02 
1115.206512 8.5292e+00 2.1198e+02 
1115.688660 8.1981e+00 2.1093e+02 
1116.170807 8.0467e+00 2.1047e+02 
1116.652954 8.6356e+00 2.1249e+02 
1117.135101 1.0523e+01 2.1825e+02 
1117.617249 1.3631e+01 2.2625e+02 
1118.099396 1.0772e+01 2.1906e+02 
1118.581543 9.0201e+00 2.1394e+02 
1119.063690 9.1371e+00 2.1437e+02 
1119.545837 9.4088e+00 2.1526e+02 
1120.027985 1.2173e+01 2.2299e+02 
1120.510132 2.6646e+01 2.5012e+02 
1120.992279 4.4502e+01 2.7176e+02 
1121.474426 3.6244e+01 2.6275e+02 
1121.956573 1.7059e+01 2.3413e+02 
1122.438721 1.0370e+01 2.1843e+02 
1122.920868 8.6842e+00 2.1337e+02 
1123.403015 8.9370e+00 2.1424e+02 
1123.885162 9.4469e+00 2.1588e+02 
1124.367310 8.3237e+00 2.1235e+02 
1124.849457 7.6284e+00 2.1000e+02 
1125.331604 7.7235e+00 2.1039e+02 
1125.813751 7.9815e+00 2.1135e+02 
1126.295898 7.6845e+00 2.1036e+02 
1126.778046 7.4061e+00 2.0942e+02 
1127.260193 7.4660e+00 2.0969e+02 
1127.742340 7.3199e+00 2.0921e+02 
1128.224487 7.2977e+00 2.0918e+02 
1128.706635 7.3434e+00 2.0941e+02 
1129.188782 7.6223e+00 2.1047e+02 
1129.670929 8.4116e+00 2.1325e+02 
1130.153076 8.4901e+00 2.1356e+02 
1130.635223 7.7234e+00 2.1100e+02 
1131.117371 7.7829e+00 2.1126e+02 
1131.599518 8.2343e+00 2.1287e+02 
1132.081665 8.6992e+00 2.1447e+02 
1132.563812 8.9364e+00 2.1529e+02 
1133.045959 1.0078e+01 2.1881e+02 
1133.528107 1.0835e+01 2.2102e+02 
1134.010254 1.2485e+01 2.2540e+02 
1134.492401 1.5943e+01 2.3333e+02 
1134.974548 2.7443e+01 2.5300e+02 
1135.456696 4.4523e+01 2.7352e+02 
1135.938843 4.6034e+01 2.7511e+02 
1136.420990 3.1788e+01 2.5906e+02 
1136.903137 2.9626e+01 2.5626e+02 
1137.385284 3.8369e+01 2.6712e+02 
1137.867432 2.6644e+01 2.5219e+02 
1138.349579 1.2985e+01 2.2713e+02 
1138.831726 9.7130e+00 2.1840e+02 
1139.313873 8.6205e+00 2.1504e+02 
1139.796021 8.7279e+00 2.1545e+02 
1140.278168 8.6465e+00 2.1524e+02 
1140.760315 8.2602e+00 2.1401e+02 
1141.242462 1.0366e+01 2.2059e+02 
1141.724609 1.1035e+01 2.2251e+02 
1142.206757 8.0790e+00 2.1356e+02 
1142.688904 7.5981e+00 2.1192e+02 
1143.171051 7.6058e+00 2.1201e+02 
1143.653198 8.1636e+00 2.1401e+02 
1144.135345 7.5716e+00 2.1199e+02 
1144.617493 7.7522e+00 2.1269e+02 
1145.099640 7.6983e+00 2.1256e+02 
1145.581787 8.0628e+00 2.1389e+02 
1146.063934 7.8985e+00 2.1337e+02 
1146.546082 8.3888e+00 2.1510e+02 
1147.028229 8.6115e+00 2.1589e+02 
1147.510376 9.4759e+00 2.1868e+02 
1147.992523 9.5624e+00 2.1900e+02 
1148.474670 1.2061e+01 2.2601e+02 
1148.956818 2.3605e+01 2.4890e+02 
1149.438965 3.6975e+01 2.6696e+02 
1149.921112 2.5415e+01 2.5181e+02 
1150.403259 1.3743e+01 2.3034e+02 
1150.885406 1.5454e+01 2.3422e+02 
1151.367554 2.7707e+01 2.5533e+02 
1151.849701 3.1548e+01 2.6060e+02 
1152.331848 3.4243e+01 2.6405e+02 
1152.813995 2.6299e+01 2.5347e+02 
1153.296143 1.3627e+01 2.3041e+02 
1153.778290 9.9773e+00 2.2091e+02 
1154.260437 1.0161e+01 2.2150e+02 
1154.742584 1.1252e+01 2.2461e+02 
1155.224731 9.2523e+00 2.1888e+02 
1155.706879 8.3921e+00 2.1616e+02 
1156.189026 7.9373e+00 2.1466e+02 
1156.671173 8.0720e+00 2.1518e+02 
1157.153320 7.8271e+00 2.1438e+02 
1157.635468 8.1431e+00 2.1554e+02 
1158.117615 8.5572e+00 2.1698e+02 
1158.599762 8.5972e+00 2.1717e+02 
1159.081909 8.1605e+00 2.1576e+02 
1159.564056 8.1739e+00 2.1586e+02 
1160.046204 8.3075e+00 2.1637e+02 
1160.528351 8.7782e+00 2.1798e+02 
1161.010498 9.1541e+00 2.1924e+02 
1161.492645 9.1962e+00 2.1942e+02 
1161.974792 9.2005e+00 2.1949e+02 
1162.456940 9.4482e+00 2.2032e+02 
1162.939087 9.5606e+00 2.2071e+02 
1163.421234 1.0608e+01 2.2384e+02 
1163.903381 1.3958e+01 2.3242e+02 
1164.385529 1.8492e+01 2.4191e+02 
1164.867676 3.4398e+01 2.6574e+02 
1165.349823 4.4052e+01 2.7662e+02 
1165.831970 3.7128e+01 2.6911e+02 
1166.314117 2.2039e+01 2.4842e+02 
1166.796265 1.2503e+01 2.2926e+02 
1167.278412 1.0359e+01 2.2357e+02 
1167.760559 8.1479e+00 2.1671e+02 
1168.242706 7.9986e+00 2.1625e+02 
1168.724854 8.6745e+00 2.1858e+02 
1169.207001 1.0994e+01 2.2558e+02 
1169.689148 1.0952e+01 2.2552e+02 
1170.171295 1.1073e+01 2.2591e+02 
1170.653442 1.0226e+01 2.2358e+02 
1171.135590 1.1774e+01 2.2789e+02 
1171.617737 1.2520e+01 2.2986e+02 
1172.099884 1.2994e+01 2.3108e+02 
1172.582031 1.5377e+01 2.3659e+02 
1173.064178 2.4169e+01 2.5265e+02 
1173.546326 3.8667e+01 2.7180e+02 
1174.028473 4.6275e+01 2.7993e+02 
1174.510620 4.6575e+01 2.8028e+02 
1174.992767 4.1271e+01 2.7484e+02 
1175.474915 2.8717e+01 2.5963e+02 
1175.957062 2.0051e+01 2.4613e+02 
1176.439209 1.7868e+01 2.4213e+02 
1176.921356 1.4980e+01 2.3624e+02 
1177.403503 1.1339e+01 2.2746e+02 
1177.885651 1.0576e+01 2.2541e+02 
1178.367798 1.3318e+01 2.3259e+02 
1178.849945 1.4075e+01 2.3443e+02 
1179.332092 9.6955e+00 2.2300e+02 
1179.814240 9.2928e+00 2.2182e+02 
1180.296387 1.2761e+01 2.3146e+02 
1180.778534 1.8685e+01 2.4420e+02 
1181.260681 1.3635e+01 2.3368e+02 
1181.742828 9.2812e+00 2.2201e+02 
1182.224976 8.6732e+00 2.2012e+02 
1182.707123 8.8974e+00 2.2090e+02 
1183.189270 8.9798e+00 2.2122e+02 
1183.671417 1.1682e+01 2.2910e+02 
1184.153564 1.4470e+01 2.3594e+02 
1184.635712 1.2815e+01 2.3210e+02 
1185.117859 1.4333e+01 2.3575e+02 
1185.600006 2.0078e+01 2.4732e+02 
1186.082153 2.7822e+01 2.5963e+02 
1186.564301 3.9662e+01 2.7447e+02 
1187.046448 4.4379e+01 2.7957e+02 
1187.528595 3.7751e+01 2.7243e+02 
1188.010742 2.4580e+01 2.5507e+02 
1188.492889 1.6210e+01 2.4022e+02 
1188.975037 1.2475e+01 2.3176e+02 
1189.457184 1.0944e+01 2.2778e+02 
1189.939331 1.1173e+01 2.2846e+02 
1190.421478 1.3237e+01 2.3380e+02 
1190.903625 1.6679e+01 2.4147e+02 
1191.385773 1.7962e+01 2.4407e+02 
1191.867920 1.1764e+01 2.3026e+02 
1192.350067 1.0300e+01 2.2628e+02 
1192.832214 1.0880e+01 2.2798e+02 
1193.314362 1.4568e+01 2.3723e+02 
1193.796509 1.2855e+01 2.3326e+02 
1194.278656 8.5022e+00 2.2092e+02 
1194.760803 8.6969e+00 2.2162e+02 
1195.242950 1.0665e+01 2.2766e+02 
1195.725098 1.1507e+01 2.3003e+02 
1196.207245 1.3139e+01 2.3423e+02 
1196.689392 1.3344e+01 2.3478e+02 
1197.171539 1.8559e+01 2.4589e+02 
1197.653687 3.1930e+01 2.6657e+02 
1198.135834 4.1600e+01 2.7798e+02 
1198.617981 3.4468e+01 2.6987e+02 
1199.100128 2.0910e+01 2.5037e+02 
1199.582275 1.3256e+01 2.3491e+02 
1200.064423 1.0371e+01 2.2737e+02 
1200.546570 9.1584e+00 2.2377e+02 
1201.028717 9.8178e+00 2.2585e+02 
1201.510864 9.5827e+00 2.2520e+02 
1201.993011 8.5749e+00 2.2204e+02 
1202.475159 7.9191e+00 2.1985e+02 
1202.957306 8.2711e+00 2.2113e+02 
1203.439453 8.0945e+00 2.2057e+02 
1203.921600 8.0325e+00 2.2041e+02 
1204.403748 7.5352e+00 2.1869e+02 
1204.885895 9.1921e+00 2.2437e+02 
1205.368042 1.0794e+01 2.2918e+02 
1205.850189 1.8462e+01 2.4673e+02 
1206.332336 1.9631e+01 2.4895e+02 
1206.814484 1.2139e+01 2.3296e+02 
1207.296631 1.0532e+01 2.2866e+02 
1207.778778 9.7487e+00 2.2642e+02 
1208.260925 1.1294e+01 2.3090e+02 
1208.743073 1.5517e+01 2.4112e+02 
1209.225220 1.5676e+01 2.4152e+02 
1209.707367 1.5479e+01 2.4115e+02 
1210.189514 1.8826e+01 2.4792e+02 
1210.671661 2.8334e+01 2.6328e+02 
1211.153809 3.9182e+01 2.7688e+02 
1211.635956 4.2235e+01 2.8028e+02 
1212.118103 4.2392e+01 2.8050e+02 
1212.600250 4.0468e+01 2.7848e+02 
1213.082397 3.1645e+01 2.6804e+02 
1213.564545 2.0492e+01 2.5135e+02 
1214.046692 1.5195e+01 2.4104e+02 
1214.528839 1.7509e+01 2.4590e+02 
1215.010986 2.2806e+01 2.5544e+02 
1215.493134 2.0062e+01 2.5081e+02 
1215.975281 1.5934e+01 2.4285e+02 
1216.457428 1.3794e+01 2.3814e+02 
1216.939575 1.3169e+01 2.3671e+02 
1217.421722 1.7409e+01 2.4604e+02 
1217.903870 2.8579e+01 2.6449e+02 
1218.386017 3.8655e+01 2.7716e+02 
1218.868164 3.5810e+01 2.7391e+02 
1219.350311 2.4717e+01 2.5899e+02 
1219.832458 1.9620e+01 2.5052e+02 
1220.314606 2.1808e+01 2.5441e+02 
1220.796753 2.4884e+01 2.5942e+02 
1221.278900 2.3336e+01 2.5705e+02 
1221.761047 2.0939e+01 2.5309e+02 
1222.243195 2.1021e+01 2.5329e+02 
1222.725342 2.0821e+01 2.5300e+02 
1223.207489 1.8842e+01 2.4948e+02 
1223.689636 2.1064e+01 2.5354e+02 
1224.171783 2.9269e+01 2.6619e+02 
1224.653931 3.7772e+01 2.7690e+02 
1225.136078 4.1094e+01 2.8067e+02 
1225.618225 3.9499e+01 2.7897e+02 
1226.100372 3.3097e+01 2.7145e+02 
1226.582520 2.4626e+01 2.5971e+02 
1227.064667 1.9635e+01 2.5140e+02 
1227.546814 1.3204e+01 2.3802e+02 
1228.028961 1.1029e+01 2.3244e+02 
1228.511108 1.2707e+01 2.3691e+02 
1228.993256 1.8860e+01 2.5019e+02 
1229.475403 2.0737e+01 2.5365e+02 
1229.957550 1.7529e+01 2.4774e+02 
1230.439697 1.3261e+01 2.3849e+02 
1230.921844 8.8754e+00 2.2631e+02 
1231.403992 7.9093e+00 2.2308e+02 
1231.886139 8.1993e+00 2.2415e+02 
1232.368286 9.6434e+00 2.2890e+02 
1232.850433 1.2366e+01 2.3655e+02 
1233.332581 1.3250e+01 2.3880e+02 
1233.814728 1.0505e+01 2.3162e+02 
1234.296875 8.0065e+00 2.2375e+02 
1234.779022 8.7351e+00 2.2629e+02 
1235.261169 9.4825e+00 2.2873e+02 
1235.743317 1.6290e+01 2.4590e+02 
1236.225464 2.3316e+01 2.5878e+02 
1236.707611 2.5938e+01 2.6291e+02 
1237.189758 2.8251e+01 2.6632e+02 
1237.671906 2.0439e+01 2.5409e+02 
1238.154053 1.5243e+01 2.4395e+02 
1238.636200 2.0455e+01 2.5423e+02 
1239.118347 2.8212e+01 2.6650e+02 
1239.600494 2.6821e+01 2.6456e+02 
1240.082642 2.3447e+01 2.5944e+02 
1240.564789 2.2027e+01 2.5717e+02 
1241.046936 2.0862e+01 2.5523e+02 
1241.529083 1.9177e+01 2.5225e+02 
1242.011230 2.2121e+01 2.5750e+02 
1242.493378 2.8444e+01 2.6722e+02 
1242.975525 3.5148e+01 2.7600e+02 
1243.457672 3.7745e+01 2.7912e+02 
1243.939819 3.8812e+01 2.8039e+02 
1244.421967 3.8963e+01 2.8062e+02 
1244.904114 3.6061e+01 2.7732e+02 
1245.386261 2.9838e+01 2.6949e+02 
1245.868408 2.3865e+01 2.6080e+02 
1246.350555 2.2617e+01 2.5883e+02 
1246.832703 1.9504e+01 2.5348e+02 
1247.314850 1.8812e+01 2.5225e+02 
1247.796997 2.5692e+01 2.6385e+02 
1248.279144 2.5920e+01 2.6425e+02 
1248.761292 2.3174e+01 2.6003e+02 
1249.243439 2.2744e+01 2.5938e+02 
1249.725586 2.2316e+01 2.5873e+02 
1250.207733 1.8236e+01 2.5149e+02 
1250.689880 1.8881e+01 2.5277e+02 
1251.172028 2.6122e+01 2.6489e+02 
1251.654175 2.6551e+01 2.6559e+02 
1252.136322 2.7109e+01 2.6646e+02 
1252.618469 2.6663e+01 2.6587e+02 
1253.100616 2.5826e+01 2.6468e+02 
1253.582764 3.2831e+01 2.7439e+02 
1254.064911 3.1164e+01 2.7229e+02 
1254.547058 3.0292e+01 2.7119e+02 
1255.029205 2.7284e+01 2.6706e+02 
1255.511353 2.2185e+01 2.5919e+02 
1255.993500 2.1696e+01 2.5842e+02 
1256.475647 2.6599e+01 2.6623e+02 
1256.957794 2.9566e+01 2.7049e+02 
1257.439941 2.9078e+01 2.6988e+02 
1257.922089 2.9196e+01 2.7010e+02 
1258.404236 3.5022e+01 2.7768e+02 
1258.886383 3.7354e+01 2.8051e+02 
1259.368530 3.7599e+01 2.8085e+02 
1259.850677 3.7389e+01 2.8067e+02 
1260.332825 3.7301e+01 2.8062e+02 
1260.814972 3.7291e+01 2.8067e+02 
1261.297119 3.7050e+01 2.8044e+02 
1261.779266 3.5945e+01 2.7920e+02 
1262.261414 3.3020e+01 2.7566e+02 
1262.743561 3.0607e+01 2.7259e+02 
1263.225708 3.2256e+01 2.7480e+02 
1263.707855 3.3961e+01 2.7702e+02 
1264.190002 3.3305e+01 2.7625e+02 
1264.672150 3.2804e+01 2.7568e+02 
1265.154297 3.5964e+01 2.7962e+02 
1265.636444 3.6887e+01 2.8077e+02 
1266.118591 3.7057e+01 2.8103e+02 
1266.600739 3.6245e+01 2.8013e+02 
1267.082886 3.5414e+01 2.7919e+02 
1267.565033 3.6020e+01 2.7998e+02 
1268.047180 3.6723e+01 2.8087e+02 
1268.529327 3.6496e+01 2.8066e+02 
1269.011475 3.6833e+01 2.8111e+02 
1269.493622 3.6535e+01 2.8082e+02 
1269.975769 3.6414e+01 2.8073e+02 
1270.457916 3.6438e+01 2.8082e+02 
1270.940063 3.6520e+01 2.8097e+02 
1271.422211 3.6156e+01 2.8060e+02 
1271.904358 3.6095e+01 2.8058e+02 
1272.386505 3.6154e+01 2.8071e+02 
1272.868652 3.6251e+01 2.8089e+02 
1273.350800 3.5761e+01 2.8036e+02 
1273.832947 3.2639e+01 2.7656e+02 
1274.315094 2.9481e+01 2.7244e+02 
1274.797241 3.0890e+01 2.7439e+02 
1275.279388 3.1477e+01 2.7523e+02 
1275.761536 2.7929e+01 2.7044e+02 
1276.243683 2.7010e+01 2.6917e+02 
1276.725830 3.0392e+01 2.7396e+02 
1277.207977 3.0410e+01 2.7404e+02 
1277.690125 2.7897e+01 2.7062e+02 
1278.172272 2.4389e+01 2.6543e+02 
1278.654419 2.4409e+01 2.6552e+02 
1279.136566 2.7288e+01 2.6992e+02 
1279.618713 3.2150e+01 2.7662e+02 
1280.100861 3.4958e+01 2.8019e+02 
1280.583008 3.4810e+01 2.8007e+02 
1281.065155 3.4098e+01 2.7925e+02 
1281.547302 3.2687e+01 2.7753e+02 
1282.029449 2.8950e+01 2.7262e+02 
1282.511597 2.9617e+01 2.7359e+02 
1282.993744 3.2204e+01 2.7709e+02 
1283.475891 3.3562e+01 2.7887e+02 
1283.958038 3.4359e+01 2.7992e+02 
1284.440186 3.4132e+01 2.7970e+02 
1284.922333 3.0895e+01 2.7560e+02 
1285.404480 2.8680e+01 2.7264e+02 
1285.886627 3.1861e+01 2.7699e+02 
1286.368774 3.4073e+01 2.7985e+02 
1286.850922 3.4553e+01 2.8050e+02 
1287.333069 3.4677e+01 2.8071e+02 
1287.815216 3.4502e+01 2.8055e+02 
1288.297363 3.4591e+01 2.8072e+02 
1288.779510 3.4345e+01 2.8047e+02 
1289.261658 3.3109e+01 2.7899e+02 
1289.743805 3.2359e+01 2.7809e+02 
1290.225952 3.3574e+01 2.7969e+02 
1290.708099 3.3173e+01 2.7924e+02 
1291.190247 3.0810e+01 2.7623e+02 
1291.672394 2.8467e+01 2.7308e+02 
1292.154541 2.9215e+01 2.7418e+02 
1292.636688 3.1767e+01 2.7767e+02 
1293.118835 3.1745e+01 2.7769e+02 
1293.600983 3.0111e+01 2.7558e+02 
1294.083130 3.0176e+01 2.7573e+02 
1294.565277 3.0982e+01 2.7686e+02 
1295.047424 3.1936e+01 2.7817e+02 
1295.529572 3.1981e+01 2.7829e+02 
1296.011719 3.2300e+01 2.7876e+02 
1296.493866 3.3442e+01 2.8027e+02 
1296.976013 3.3815e+01 2.8079e+02 
1297.458160 3.3409e+01 2.8034e+02 
1297.940308 3.1487e+01 2.7793e+02 
1298.422455 2.8633e+01 2.7412e+02 
1298.904602 2.6924e+01 2.7172e+02 
1299.386749 2.9367e+01 2.7525e+02 
1299.868896 3.1644e+01 2.7836e+02 
1300.351044 2.9658e+01 2.7576e+02 
1300.833191 2.8853e+01 2.7471e+02 
1301.315338 3.1106e+01 2.7783e+02 
1301.797485 3.2212e+01 2.7933e+02 
1302.279633 3.1388e+01 2.7831e+02 
1302.761780 3.2094e+01 2.7929e+02 
1303.243927 3.2882e+01 2.8036e+02 
1303.726074 3.3085e+01 2.8068e+02 
1304.208221 3.2936e+01 2.8054e+02 
1304.690369 3.3249e+01 2.8100e+02 
1305.172516 3.3139e+01 2.8092e+02 
1305.654663 3.3105e+01 2.8093e+02 
1306.136810 3.3018e+01 2.8088e+02 
1306.618958 3.3051e+01 2.8098e+02 
1307.101105 3.2819e+01 2.8074e+02 
1307.583252 3.2813e+01 2.8079e+02 
1308.065399 3.2630e+01 2.8061e+02 
1308.547546 3.2703e+01 2.8076e+02 
1309.029694 3.2470e+01 2.8052e+02 
1309.511841 3.2111e+01 2.8011e+02 
1309.993988 3.1835e+01 2.7981e+02 
1310.476135 3.1867e+01 2.7991e+02 
1310.958282 3.1998e+01 2.8014e+02 
1311.440430 3.2500e+01 2.8085e+02 
1311.922577 3.2451e+01 2.8084e+02 
1312.404724 3.2221e+01 2.8060e+02 
1312.886871 3.2093e+01 2.8049e+02 
1313.369019 3.2090e+01 2.8055e+02 
1313.851166 3.2064e+01 2.8057e+02 
1314.333313 3.2100e+01 2.8067e+02 
1314.815460 3.2038e+01 2.8065e+02 
1315.297607 3.2240e+01 2.8097e+02 
1315.779755 3.2169e+01 2.8093e+02 
1316.261902 3.1956e+01 2.8071e+02 
1316.744049 3.1763e+01 2.8052e+02 
1317.226196 3.1743e+01 2.8055e+02 
1317.708344 3.1686e+01 2.8053e+02 
1318.190491 3.1672e+01 2.8057e+02 
1318.672638 3.1571e+01 2.8050e+02 
1319.154785 3.1564e+01 2.8055e+02 
1319.636932 3.1480e+01 2.8049e+02 
1320.119080 3.1477e+01 2.8055e+02 
1320.601227 3.1424e+01 2.8053e+02 
1321.083374 3.1604e+01 2.8083e+02 
1321.565521 3.1744e+01 2.8107e+02 
1322.047668 3.1734e+01 2.8111e+02 
1322.529816 3.1579e+01 2.8097e+02 
1323.011963 3.1474e+01 2.8088e+02 
1323.494110 3.1310e+01 2.8073e+02 
1323.976257 3.1322e+01 2.8080e+02 
1324.458405 3.0879e+01 2.8027e+02 
1324.940552 2.9605e+01 2.7860e+02 
1325.422699 2.8954e+01 2.7776e+02 
1325.904846 3.0275e+01 2.7963e+02 
1326.386993 3.0195e+01 2.7958e+02 
1326.869141 3.0394e+01 2.7990e+02 
1327.351288 3.1123e+01 2.8093e+02 
1327.833435 3.1095e+01 2.8095e+02 
1328.315582 2.9998e+01 2.7954e+02 
1328.797729 2.9415e+01 2.7879e+02 
1329.279877 3.0484e+01 2.8031e+02 
1329.762024 3.0825e+01 2.8082e+02 
1330.244171 3.0462e+01 2.8039e+02 
1330.726318 2.9181e+01 2.7870e+02 
1331.208466 2.8217e+01 2.7740e+02 
1331.690613 2.9318e+01 2.7900e+02 
1332.172760 3.0566e+01 2.8076e+02 
1332.654907 3.0645e+01 2.8092e+02 
1333.137054 3.0526e+01 2.8082e+02 
1333.619202 3.0561e+01 2.8093e+02 
1334.101349 3.0519e+01 2.8093e+02 
1334.583496 3.0565e+01 2.8104e+02 
1335.065643 3.0486e+01 2.8099e+02 
1335.547791 3.0313e+01 2.8082e+02 
1336.029938 3.0116e+01 2.8061e+02 
1336.512085 3.0026e+01 2.8054e+02 
1336.994232 2.9957e+01 2.8051e+02 
1337.476379 2.9934e+01 2.8053e+02 
1337.958527 2.9874e+01 2.8051e+02 
1338.440674 2.9853e+01 2.8053e+02 
1338.922821 2.9794e+01 2.8051e+02 
1339.404968 2.9771e+01 2.8054e+02 
1339.887115 2.9711e+01 2.8051e+02 
1340.369263 2.9688e+01 2.8054e+02 
1340.851410 2.9625e+01 2.8051e+02 
1341.333557 2.9613e+01 2.8055e+02 
1341.815704 2.9642e+01 2.8064e+02 
1342.297852 2.9764e+01 2.8087e+02 
1342.779999 2.9809e+01 2.8099e+02 
1343.262146 2.9856e+01 2.8111e+02 
1343.744293 2.9770e+01 2.8105e+02 
1344.226440 2.9746e+01 2.8107e+02 
1344.708588 2.9670e+01 2.8102e+02 
1345.190735 2.9508e+01 2.8086e+02 
1345.672882 2.9516e+01 2.8093e+02 
1346.155029 2.9582e+01 2.8107e+02 
1346.637177 2.9539e+01 2.8107e+02 
1347.119324 2.9535e+01 2.8112e+02 
1347.601471 2.9489e+01 2.8112e+02 
1348.083618 2.9445e+01 2.8111e+02 
1348.565765 2.9205e+01 2.8084e+02 
1349.047913 2.8980e+01 2.8058e+02 
1349.530060 2.8900e+01 2.8052e+02 
1350.012207 2.8994e+01 2.8071e+02 
1350.494354 2.9159e+01 2.8100e+02 
1350.976501 2.9224e+01 2.8115e+02 
1351.458649 2.9146e+01 2.8109e+02 
1351.940796 2.9069e+01 2.8104e+02 
1352.422943 2.8989e+01 2.8099e+02 
1352.905090 2.9028e+01 2.8110e+02 
1353.387238 2.8995e+01 2.8111e+02 
1353.869385 2.8846e+01 2.8096e+02 
1354.351532 2.8569e+01 2.8063e+02 
1354.833679 2.8464e+01 2.8053e+02 
1355.315826 2.8439e+01 2.8056e+02 
1355.797974 2.8559e+01 2.8078e+02 
1356.280121 2.8671e+01 2.8100e+02 
1356.762268 2.8677e+01 2.8106e+02 
1357.244415 2.8599e+01 2.8101e+02 
1357.726563 2.8472e+01 2.8089e+02 
1358.208710 2.8266e+01 2.8065e+02 
1358.690857 2.8247e+01 2.8068e+02 
1359.173004 2.8229e+01 2.8071e+02 
1359.655151 2.8206e+01 2.8074e+02 
1360.137299 2.8051e+01 2.8057e+02 
1360.619446 2.7989e+01 2.8054e+02 
1361.101593 2.7927e+01 2.8051e+02 
1361.583740 2.7909e+01 2.8054e+02 
1362.065887 2.7849e+01 2.8051e+02 
1362.548035 2.7831e+01 2.8054e+02 
1363.030182 2.7772e+01 2.8051e+02 
1363.512329 2.7752e+01 2.8054e+02 
1363.994476 2.7690e+01 2.8050e+02 
1364.476624 2.7684e+01 2.8055e+02 
1364.958771 2.7681e+01 2.8060e+02 
1365.440918 2.7728e+01 2.8073e+02 
1365.923065 2.7718e+01 2.8077e+02 
1366.405212 2.7748e+01 2.8087e+02 
1366.887360 2.7673e+01 2.8082e+02 
1367.369507 2.7547e+01 2.8069e+02 
1367.851654 2.7399e+01 2.8053e+02 
1368.333801 2.7359e+01 2.8053e+02 
1368.815948 2.7303e+01 2.8051e+02 
1369.298096 2.7278e+01 2.8053e+02 
1369.780243 2.7245e+01 2.8054e+02 
1370.262390 2.7289e+01 2.8066e+02 
1370.744537 2.7225e+01 2.8062e+02 
1371.226685 2.7163e+01 2.8059e+02 
1371.708832 2.7091e+01 2.8054e+02 
1372.190979 2.7049e+01 2.8053e+02 
1372.673126 2.6994e+01 2.8051e+02 
1373.155273 2.6973e+01 2.8053e+02 
1373.637421 2.6921e+01 2.8051e+02 
1374.119568 2.6897e+01 2.8053e+02 
1374.601715 2.6845e+01 2.8051e+02 
1375.083862 2.6821e+01 2.8053e+02 
1375.566010 2.6767e+01 2.8051e+02 
1376.048157 2.6740e+01 2.8053e+02 
1376.530304 2.6696e+01 2.8052e+02 
1377.012451 2.6692e+01 2.8057e+02 
1377.494598 2.6637e+01 2.8054e+02 
1377.976746 2.6594e+01 2.8054e+02 
1378.458893 2.6544e+01 2.8052e+02 
1378.941040 2.6535e+01 2.8056e+02 
1379.423187 2.6472e+01 2.8052e+02 
1379.905334 2.6439e+01 2.8053e+02 
1380.387482 2.6461e+01 2.8062e+02 
1380.869629 2.6587e+01 2.8086e+02 
1381.351776 2.6554e+01 2.8087e+02 
1381.833923 2.6409e+01 2.8071e+02 
1382.316071 2.6365e+01 2.8070e+02 
1382.798218 2.6395e+01 2.8080e+02 
1383.280365 2.6263e+01 2.8066e+02 
1383.762512 2.6242e+01 2.8069e+02 
1384.244659 2.6205e+01 2.8069e+02 
1384.726807 2.6138e+01 2.8064e+02 
1385.208954 2.6032e+01 2.8054e+02 
1385.691101 2.5987e+01 2.8053e+02 
1386.173248 2.5938e+01 2.8051e+02 
1386.655396 2.5918e+01 2.8053e+02 
1387.137543 2.5867e+01 2.8051e+02 
1387.619690 2.5843e+01 2.8053e+02 
1388.101837 2.5792e+01 2.8051e+02 
1388.583984 2.5766e+01 2.8053e+02 
1389.066132 2.5711e+01 2.8050e+02 
1389.548279 2.5688e+01 2.8052e+02 
1390.030426 2.5638e+01 2.8050e+02 
1390.512573 2.5617e+01 2.8053e+02 
1390.994720 2.5567e+01 2.8051e+02 
1391.476868 2.5544e+01 2.8053e+02 
1391.959015 2.5493e+01 2.8050e+02 
1392.441162 2.5466e+01 2.8052e+02 
1392.923309 2.5419e+01 2.8050e+02 
1393.405457 2.5400e+01 2.8053e+02 
1393.887604 2.5353e+01 2.8051e+02 
1394.369751 2.5329e+01 2.8053e+02 
1394.851898 2.5280e+01 2.8051e+02 
1395.334045 2.5256e+01 2.8053e+02 
1395.816193 2.5207e+01 2.8051e+02 
1396.298340 2.5183e+01 2.8053e+02 
1396.780487 2.5134e+01 2.8051e+02 
1397.262634 2.5110e+01 2.8053e+02 
1397.744781 2.5063e+01 2.8051e+02 
1398.226929 2.5039e+01 2.8053e+02 
1398.709076 2.4991e+01 2.8051e+02 
1399.191223 2.4967e+01 2.8053e+02 
1399.673370 2.4919e+01 2.8051e+02 
1400.155518 2.4894e+01 2.8053e+02 
1400.637665 2.4843e+01 2.8051e+02 
1401.119812 2.4815e+01 2.8052e+02 
1401.601959 2.4768e+01 2.8050e+02 
1402.084106 2.4746e+01 2.8052e+02 
1402.566254 2.4698e+01 2.8050e+02 
1403.048401 2.4673e+01 2.8052e+02 
1403.530548 2.4628e+01 2.8051e+02 
1404.012695 2.4607e+01 2.8053e+02 
1404.494843 2.4561e+01 2.8051e+02 
1404.976990 2.4538e+01 2.8053e+02 
1405.459137 2.4491e+01 2.8051e+02 
1405.941284 2.4464e+01 2.8053e+02 
1406.423431 2.4413e+01 2.8050e+02 
1406.905579 2.4395e+01 2.8053e+02 
1407.387726 2.4369e+01 2.8055e+02 
1407.869873 2.4364e+01 2.8059e+02 
1408.352020 2.4304e+01 2.8055e+02 
1408.834167 2.4285e+01 2.8058e+02 
1409.316315 2.4234e+01 2.8055e+02 
1409.798462 2.4187e+01 2.8053e+02 
1410.280609 2.4141e+01 2.8052e+02 
1410.762756 2.4122e+01 2.8054e+02 
1411.244904 2.4071e+01 2.8052e+02 
1411.727051 2.4044e+01 2.8053e+02 
1412.209198 2.3998e+01 2.8051e+02 
1412.691345 2.3983e+01 2.8054e+02 
1413.173492 2.3951e+01 2.8055e+02 
1413.655640 2.3922e+01 2.8056e+02 
1414.137787 2.3862e+01 2.8052e+02 
1414.619934 2.3830e+01 2.8052e+02 
1415.102081 2.3785e+01 2.8050e+02 
1415.584229 2.3763e+01 2.8052e+02 
1416.066376 2.3722e+01 2.8051e+02 
1416.548523 2.3698e+01 2.8053e+02 
1417.030670 2.3654e+01 2.8051e+02 
1417.512817 2.3630e+01 2.8053e+02 
1417.994965 2.3586e+01 2.8052e+02 
1418.477112 2.3561e+01 2.8053e+02 
1418.959259 2.3517e+01 2.8052e+02 
1419.441406 2.3493e+01 2.8053e+02 
1419.923553 2.3449e+01 2.8052e+02 
1420.405701 2.3424e+01 2.8053e+02 
1420.887848 2.3380e+01 2.8051e+02 
1421.369995 2.3355e+01 2.8053e+02 
1421.852142 2.3310e+01 2.8051e+02 
1422.334290 2.3285e+01 2.8053e+02 
1422.816437 2.3243e+01 2.8051e+02 
1423.298584 2.3220e+01 2.8053e+02 
1423.780731 2.3177e+01 2.8052e+02 
1424.262878 2.3153e+01 2.8053e+02 
1424.745026 2.3108e+01 2.8051e+02 
1425.227173 2.3080e+01 2.8052e+02 
1425.709320 2.3034e+01 2.8050e+02 
1426.191467 2.3009e+01 2.8052e+02 
1426.673615 2.2966e+01 2.8050e+02 
1427.155762 2.2941e+01 2.8052e+02 
1427.637909 2.2900e+01 2.8050e+02 
1428.120056 2.2881e+01 2.8053e+02 
1428.602203 2.2840e+01 2.8051e+02 
1429.084351 2.2816e+01 2.8053e+02 
1429.566498 2.2774e+01 2.8052e+02 
1430.048645 2.2750e+01 2.8053e+02 
1430.530792 2.2708e+01 2.8052e+02 
1431.012939 2.2682e+01 2.8053e+02 
1431.495087 2.2640e+01 2.8051e+02 
1431.977234 2.2616e+01 2.8053e+02 
1432.459381 2.2573e+01 2.8051e+02 
1432.941528 2.2550e+01 2.8053e+02 
1433.423676 2.2509e+01 2.8052e+02 
1433.905823 2.2484e+01 2.8053e+02 
1434.387970 2.2442e+01 2.8051e+02 
1434.870117 2.2419e+01 2.8053e+02 
1435.352264 2.2378e+01 2.8052e+02 
1435.834412 2.2354e+01 2.8053e+02 
1436.316559 2.2312e+01 2.8052e+02 
1436.798706 2.2288e+01 2.8053e+02 
1437.280853 2.2247e+01 2.8052e+02 
1437.763000 2.2223e+01 2.8053e+02 
1438.245148 2.2181e+01 2.8052e+02 
1438.727295 2.2156e+01 2.8053e+02 
1439.209442 2.2113e+01 2.8051e+02 
1439.691589 2.2087e+01 2.8052e+02 
1440.173737 2.2044e+01 2.8050e+02 
1440.655884 2.2019e+01 2.8052e+02 
1441.138031 2.1979e+01 2.8050e+02 
1441.620178 2.1955e+01 2.8052e+02 
1442.102325 2.1915e+01 2.8050e+02 
1442.584473 2.1891e+01 2.8052e+02 
1443.066620 2.1851e+01 2.8050e+02 
1443.548767 2.1828e+01 2.8052e+02 
1444.030914 2.1787e+01 2.8050e+02 
1444.513062 2.1762e+01 2.8052e+02 
1444.995209 2.1724e+01 2.8051e+02 
1445.477356 2.1700e+01 2.8052e+02 
1445.959503 2.1661e+01 2.8051e+02 
1446.441650 2.1641e+01 2.8053e+02 
1446.923798 2.1602e+01 2.8052e+02 
1447.405945 2.1578e+01 2.8053e+02 
1447.888092 2.1538e+01 2.8052e+02 
1448.370239 2.1514e+01 2.8053e+02 
1448.852386 2.1474e+01 2.8052e+02 
1449.334534 2.1450e+01 2.8053e+02 
1449.816681 2.1408e+01 2.8051e+02 
1450.298828 2.1384e+01 2.8052e+02 
1450.780975 2.1345e+01 2.8051e+02 
1451.263123 2.1323e+01 2.8053e+02 
1451.745270 2.1285e+01 2.8052e+02 
1452.227417 2.1261e+01 2.8053e+02 
1452.709564 2.1222e+01 2.8052e+02 
1453.191711 2.1198e+01 2.8053e+02 
1453.673859 2.1159e+01 2.8052e+02 
1454.156006 2.1136e+01 2.8053e+02 
1454.638153 2.1097e+01 2.8052e+02 
1455.120300 2.1074e+01 2.8053e+02 
1455.602448 2.1035e+01 2.8052e+02 
1456.084595 2.1011e+01 2.8053e+02 
1456.566742 2.0973e+01 2.8052e+02 
1457.048889 2.0949e+01 2.8053e+02 
1457.531036 2.0911e+01 2.8052e+02 
1458.013184 2.0887e+01 2.8053e+02 
1458.495331 2.0849e+01 2.8052e+02 
1458.977478 2.0825e+01 2.8053e+02 
1459.459625 2.0787e+01 2.8052e+02 
1459.941772 2.0764e+01 2.8053e+02 
1460.423920 2.0725e+01 2.8052e+02 
1460.906067 2.0702e+01 2.8053e+02 
1461.388214 2.0663e+01 2.8052e+02 
1461.870361 2.0640e+01 2.8053e+02 
1462.352509 2.0602e+01 2.8052e+02 
1462.834656 2.0579e+01 2.8053e+02 
1463.316803 2.0542e+01 2.8052e+02 
1463.798950 2.0518e+01 2.8053e+02 
1464.281097 2.0481e+01 2.8052e+02 
1464.763245 2.0457e+01 2.8053e+02 
1465.245392 2.0420e+01 2.8052e+02 
1465.727539 2.0397e+01 2.8053e+02 
1466.209686 2.0359e+01 2.8052e+02 
1466.691833 2.0336e+01 2.8053e+02 
1467.173981 2.0298e+01 2.8052e+02 
1467.656128 2.0275e+01 2.8053e+02 
1468.138275 2.0237e+01 2.8051e+02 
1468.620422 2.0214e+01 2.8053e+02 
1469.102570 2.0177e+01 2.8052e+02 
1469.584717 2.0155e+01 2.8053e+02 
1470.066864 2.0118e+01 2.8052e+02 
1470.549011 2.0095e+01 2.8053e+02 
1471.031158 2.0058e+01 2.8052e+02 
1471.513306 2.0035e+01 2.8053e+02 
1471.995453 1.9999e+01 2.8052e+02 
1472.477600 1.9976e+01 2.8053e+02 
1472.959747 1.9939e+01 2.8052e+02 
1473.441895 1.9916e+01 2.8053e+02 
1473.924042 1.9880e+01 2.8052e+02 
1474.406189 1.9857e+01 2.8053e+02 
1474.888336 1.9820e+01 2.8052e+02 
1475.370483 1.9797e+01 2.8053e+02 
1475.852631 1.9761e+01 2.8052e+02 
1476.334778 1.9738e+01 2.8053e+02 
1476.816925 1.9702e+01 2.8052e+02 
1477.299072 1.9679e+01 2.8053e+02 
1477.781219 1.9643e+01 2.8052e+02 
1478.263367 1.9619e+01 2.8053e+02 
1478.745514 1.9582e+01 2.8051e+02 
1479.227661 1.9559e+01 2.8052e+02 
1479.709808 1.9523e+01 2.8051e+02 
1480.191956 1.9502e+01 2.8053e+02 
1480.674103 1.9468e+01 2.8052e+02 
1481.156250 1.9445e+01 2.8053e+02 
1481.638397 1.9410e+01 2.8052e+02 
1482.120544 1.9386e+01 2.8053e+02 
1482.602692 1.9349e+01 2.8051e+02 
1483.084839 1.9325e+01 2.8052e+02 
1483.566986 1.9290e+01 2.8051e+02 
1484.049133 1.9269e+01 2.8052e+02 
1484.531281 1.9234e+01 2.8051e+02 
1485.013428 1.9212e+01 2.8053e+02 
1485.495575 1.9178e+01 2.8052e+02 
1485.977722 1.9156e+01 2.8053e+02 
1486.459869 1.9121e+01 2.8052e+02 
1486.942017 1.9098e+01 2.8053e+02 
1487.424164 1.9064e+01 2.8052e+02 
1487.906311 1.9041e+01 2.8053e+02 
1488.388458 1.9006e+01 2.8052e+02 
1488.870605 1.8984e+01 2.8053e+02 
1489.352753 1.8949e+01 2.8052e+02 
1489.834900 1.8927e+01 2.8053e+02 
1490.317047 1.8892e+01 2.8052e+02 
1490.799194 1.8870e+01 2.8053e+02 
1491.281342 1.8836e+01 2.8052e+02 
1491.763489 1.8813e+01 2.8053e+02 
1492.245636 1.8779e+01 2.8052e+02 
1492.727783 1.8757e+01 2.8053e+02 
1493.209930 1.8723e+01 2.8052e+02 
1493.692078 1.8700e+01 2.8053e+02 
1494.174225 1.8666e+01 2.8052e+02 
1494.656372 1.8644e+01 2.8053e+02 
1495.138519 1.8610e+01 2.8052e+02 
1495.620667 1.8588e+01 2.8053e+02 
1496.102814 1.8554e+01 2.8052e+02 
1496.584961 1.8532e+01 2.8053e+02 
1497.067108 1.8498e+01 2.8052e+02 
1497.549255 1.8476e+01 2.8053e+02 
1498.031403 1.8443e+01 2.8052e+02 
1498.513550 1.8421e+01 2.8053e+02 
1498.995697 1.8387e+01 2.8052e+02 
1499.477844 1.8365e+01 2.8053e+02 
1499.959991 1.8332e+01 2.8052e+02 
1500.442139 1.8310e+01 2.8053e+02 
1500.924286 1.8276e+01 2.8052e+02 
1501.406433 1.8255e+01 2.8053e+02 
1501.888580 1.8221e+01 2.8052e+02 
1502.370728 1.8200e+01 2.8053e+02 
1502.852875 1.8166e+01 2.8052e+02 
1503.335022 1.8145e+01 2.8053e+02 
1503.817169 1.8112e+01 2.8052e+02 
1504.299316 1.8090e+01 2.8053e+02 
1504.781464 1.8057e+01 2.8052e+02 
1505.263611 1.8035e+01 2.8053e+02 
1505.745758 1.8002e+01 2.8052e+02 
1506.227905 1.7981e+01 2.8053e+02 
1506.710052 1.7948e+01 2.8052e+02 
1507.192200 1.7926e+01 2.8053e+02 
1507.674347 1.7894e+01 2.8052e+02 
1508.156494 1.7872e+01 2.8053e+02 
1508.638641 1.7839e+01 2.8052e+02 
1509.120789 1.7818e+01 2.8053e+02 
1509.602936 1.7785e+01 2.8052e+02 
1510.085083 1.7764e+01 2.8053e+02 
1510.567230 1.7732e+01 2.8052e+02 
1511.049377 1.7710e+01 2.8053e+02 
1511.531525 1.7678e+01 2.8052e+02 
1512.013672 1.7657e+01 2.8053e+02 
1512.495819 1.7624e+01 2.8052e+02 
1512.977966 1.7603e+01 2.8053e+02 
1513.460114 1.7571e+01 2.8052e+02 
1513.942261 1.7550e+01 2.8053e+02 
1514.424408 1.7518e+01 2.8052e+02 
1514.906555 1.7496e+01 2.8053e+02 
1515.388702 1.7465e+01 2.8052e+02 
1515.870850 1.7443e+01 2.8053e+02 
1516.352997 1.7412e+01 2.8052e+02 
1516.835144 1.7390e+01 2.8053e+02 
1517.317291 1.7359e+01 2.8052e+02 
1517.799438 1.7338e+01 2.8053e+02 
1518.281586 1.7306e+01 2.8052e+02 
1518.763733 1.7285e+01 2.8053e+02 
1519.245880 1.7253e+01 2.8052e+02 
1519.728027 1.7232e+01 2.8053e+02 
1520.210175 1.7201e+01 2.8052e+02 
1520.692322 1.7180e+01 2.8053e+02 
1521.174469 1.7149e+01 2.8052e+02 
1521.656616 1.7128e+01 2.8053e+02 
1522.138763 1.7097e+01 2.8052e+02 
1522.620911 1.7076e+01 2.8053e+02 
1523.103058 1.7044e+01 2.8052e+02 
1523.585205 1.7024e+01 2.8053e+02 
1524.067352 1.6993e+01 2.8052e+02 
1524.549500 1.6972e+01 2.8053e+02 
1525.031647 1.6941e+01 2.8052e+02 
1525.513794 1.6920e+01 2.8053e+02 
1525.995941 1.6889e+01 2.8052e+02 
1526.478088 1.6869e+01 2.8053e+02 
1526.960236 1.6838e+01 2.8052e+02 
1527.442383 1.6817e+01 2.8053e+02 
1527.924530 1.6786e+01 2.8052e+02 
1528.406677 1.6766e+01 2.8053e+02 
1528.888824 1.6735e+01 2.8052e+02 
1529.370972 1.6715e+01 2.8053e+02 
1529.853119 1.6684e+01 2.8052e+02 
1530.335266 1.6664e+01 2.8053e+02 
1530.817413 1.6633e+01 2.8052e+02 
1531.299561 1.6613e+01 2.8053e+02 
1531.781708 1.6582e+01 2.8052e+02 
1532.263855 1.6562e+01 2.8053e+02 
1532.746002 1.6532e+01 2.8052e+02 
1533.228149 1.6511e+01 2.8053e+02 
1533.710297 1.6481e+01 2.8052e+02 
1534.192444 1.6461e+01 2.8053e+02 
1534.674591 1.6431e+01 2.8052e+02 
1535.156738 1.6411e+01 2.8053e+02 
1535.638885 1.6381e+01 2.8052e+02 
1536.121033 1.6360e+01 2.8053e+02 
1536.603180 1.6331e+01 2.8052e+02 
1537.085327 1.6310e+01 2.8053e+02 
1537.567474 1.6281e+01 2.8052e+02 
1538.049622 1.6260e+01 2.8053e+02 
1538.531769 1.6231e+01 2.8052e+02 
1539.013916 1.6211e+01 2.8053e+02 
1539.496063 1.6181e+01 2.8052e+02 
1539.978210 1.6161e+01 2.8053e+02 
1540.460358 1.6131e+01 2.8052e+02 
1540.942505 1.6111e+01 2.8053e+02 
1541.424652 1.6082e+01 2.8052e+02 
1541.906799 1.6062e+01 2.8053e+02 
1542.388947 1.6033e+01 2.8052e+02 
1542.871094 1.6013e+01 2.8053e+02 
1543.353241 1.5983e+01 2.8052e+02 
1543.835388 1.5964e+01 2.8053e+02 
1544.317535 1.5934e+01 2.8052e+02 
1544.799683 1.5915e+01 2.8053e+02 
1545.281830 1.5885e+01 2.8052e+02 
1545.763977 1.5866e+01 2.8053e+02 
1546.246124 1.5837e+01 2.8052e+02 
1546.728271 1.5817e+01 2.8053e+02 
1547.210419 1.5788e+01 2.8052e+02 
1547.692566 1.5768e+01 2.8053e+02 
1548.174713 1.5739e+01 2.8052e+02 
1548.656860 1.5720e+01 2.8053e+02 
1549.139008 1.5691e+01 2.8052e+02 
1549.621155 1.5671e+01 2.8053e+02 
1550.103302 1.5643e+01 2.8052e+02 
1550.585449 1.5623e+01 2.8053e+02 
1551.067596 1.5595e+01 2.8052e+02 
1551.549744 1.5575e+01 2.8053e+02 
1552.031891 1.5547e+01 2.8052e+02 
1552.514038 1.5527e+01 2.8053e+02 
1552.996185 1.5499e+01 2.8052e+02 
1553.478333 1.5479e+01 2.8053e+02 
1553.960480 1.5451e+01 2.8052e+02 
1554.442627 1.5432e+01 2.8053e+02 
1554.924774 1.5403e+01 2.8052e+02 
1555.406921 1.5384e+01 2.8053e+02 
1555.889069 1.5356e+01 2.8052e+02 
1556.371216 1.5337e+01 2.8053e+02 
1556.853363 1.5309e+01 2.8052e+02 
1557.335510 1.5289e+01 2.8053e+02 
1557.817657 1.5261e+01 2.8052e+02 
1558.299805 1.5242e+01 2.8053e+02 
1558.781952 1.5214e+01 2.8052e+02 
1559.264099 1.5195e+01 2.8053e+02 
1559.746246 1.5167e+01 2.8052e+02 
1560.228394 1.5148e+01 2.8053e+02 
1560.710541 1.5121e+01 2.8052e+02 
1561.192688 1.5101e+01 2.8053e+02 
1561.674835 1.5074e+01 2.8052e+02 
1562.156982 1.5055e+01 2.8053e+02 
1562.639130 1.5027e+01 2.8052e+02 
1563.121277 1.5008e+01 2.8053e+02 
1563.603424 1.4981e+01 2.8052e+02 
1564.085571 1.4962e+01 2.8053e+02 
1564.567719 1.4934e+01 2.8052e+02 
1565.049866 1.4915e+01 2.8053e+02 
1565.532013 1.4888e+01 2.8052e+02 
1566.014160 1.4869e+01 2.8053e+02 
1566.496307 1.4842e+01 2.8052e+02 
1566.978455 1.4823e+01 2.8053e+02 
1567.460602 1.4796e+01 2.8052e+02 
1567.942749 1.4777e+01 2.8053e+02 
1568.424896 1.4750e+01 2.8052e+02 
1568.907043 1.4732e+01 2.8053e+02 
1569.389191 1.4705e+01 2.8052e+02 
1569.871338 1.4686e+01 2.8053e+02 
1570.353485 1.4659e+01 2.8052e+02 
1570.835632 1.4640e+01 2.8053e+02 
1571.317780 1.4614e+01 2.8052e+02 
1571.799927 1.4595e+01 2.8053e+02 
1572.282074 1.4568e+01 2.8052e+02 
1572.764221 1.4550e+01 2.8053e+02 
1573.246368 1.4523e+01 2.8052e+02 
1573.728516 1.4505e+01 2.8053e+02 
1574.210663 1.4478e+01 2.8052e+02 
1574.692810 1.4460e+01 2.8053e+02 
1575.174957 1.4433e+01 2.8052e+02 
1575.657104 1.4415e+01 2.8053e+02 
1576.139252 1.4388e+01 2.8052e+02 
1576.621399 1.4370e+01 2.8053e+02 
1577.103546 1.4343e+01 2.8052e+02 
1577.585693 1.4325e+01 2.8053e+02 
1578.067841 1.4299e+01 2.8052e+02 
1578.549988 1.4281e+01 2.8053e+02 
1579.032135 1.4254e+01 2.8052e+02 
1579.514282 1.4236e+01 2.8053e+02 
1579.996429 1.4210e+01 2.8052e+02 
1580.478577 1.4191e+01 2.8053e+02 
1580.960724 1.4165e+01 2.8052e+02 
1581.442871 1.4146e+01 2.8052e+02 
1581.925018 1.4120e+01 2.8051e+02 
1582.407166 1.4102e+01 2.8052e+02 
1582.889313 1.4076e+01 2.8051e+02 
1583.371460 1.4058e+01 2.8052e+02 
1583.853607 1.4031e+01 2.8051e+02 
1584.335754 1.4012e+01 2.8052e+02 
1584.817902 1.3986e+01 2.8051e+02 
1585.300049 1.3968e+01 2.8052e+02 
1585.782196 1.3942e+01 2.8051e+02 
1586.264343 1.3924e+01 2.8052e+02 
1586.746490 1.3898e+01 2.8051e+02 
1587.228638 1.3881e+01 2.8052e+02 
1587.710785 1.3855e+01 2.8051e+02 
1588.192932 1.3837e+01 2.8052e+02 
1588.675079 1.3812e+01 2.8051e+02 
1589.157227 1.3796e+01 2.8052e+02 
1589.639374 1.3773e+01 2.8052e+02 
1590.121521 1.3755e+01 2.8053e+02 
1590.603668 1.3728e+01 2.8051e+02 
1591.085815 1.3710e+01 2.8052e+02 
1591.567963 1.3687e+01 2.8052e+02 
1592.050110 1.3668e+01 2.8052e+02 
1592.532257 1.3642e+01 2.8051e+02 
1593.014404 1.3623e+01 2.8052e+02 
1593.496552 1.3599e+01 2.8051e+02 
1593.978699 1.3584e+01 2.8053e+02 
1594.460846 1.3559e+01 2.8052e+02 
1594.942993 1.3541e+01 2.8053e+02 
1595.425140 1.3516e+01 2.8052e+02 
1595.907288 1.3499e+01 2.8053e+02 
1596.389435 1.3474e+01 2.8052e+02 
1596.871582 1.3455e+01 2.8052e+02 
1597.353729 1.3428e+01 2.8051e+02 
1597.835876 1.3410e+01 2.8051e+02 
1598.318024 1.3385e+01 2.8050e+02 
1598.800171 1.3368e+01 2.8051e+02 
1599.282318 1.3343e+01 2.8050e+02 
1599.764465 1.3326e+01 2.8051e+02 
1600.246613 1.3303e+01 2.8051e+02 
1600.728760 1.3288e+01 2.8052e+02 
1601.210907 1.3265e+01 2.8052e+02 
1601.693054 1.3247e+01 2.8053e+02 
1602.175201 1.3222e+01 2.8051e+02 
1602.657349 1.3206e+01 2.8053e+02 
1603.139496 1.3182e+01 2.8052e+02 
1603.621643 1.3164e+01 2.8053e+02 
1604.103790 1.3139e+01 2.8051e+02 
1604.585938 1.3120e+01 2.8052e+02 
1605.068085 1.3095e+01 2.8051e+02 
1605.550232 1.3079e+01 2.8052e+02 
1606.032379 1.3056e+01 2.8051e+02 
1606.514526 1.3041e+01 2.8053e+02 
1606.996674 1.3017e+01 2.8052e+02 
1607.478821 1.3000e+01 2.8053e+02 
1607.960968 1.2976e+01 2.8052e+02 
1608.443115 1.2959e+01 2.8053e+02 
1608.925262 1.2935e+01 2.8052e+02 
1609.407410 1.2919e+01 2.8053e+02 
1609.889557 1.2895e+01 2.8052e+02 
1610.371704 1.2877e+01 2.8053e+02 
1610.853851 1.2853e+01 2.8052e+02 
1611.335999 1.2836e+01 2.8052e+02 
1611.818146 1.2813e+01 2.8052e+02 
1612.300293 1.2796e+01 2.8053e+02 
1612.782440 1.2773e+01 2.8052e+02 
1613.264587 1.2757e+01 2.8053e+02 
1613.746735 1.2733e+01 2.8052e+02 
1614.228882 1.2717e+01 2.8053e+02 
1614.711029 1.2693e+01 2.8052e+02 
1615.193176 1.2677e+01 2.8053e+02 
1615.675323 1.2653e+01 2.8052e+02 
1616.157471 1.2637e+01 2.8053e+02 
1616.639618 1.2613e+01 2.8052e+02 
1617.121765 1.2597e+01 2.8053e+02 
1617.603912 1.2573e+01 2.8052e+02 
1618.086060 1.2557e+01 2.8053e+02 
1618.568207 1.2534e+01 2.8052e+02 
1619.050354 1.2517e+01 2.8053e+02 
1619.532501 1.2494e+01 2.8052e+02 
1620.014648 1.2478e+01 2.8053e+02 
1620.496796 1.2455e+01 2.8052e+02 
1620.978943 1.2438e+01 2.8053e+02 
1621.461090 1.2415e+01 2.8052e+02 
1621.943237 1.2399e+01 2.8053e+02 
1622.425385 1.2376e+01 2.8052e+02 
1622.907532 1.2360e+01 2.8053e+02 
1623.389679 1.2337e+01 2.8052e+02 
1623.871826 1.2321e+01 2.8053e+02 
1624.353973 1.2298e+01 2.8052e+02 
1624.836121 1.2282e+01 2.8053e+02 
1625.318268 1.2259e+01 2.8052e+02 
1625.800415 1.2243e+01 2.8053e+02 
1626.282562 1.2220e+01 2.8052e+02 
1626.764709 1.2204e+01 2.8053e+02 
1627.246857 1.2182e+01 2.8052e+02 
1627.729004 1.2166e+01 2.8053e+02 
1628.211151 1.2143e+01 2.8052e+02 
1628.693298 1.2127e+01 2.8053e+02 
1629.175446 1.2105e+01 2.8052e+02 
1629.657593 1.2089e+01 2.8053e+02 
1630.139740 1.2066e+01 2.8052e+02 
1630.621887 1.2050e+01 2.8053e+02 
1631.104034 1.2028e+01 2.8052e+02 
1631.586182 1.2012e+01 2.8053e+02 
1632.068329 1.1990e+01 2.8052e+02 
1632.550476 1.1974e+01 2.8053e+02 
1633.032623 1.1952e+01 2.8052e+02 
1633.514771 1.1936e+01 2.8053e+02 
1633.996918 1.1914e+01 2.8052e+02 
1634.479065 1.1899e+01 2.8053e+02 
1634.961212 1.1876e+01 2.8052e+02 
1635.443359 1.1861e+01 2.8053e+02 
1635.925507 1.1839e+01 2.8052e+02 
1636.407654 1.1823e+01 2.8053e+02 
1636.889801 1.1801e+01 2.8052e+02 
1637.371948 1.1786e+01 2.8053e+02 
1637.854095 1.1764e+01 2.8052e+02 
1638.336243 1.1748e+01 2.8053e+02 
1638.818390 1.1726e+01 2.8052e+02 
1639.300537 1.1711e+01 2.8053e+02 
1639.782684 1.1689e+01 2.8052e+02 
1640.264832 1.1674e+01 2.8053e+02 
1640.746979 1.1652e+01 2.8052e+02 
1641.229126 1.1637e+01 2.8053e+02 
1641.711273 1.1615e+01 2.8052e+02 
1642.193420 1.1600e+01 2.8053e+02 
1642.675568 1.1578e+01 2.8052e+02 
1643.157715 1.1563e+01 2.8053e+02 
1643.639862 1.1541e+01 2.8052e+02 
1644.122009 1.1526e+01 2.8053e+02 
1644.604156 1.1504e+01 2.8052e+02 
1645.086304 1.1489e+01 2.8053e+02 
1645.568451 1.1468e+01 2.8052e+02 
1646.050598 1.1453e+01 2.8053e+02 
1646.532745 1.1431e+01 2.8052e+02 
1647.014893 1.1416e+01 2.8053e+02 
1647.497040 1.1395e+01 2.8052e+02 
1647.979187 1.1380e+01 2.8053e+02 
1648.461334 1.1359e+01 2.8052e+02 
1648.943481 1.1344e+01 2.8053e+02 
1649.425629 1.1322e+01 2.8052e+02 
1649.907776 1.1307e+01 2.8053e+02 
1650.389923 1.1286e+01 2.8052e+02 
1650.872070 1.1271e+01 2.8053e+02 
1651.354218 1.1250e+01 2.8052e+02 
1651.836365 1.1235e+01 2.8053e+02 
1652.318512 1.1214e+01 2.8052e+02 
1652.800659 1.1199e+01 2.8053e+02 
1653.282806 1.1179e+01 2.8052e+02 
1653.764954 1.1164e+01 2.8053e+02 
1654.247101 1.1143e+01 2.8052e+02 
1654.729248 1.1128e+01 2.8053e+02 
1655.211395 1.1107e+01 2.8052e+02 
1655.693542 1.1093e+01 2.8053e+02 
1656.175690 1.1072e+01 2.8052e+02 
1656.657837 1.1057e+01 2.8053e+02 
1657.139984 1.1036e+01 2.8052e+02 
1657.622131 1.1022e+01 2.8053e+02 
1658.104279 1.1001e+01 2.8052e+02 
1658.586426 1.0986e+01 2.8053e+02 
1659.068573 1.0966e+01 2.8052e+02 
1659.550720 1.0951e+01 2.8053e+02 
1660.032867 1.0931e+01 2.8052e+02 
1660.515015 1.0916e+01 2.8053e+02 
1660.997162 1.0896e+01 2.8052e+02 
1661.479309 1.0881e+01 2.8053e+02 
1661.961456 1.0861e+01 2.8052e+02 
1662.443604 1.0847e+01 2.8053e+02 
1662.925751 1.0826e+01 2.8052e+02 
1663.407898 1.0812e+01 2.8053e+02 
1663.890045 1.0792e+01 2.8052e+02 
1664.372192 1.0777e+01 2.8053e+02 
1664.854340 1.0757e+01 2.8052e+02 
1665.336487 1.0743e+01 2.8053e+02 
1665.818634 1.0723e+01 2.8052e+02 
1666.300781 1.0708e+01 2.8053e+02 
1666.782928 1.0688e+01 2.8052e+02 
1667.265076 1.0674e+01 2.8053e+02 
1667.747223 1.0654e+01 2.8052e+02 
1668.229370 1.0640e+01 2.8053e+02 
1668.711517 1.0620e+01 2.8052e+02 
1669.193665 1.0606e+01 2.8053e+02 
1669.675812 1.0586e+01 2.8052e+02 
1670.157959 1.0572e+01 2.8053e+02 
1670.640106 1.0552e+01 2.8052e+02 
1671.122253 1.0538e+01 2.8053e+02 
1671.604401 1.0518e+01 2.8052e+02 
1672.086548 1.0504e+01 2.8053e+02 
1672.568695 1.0484e+01 2.8052e+02 
1673.050842 1.0470e+01 2.8053e+02 
1673.532990 1.0450e+01 2.8052e+02 
1674.015137 1.0436e+01 2.8053e+02 
1674.497284 1.0417e+01 2.8052e+02 
1674.979431 1.0403e+01 2.8053e+02 
1675.461578 1.0383e+01 2.8052e+02 
1675.943726 1.0369e+01 2.8053e+02 
1676.425873 1.0350e+01 2.8052e+02 
1676.908020 1.0336e+01 2.8053e+02 
1677.390167 1.0317e+01 2.8052e+02 
1677.872314 1.0303e+01 2.8053e+02 
1678.354462 1.0283e+01 2.8052e+02 
1678.836609 1.0270e+01 2.8053e+02 
1679.318756 1.0250e+01 2.8052e+02 
1679.800903 1.0237e+01 2.8053e+02 
1680.283051 1.0217e+01 2.8052e+02 
1680.765198 1.0204e+01 2.8053e+02 
1681.247345 1.0184e+01 2.8052e+02 
1681.729492 1.0171e+01 2.8053e+02 
1682.211639 1.0152e+01 2.8052e+02 
1682.693787 1.0138e+01 2.8053e+02 
1683.175934 1.0119e+01 2.8052e+02 
1683.658081 1.0105e+01 2.8053e+02 
1684.140228 1.0086e+01 2.8052e+02 
1684.622375 1.0073e+01 2.8053e+02 
1685.104523 1.0054e+01 2.8052e+02 
1685.586670 1.0040e+01 2.8053e+02 
1686.068817 1.0021e+01 2.8052e+02 
1686.550964 1.0008e+01 2.8053e+02 
1687.033112 9.9890e+00 2.8052e+02 
1687.515259 9.9756e+00 2.8053e+02 
1687.997406 9.9568e+00 2.8052e+02 
1688.479553 9.9434e+00 2.8053e+02 
1688.961700 9.9247e+00 2.8052e+02 
1689.443848 9.9113e+00 2.8053e+02 
1689.925995 9.8926e+00 2.8052e+02 
1690.408142 9.8793e+00 2.8053e+02 
1690.890289 9.8607e+00 2.8052e+02 
1691.372437 9.8474e+00 2.8053e+02 
1691.854584 9.8288e+00 2.8052e+02 
1692.336731 9.8156e+00 2.8053e+02 
1692.818878 9.7970e+00 2.8052e+02 
1693.301025 9.7839e+00 2.8053e+02 
1693.783173 9.7654e+00 2.8052e+02 
1694.265320 9.7522e+00 2.8053e+02 
1694.747467 9.7338e+00 2.8052e+02 
1695.229614 9.7207e+00 2.8053e+02 
1695.711761 9.7023e+00 2.8052e+02 
1696.193909 9.6892e+00 2.8053e+02 
1696.676056 9.6709e+00 2.8052e+02 
1697.158203 9.6579e+00 2.8053e+02 
1697.640350 9.6396e+00 2.8052e+02 
1698.122498 9.6266e+00 2.8053e+02 
1698.604645 9.6084e+00 2.8052e+02 
1699.086792 9.5954e+00 2.8053e+02 
1699.568939 9.5772e+00 2.8052e+02 
1700.051086 9.5644e+00 2.8053e+02 
1700.533234 9.5462e+00 2.8052e+02 
1701.015381 9.5334e+00 2.8053e+02 
1701.497528 9.5153e+00 2.8052e+02 
1701.979675 9.5025e+00 2.8053e+02 
1702.461823 9.4844e+00 2.8052e+02 
1702.943970 9.4717e+00 2.8053e+02 
1703.426117 9.4537e+00 2.8052e+02 
1703.908264 9.4410e+00 2.8053e+02 
1704.390411 9.4230e+00 2.8052e+02 
1704.872559 9.4103e+00 2.8053e+02 
1705.354706 9.3924e+00 2.8052e+02 
1705.836853 9.3798e+00 2.8053e+02 
1706.319000 9.3620e+00 2.8052e+02 
1706.801147 9.3493e+00 2.8053e+02 
1707.283295 9.3316e+00 2.8052e+02 
1707.765442 9.3190e+00 2.8053e+02 
1708.247589 9.3012e+00 2.8052e+02 
1708.729736 9.2886e+00 2.8053e+02 
1709.211884 9.2710e+00 2.8052e+02 
1709.694031 9.2585e+00 2.8053e+02 
1710.176178 9.2409e+00 2.8052e+02 
1710.658325 9.2284e+00 2.8053e+02 
1711.140472 9.2108e+00 2.8052e+02 
1711.622620 9.1983e+00 2.8053e+02 
1712.104767 9.1809e+00 2.8052e+02 
1712.586914 9.1685e+00 2.8053e+02 
1713.069061 9.1511e+00 2.8052e+02 
1713.551208 9.1387e+00 2.8053e+02 
1714.033356 9.1213e+00 2.8052e+02 
1714.515503 9.1090e+00 2.8053e+02 
1714.997650 9.0916e+00 2.8052e+02 
1715.479797 9.0794e+00 2.8053e+02 
1715.961945 9.0620e+00 2.8052e+02 
1716.444092 9.0498e+00 2.8053e+02 
1716.926239 9.0325e+00 2.8052e+02 
1717.408386 9.0203e+00 2.8053e+02 
1717.890533 9.0031e+00 2.8052e+02 
1718.372681 8.9910e+00 2.8053e+02 
1718.854828 8.9738e+00 2.8052e+02 
1719.336975 8.9617e+00 2.8053e+02 
1719.819122 8.9445e+00 2.8052e+02 
1720.301270 8.9324e+00 2.8053e+02 
1720.783417 8.9153e+00 2.8052e+02 
1721.265564 8.9033e+00 2.8053e+02 
1721.747711 8.8861e+00 2.8052e+02 
1722.229858 8.8740e+00 2.8053e+02 
1722.712006 8.8572e+00 2.8052e+02 
1723.194153 8.8453e+00 2.8053e+02 
1723.676300 8.8284e+00 2.8052e+02 
1724.158447 8.8162e+00 2.8053e+02 
1724.640594 8.7986e+00 2.8051e+02 
1725.122742 8.7859e+00 2.8052e+02 
1725.604889 8.7688e+00 2.8051e+02 
1726.087036 8.7576e+00 2.8052e+02 
1726.569183 8.7416e+00 2.8052e+02 
1727.051331 8.7298e+00 2.8052e+02 
1727.533478 8.7128e+00 2.8052e+02 
1728.015625 8.7010e+00 2.8052e+02 
1728.497772 8.6847e+00 2.8052e+02 
1728.979919 8.6733e+00 2.8053e+02 
1729.462067 8.6568e+00 2.8052e+02 
1729.944214 8.6451e+00 2.8053e+02 
1730.426361 8.6286e+00 2.8052e+02 
1730.908508 8.6169e+00 2.8053e+02 
1731.390656 8.6003e+00 2.8052e+02 
1731.872803 8.5887e+00 2.8053e+02 
1732.354950 8.5722e+00 2.8052e+02 
1732.837097 8.5606e+00 2.8053e+02 
1733.319244 8.5442e+00 2.8052e+02 
1733.801392 8.5326e+00 2.8053e+02 
1734.283539 8.5162e+00 2.8052e+02 
1734.765686 8.5047e+00 2.8053e+02 
1735.247833 8.4883e+00 2.8052e+02 
1735.729980 8.4768e+00 2.8053e+02 
1736.212128 8.4605e+00 2.8052e+02 
1736.694275 8.4491e+00 2.8053e+02 
1737.176422 8.4328e+00 2.8052e+02 
1737.658569 8.4214e+00 2.8053e+02 
1738.140717 8.4052e+00 2.8052e+02 
1738.622864 8.3938e+00 2.8053e+02 
1739.105011 8.3776e+00 2.8052e+02 
1739.587158 8.3663e+00 2.8053e+02 
1740.069305 8.3502e+00 2.8052e+02 
1740.551453 8.3389e+00 2.8053e+02 
1741.033600 8.3228e+00 2.8052e+02 
1741.515747 8.3115e+00 2.8053e+02 
1741.997894 8.2955e+00 2.8052e+02 
1742.480042 8.2842e+00 2.8053e+02 
1742.962189 8.2683e+00 2.8052e+02 
1743.444336 8.2571e+00 2.8053e+02 
1743.926483 8.2411e+00 2.8052e+02 
1744.408630 8.2300e+00 2.8053e+02 
1744.890778 8.2141e+00 2.8052e+02 
1745.372925 8.2029e+00 2.8053e+02 
1745.855072 8.1871e+00 2.8052e+02 
1746.337219 8.1760e+00 2.8053e+02 
1746.819366 8.1602e+00 2.8052e+02 
1747.301514 8.1492e+00 2.8053e+02 
1747.783661 8.1334e+00 2.8052e+02 
1748.265808 8.1224e+00 2.8053e+02 
1748.747955 8.1067e+00 2.8052e+02 
1749.230103 8.0957e+00 2.8053e+02 
1749.712250 8.0800e+00 2.8052e+02 
1750.194397 8.0691e+00 2.8053e+02 
1750.676544 8.0535e+00 2.8052e+02 
1751.158691 8.0425e+00 2.8053e+02 
1751.640839 8.0270e+00 2.8052e+02 
1752.122986 8.0161e+00 2.8053e+02 
1752.605133 8.0005e+00 2.8052e+02 
1753.087280 7.9895e+00 2.8053e+02 
1753.569427 7.9736e+00 2.8052e+02 
1754.051575 7.9621e+00 2.8052e+02 
1754.533722 7.9461e+00 2.8051e+02 
1755.015869 7.9357e+00 2.8052e+02 
1755.498016 7.9211e+00 2.8052e+02 
1755.980164 7.9109e+00 2.8053e+02 
1756.462311 7.8957e+00 2.8052e+02 
1756.944458 7.8850e+00 2.8053e+02 
1757.426605 7.8697e+00 2.8052e+02 
1757.908752 7.8589e+00 2.8053e+02 
1758.390900 7.8437e+00 2.8052e+02 
1758.873047 7.8327e+00 2.8053e+02 
1759.355194 7.8170e+00 2.8051e+02 
1759.837341 7.8065e+00 2.8052e+02 
1760.319489 7.7918e+00 2.8052e+02 
1760.801636 7.7815e+00 2.8053e+02 
1761.283783 7.7664e+00 2.8052e+02 
1761.765930 7.7559e+00 2.8053e+02 
1762.248077 7.7408e+00 2.8052e+02 
1762.730225 7.7303e+00 2.8053e+02 
1763.212372 7.7150e+00 2.8052e+02 
1763.694519 7.7043e+00 2.8053e+02 
1764.176666 7.6889e+00 2.8051e+02 
1764.658813 7.6774e+00 2.8052e+02 
1765.140961 7.6621e+00 2.8051e+02 
1765.623108 7.6516e+00 2.8052e+02 
1766.105255 7.6365e+00 2.8051e+02 
1766.587402 7.6272e+00 2.8052e+02 
1767.069550 7.6134e+00 2.8052e+02 
1767.551697 7.6035e+00 2.8053e+02 
1768.033844 7.5887e+00 2.8052e+02 
1768.515991 7.5784e+00 2.8053e+02 
1768.998138 7.5636e+00 2.8052e+02 
1769.480286 7.5533e+00 2.8053e+02 
1769.962433 7.5386e+00 2.8052e+02 
1770.444580 7.5284e+00 2.8053e+02 
1770.926727 7.5137e+00 2.8052e+02 
1771.408875 7.5035e+00 2.8053e+02 
1771.891022 7.4888e+00 2.8052e+02 
1772.373169 7.4787e+00 2.8053e+02 
1772.855316 7.4640e+00 2.8052e+02 
1773.337463 7.4539e+00 2.8053e+02 
1773.819611 7.4393e+00 2.8052e+02 
1774.301758 7.4292e+00 2.8053e+02 
1774.783905 7.4147e+00 2.8052e+02 
1775.266052 7.4047e+00 2.8053e+02 
1775.748199 7.3901e+00 2.8052e+02 
1776.230347 7.3799e+00 2.8053e+02 
1776.712494 7.3645e+00 2.8051e+02 
1777.194641 7.3535e+00 2.8052e+02 
1777.676788 7.3388e+00 2.8051e+02 
1778.158936 7.3296e+00 2.8052e+02 
1778.641083 7.3164e+00 2.8052e+02 
1779.123230 7.3069e+00 2.8053e+02 
1779.605377 7.2925e+00 2.8052e+02 
1780.087524 7.2827e+00 2.8053e+02 
1780.569672 7.2685e+00 2.8052e+02 
1781.051819 7.2586e+00 2.8053e+02 
1781.533966 7.2443e+00 2.8052e+02 
1782.016113 7.2337e+00 2.8052e+02 
1782.498260 7.2177e+00 2.8051e+02 
1782.980408 7.2072e+00 2.8051e+02 
1783.462555 7.1941e+00 2.8051e+02 
1783.944702 7.1858e+00 2.8052e+02 
1784.426849 7.1722e+00 2.8052e+02 
1784.908997 7.1627e+00 2.8053e+02 
1785.391144 7.1479e+00 2.8051e+02 
1785.873291 7.1365e+00 2.8052e+02 
1786.355438 7.1218e+00 2.8050e+02 
1786.837585 7.1125e+00 2.8052e+02 
1787.319733 7.0986e+00 2.8051e+02 
1787.801880 7.0889e+00 2.8052e+02 
1788.284027 7.0759e+00 2.8051e+02 
1788.766174 7.0662e+00 2.8052e+02 
1789.248322 7.0520e+00 2.8051e+02 
1789.730469 7.0438e+00 2.8052e+02 
1790.212616 7.0306e+00 2.8052e+02 
1790.694763 7.0212e+00 2.8053e+02 
1791.176910 7.0073e+00 2.8052e+02 
1791.659058 6.9978e+00 2.8053e+02 
1792.141205 6.9840e+00 2.8052e+02 
1792.623352 6.9746e+00 2.8053e+02 
1793.105499 6.9608e+00 2.8052e+02 
1793.587646 6.9513e+00 2.8053e+02 
1794.069794 6.9375e+00 2.8052e+02 
1794.551941 6.9281e+00 2.8053e+02 
1795.034088 6.9144e+00 2.8052e+02 
1795.516235 6.9051e+00 2.8053e+02 
1795.998383 6.8915e+00 2.8052e+02 
1796.480530 6.8821e+00 2.8053e+02 
1796.962677 6.8679e+00 2.8052e+02 
1797.444824 6.8572e+00 2.8052e+02 
1797.926971 6.8436e+00 2.8051e+02 
1798.409119 6.8356e+00 2.8052e+02 
1798.891266 6.8228e+00 2.8052e+02 
1799.373413 6.8136e+00 2.8053e+02 
1799.855560 6.8000e+00 2.8052e+02 
1800.337708 6.7915e+00 2.8053e+02 
1800.819855 6.7634e+00 2.8046e+02 
1801.302002 6.5891e+00 2.7972e+02 
1801.784149 6.0569e+00 2.7725e+02 
1802.266296 5.1567e+00 2.7261e+02 
1802.748444 4.0019e+00 2.6558e+02 
