607.505493 1.1304e+02 2.7283e+02 
607.987640 1.3830e+02 2.9030e+02 
608.469788 1.5358e+02 3.0021e+02 
608.951935 1.6221e+02 3.0562e+02 
609.434082 1.6482e+02 3.0723e+02 
609.916229 1.6321e+02 3.0624e+02 
610.398376 1.6309e+02 3.0618e+02 
610.880524 1.6466e+02 3.0714e+02 
611.362671 1.6340e+02 3.0637e+02 
611.844818 1.6272e+02 3.0596e+02 
612.326965 1.6464e+02 3.0714e+02 
612.809113 1.6581e+02 3.0786e+02 
613.291260 1.6476e+02 3.0722e+02 
613.773407 1.6435e+02 3.0697e+02 
614.255554 1.6520e+02 3.0750e+02 
614.737701 1.6521e+02 3.0750e+02 
615.219849 1.6554e+02 3.0771e+02 
615.701996 1.6647e+02 3.0828e+02 
616.184143 1.6700e+02 3.0861e+02 
616.666290 1.6700e+02 3.0861e+02 
617.148438 1.6720e+02 3.0874e+02 
617.630585 1.6724e+02 3.0876e+02 
618.112732 1.6674e+02 3.0846e+02 
618.594879 1.6529e+02 3.0759e+02 
619.077026 1.6496e+02 3.0739e+02 
619.559174 1.6468e+02 3.0723e+02 
620.041321 1.6422e+02 3.0696e+02 
620.523468 1.6574e+02 3.0788e+02 
621.005615 1.6562e+02 3.0782e+02 
621.487762 1.6343e+02 3.0649e+02 
621.969910 1.6391e+02 3.0679e+02 
622.452057 1.6563e+02 3.0784e+02 
622.934204 1.6449e+02 3.0716e+02 
623.416351 1.6467e+02 3.0727e+02 
623.898499 1.6597e+02 3.0806e+02 
624.380646 1.6595e+02 3.0806e+02 
624.862793 1.6615e+02 3.0818e+02 
625.344940 1.6669e+02 3.0852e+02 
625.827087 1.6641e+02 3.0835e+02 
626.309235 1.6632e+02 3.0830e+02 
626.791382 1.6631e+02 3.0831e+02 
627.273529 1.6622e+02 3.0826e+02 
627.755676 1.6625e+02 3.0828e+02 
628.237823 1.6630e+02 3.0832e+02 
628.719971 1.6628e+02 3.0832e+02 
629.202118 1.6647e+02 3.0844e+02 
629.684265 1.6637e+02 3.0839e+02 
630.166412 1.6631e+02 3.0836e+02 
630.648560 1.6652e+02 3.0849e+02 
631.130707 1.6649e+02 3.0848e+02 
631.612854 1.6632e+02 3.0839e+02 
632.095001 1.6657e+02 3.0855e+02 
632.577148 1.6663e+02 3.0859e+02 
633.059296 1.6658e+02 3.0857e+02 
633.541443 1.6664e+02 3.0861e+02 
634.023590 1.6660e+02 3.0860e+02 
634.505737 1.6640e+02 3.0849e+02 
634.987885 1.6657e+02 3.0860e+02 
635.470032 1.6664e+02 3.0865e+02 
635.952179 1.6646e+02 3.0855e+02 
636.434326 1.6649e+02 3.0858e+02 
636.916473 1.6663e+02 3.0867e+02 
637.398621 1.6646e+02 3.0858e+02 
637.880768 1.6651e+02 3.0862e+02 
638.362915 1.6661e+02 3.0869e+02 
638.845062 1.6647e+02 3.0862e+02 
639.327209 1.6643e+02 3.0860e+02 
639.809357 1.6660e+02 3.0871e+02 
640.291504 1.6645e+02 3.0863e+02 
640.773651 1.6640e+02 3.0862e+02 
641.255798 1.6653e+02 3.0871e+02 
641.737946 1.6644e+02 3.0867e+02 
642.220093 1.6634e+02 3.0862e+02 
642.702240 1.6651e+02 3.0873e+02 
643.184387 1.6642e+02 3.0868e+02 
643.666534 1.6631e+02 3.0864e+02 
644.148682 1.6643e+02 3.0872e+02 
644.630829 1.6642e+02 3.0872e+02 
645.112976 1.6626e+02 3.0864e+02 
645.595123 1.6638e+02 3.0872e+02 
646.077271 1.6638e+02 3.0873e+02 
646.559418 1.6626e+02 3.0867e+02 
647.041565 1.6631e+02 3.0872e+02 
647.523712 1.6639e+02 3.0877e+02 
648.005859 1.6628e+02 3.0872e+02 
648.488007 1.6632e+02 3.0876e+02 
648.970154 1.6634e+02 3.0878e+02 
649.452301 1.6628e+02 3.0877e+02 
649.934448 1.6623e+02 3.0875e+02 
650.416595 1.6627e+02 3.0878e+02 
650.898743 1.6615e+02 3.0873e+02 
651.380890 1.6612e+02 3.0872e+02 
651.863037 1.6618e+02 3.0877e+02 
652.345184 1.6613e+02 3.0875e+02 
652.827332 1.6604e+02 3.0872e+02 
653.309479 1.6611e+02 3.0877e+02 
653.791626 1.6606e+02 3.0875e+02 
654.273773 1.6598e+02 3.0873e+02 
654.755920 1.6601e+02 3.0876e+02 
655.238068 1.6602e+02 3.0878e+02 
655.720215 1.6590e+02 3.0872e+02 
656.202362 1.6594e+02 3.0876e+02 
656.684509 1.6593e+02 3.0877e+02 
657.166656 1.6585e+02 3.0874e+02 
657.648804 1.6583e+02 3.0874e+02 
658.130951 1.6588e+02 3.0878e+02 
658.613098 1.6577e+02 3.0873e+02 
659.095245 1.6576e+02 3.0874e+02 
659.577393 1.6578e+02 3.0877e+02 
660.059540 1.6571e+02 3.0875e+02 
660.541687 1.6562e+02 3.0871e+02 
661.023834 1.6569e+02 3.0877e+02 
661.505981 1.6561e+02 3.0874e+02 
661.988129 1.6554e+02 3.0871e+02 
662.470276 1.6558e+02 3.0875e+02 
662.952423 1.6558e+02 3.0877e+02 
663.434570 1.6545e+02 3.0871e+02 
663.916718 1.6546e+02 3.0874e+02 
664.398865 1.6544e+02 3.0874e+02 
664.881012 1.6535e+02 3.0870e+02 
665.363159 1.6531e+02 3.0870e+02 
665.845306 1.6536e+02 3.0874e+02 
666.327454 1.6534e+02 3.0875e+02 
666.809601 1.6538e+02 3.0879e+02 
667.291748 1.6536e+02 3.0879e+02 
667.773895 1.6535e+02 3.0880e+02 
668.256042 1.6530e+02 3.0879e+02 
668.738190 1.6528e+02 3.0880e+02 
669.220337 1.6523e+02 3.0879e+02 
669.702484 1.6522e+02 3.0880e+02 
670.184631 1.6516e+02 3.0879e+02 
670.666779 1.6514e+02 3.0879e+02 
671.148926 1.6509e+02 3.0879e+02 
671.631073 1.6504e+02 3.0877e+02 
672.113220 1.6493e+02 3.0873e+02 
672.595367 1.6498e+02 3.0878e+02 
673.077515 1.6494e+02 3.0877e+02 
673.559662 1.6485e+02 3.0874e+02 
674.041809 1.6484e+02 3.0875e+02 
674.523956 1.6487e+02 3.0879e+02 
675.006104 1.6475e+02 3.0874e+02 
675.488251 1.6474e+02 3.0876e+02 
675.970398 1.6475e+02 3.0878e+02 
676.452545 1.6470e+02 3.0877e+02 
676.934692 1.6461e+02 3.0874e+02 
677.416840 1.6466e+02 3.0879e+02 
677.898987 1.6460e+02 3.0877e+02 
678.381134 1.6453e+02 3.0875e+02 
678.863281 1.6452e+02 3.0876e+02 
679.345428 1.6453e+02 3.0879e+02 
679.827576 1.6440e+02 3.0874e+02 
680.309723 1.6440e+02 3.0876e+02 
680.791870 1.6440e+02 3.0878e+02 
681.274017 1.6433e+02 3.0876e+02 
681.756165 1.6425e+02 3.0874e+02 
682.238312 1.6430e+02 3.0879e+02 
682.720459 1.6422e+02 3.0876e+02 
683.202606 1.6414e+02 3.0874e+02 
683.684753 1.6414e+02 3.0876e+02 
684.166901 1.6415e+02 3.0878e+02 
684.649048 1.6401e+02 3.0873e+02 
685.131195 1.6402e+02 3.0875e+02 
685.613342 1.6402e+02 3.0877e+02 
686.095490 1.6393e+02 3.0874e+02 
686.577637 1.6384e+02 3.0872e+02 
687.059784 1.6391e+02 3.0878e+02 
687.541931 1.6383e+02 3.0876e+02 
688.024078 1.6375e+02 3.0873e+02 
688.506226 1.6374e+02 3.0875e+02 
688.988373 1.6376e+02 3.0878e+02 
689.470520 1.6361e+02 3.0872e+02 
689.952667 1.6361e+02 3.0874e+02 
690.434814 1.6361e+02 3.0876e+02 
690.916962 1.6348e+02 3.0871e+02 
691.399109 1.6338e+02 3.0868e+02 
691.881256 1.6349e+02 3.0876e+02 
692.363403 1.6336e+02 3.0871e+02 
692.845551 1.6323e+02 3.0866e+02 
693.327698 1.6328e+02 3.0872e+02 
693.809845 1.6331e+02 3.0876e+02 
694.291992 1.6308e+02 3.0865e+02 
694.774139 1.6310e+02 3.0869e+02 
695.256287 1.6315e+02 3.0874e+02 
695.738434 1.6299e+02 3.0867e+02 
696.220581 1.6287e+02 3.0863e+02 
696.702728 1.6302e+02 3.0873e+02 
697.184875 1.6288e+02 3.0868e+02 
697.667023 1.6275e+02 3.0863e+02 
698.149170 1.6281e+02 3.0869e+02 
698.631317 1.6281e+02 3.0872e+02 
699.113464 1.6253e+02 3.0858e+02 
699.595612 1.6252e+02 3.0860e+02 
700.077759 1.6262e+02 3.0868e+02 
700.559906 1.6248e+02 3.0863e+02 
701.042053 1.6228e+02 3.0854e+02 
701.524200 1.6241e+02 3.0864e+02 
702.006348 1.6234e+02 3.0863e+02 
702.488495 1.6216e+02 3.0855e+02 
702.970642 1.6213e+02 3.0856e+02 
703.452789 1.6223e+02 3.0864e+02 
703.934937 1.6198e+02 3.0852e+02 
704.417084 1.6186e+02 3.0848e+02 
704.899231 1.6197e+02 3.0857e+02 
705.381378 1.6198e+02 3.0860e+02 
705.863525 1.6162e+02 3.0843e+02 
706.345673 1.6162e+02 3.0845e+02 
706.827820 1.6160e+02 3.0847e+02 
707.309967 1.6145e+02 3.0841e+02 
707.792114 1.6131e+02 3.0836e+02 
708.274261 1.6135e+02 3.0841e+02 
708.756409 1.6114e+02 3.0832e+02 
709.238556 1.6096e+02 3.0824e+02 
709.720703 1.6095e+02 3.0826e+02 
710.202850 1.6096e+02 3.0829e+02 
710.684998 1.6050e+02 3.0807e+02 
711.167145 1.6044e+02 3.0806e+02 
711.649292 1.6066e+02 3.0821e+02 
712.131439 1.6011e+02 3.0793e+02 
712.613586 1.5925e+02 3.0748e+02 
713.095734 1.6019e+02 3.0803e+02 
713.577881 1.6047e+02 3.0821e+02 
714.060028 1.5887e+02 3.0735e+02 
714.542175 1.5870e+02 3.0728e+02 
715.024323 1.5980e+02 3.0792e+02 
715.506470 1.5735e+02 3.0658e+02 
715.988617 1.5583e+02 3.0576e+02 
716.470764 1.5872e+02 3.0740e+02 
716.952911 1.5893e+02 3.0755e+02 
717.435059 1.5758e+02 3.0683e+02 
717.917206 1.5895e+02 3.0762e+02 
718.399353 1.6023e+02 3.0836e+02 
718.881500 1.6047e+02 3.0852e+02 
719.363647 1.6065e+02 3.0865e+02 
719.845795 1.6080e+02 3.0876e+02 
720.327942 1.6078e+02 3.0878e+02 
720.810089 1.6045e+02 3.0862e+02 
721.292236 1.5895e+02 3.0782e+02 
721.774384 1.5622e+02 3.0633e+02 
722.256531 1.5366e+02 3.0492e+02 
722.738678 1.4986e+02 3.0280e+02 
723.220825 1.4814e+02 3.0185e+02 
723.702972 1.5198e+02 3.0406e+02 
724.185120 1.4977e+02 3.0284e+02 
724.667267 1.4560e+02 3.0049e+02 
725.149414 1.5141e+02 3.0384e+02 
725.631561 1.5170e+02 3.0403e+02 
726.113708 1.4543e+02 3.0049e+02 
726.595856 1.5021e+02 3.0325e+02 
727.078003 1.5427e+02 3.0557e+02 
727.560150 1.4741e+02 3.0172e+02 
728.042297 1.4888e+02 3.0259e+02 
728.524445 1.5624e+02 3.0676e+02 
729.006592 1.5707e+02 3.0725e+02 
729.488739 1.5615e+02 3.0677e+02 
729.970886 1.5692e+02 3.0723e+02 
730.453033 1.5722e+02 3.0743e+02 
730.935181 1.5635e+02 3.0698e+02 
731.417328 1.5691e+02 3.0731e+02 
731.899475 1.5420e+02 3.0584e+02 
732.381622 1.4859e+02 3.0272e+02 
732.863770 1.5178e+02 3.0455e+02 
733.345917 1.5440e+02 3.0605e+02 
733.828064 1.4827e+02 3.0264e+02 
734.310211 1.5010e+02 3.0370e+02 
734.792358 1.5427e+02 3.0607e+02 
735.274506 1.4895e+02 3.0312e+02 
735.756653 1.4863e+02 3.0297e+02 
736.238800 1.5389e+02 3.0596e+02 
736.720947 1.4959e+02 3.0358e+02 
737.203094 1.4817e+02 3.0281e+02 
737.685242 1.5352e+02 3.0585e+02 
738.167389 1.5122e+02 3.0460e+02 
738.649536 1.4827e+02 3.0297e+02 
739.131683 1.5325e+02 3.0580e+02 
739.613831 1.5381e+02 3.0614e+02 
740.095978 1.5349e+02 3.0599e+02 
740.578125 1.5655e+02 3.0772e+02 
741.060272 1.5745e+02 3.0824e+02 
741.542419 1.5670e+02 3.0787e+02 
742.024567 1.5584e+02 3.0742e+02 
742.506714 1.5230e+02 3.0550e+02 
742.988861 1.4353e+02 3.0059e+02 
743.471008 1.4676e+02 3.0246e+02 
743.953156 1.5417e+02 3.0663e+02 
744.435303 1.5389e+02 3.0652e+02 
744.917450 1.5487e+02 3.0709e+02 
745.399597 1.4988e+02 3.0435e+02 
745.881744 1.3463e+02 2.9564e+02 
746.363892 1.3549e+02 2.9618e+02 
746.846039 1.4577e+02 3.0214e+02 
747.328186 1.3480e+02 2.9585e+02 
747.810333 1.3657e+02 2.9692e+02 
748.292480 1.4879e+02 3.0395e+02 
748.774628 1.3879e+02 2.9829e+02 
749.256775 1.3068e+02 2.9356e+02 
749.738922 1.4191e+02 3.0016e+02 
750.221069 1.3151e+02 2.9414e+02 
750.703217 1.2287e+02 2.8896e+02 
751.185364 1.3858e+02 2.9835e+02 
751.667511 1.3965e+02 2.9901e+02 
752.149658 1.4010e+02 2.9930e+02 
752.631805 1.4627e+02 3.0285e+02 
753.113953 1.3749e+02 2.9787e+02 
753.596100 1.3673e+02 2.9747e+02 
754.078247 1.4894e+02 3.0445e+02 
754.560394 1.5017e+02 3.0517e+02 
755.042542 1.3581e+02 2.9705e+02 
755.524689 1.3417e+02 2.9613e+02 
756.006836 1.3623e+02 2.9737e+02 
756.488983 1.1859e+02 2.8680e+02 
756.971130 1.2501e+02 2.9078e+02 
757.453278 1.2801e+02 2.9264e+02 
757.935425 1.0463e+02 2.7796e+02 
758.417572 1.0727e+02 2.7974e+02 
758.899719 1.1882e+02 2.8715e+02 
759.381866 1.0066e+02 2.7543e+02 
759.864014 1.0185e+02 2.7628e+02 
760.346161 1.1991e+02 2.8795e+02 
760.828308 1.0617e+02 2.7924e+02 
761.310455 1.0242e+02 2.7680e+02 
761.792603 1.1424e+02 2.8453e+02 
762.274750 9.7143e+01 2.7330e+02 
762.756897 9.1505e+01 2.6941e+02 
763.239044 1.0561e+02 2.7909e+02 
763.721191 9.5476e+01 2.7229e+02 
764.203339 8.8320e+01 2.6727e+02 
764.685486 1.0253e+02 2.7718e+02 
765.167633 9.5693e+01 2.7258e+02 
765.649780 8.6496e+01 2.6608e+02 
766.131927 9.8091e+01 2.7432e+02 
766.614075 9.7231e+01 2.7378e+02 
767.096222 1.0110e+02 2.7645e+02 
767.578369 1.0707e+02 2.8045e+02 
768.060516 9.7670e+01 2.7422e+02 
768.542664 1.0573e+02 2.7967e+02 
769.024811 1.2021e+02 2.8889e+02 
769.506958 1.1587e+02 2.8625e+02 
769.989105 1.2243e+02 2.9033e+02 
770.471252 1.1034e+02 2.8283e+02 
770.953400 9.3480e+01 2.7160e+02 
771.435547 8.8425e+01 2.6806e+02 
771.917694 8.4394e+01 2.6517e+02 
772.399841 8.6071e+01 2.6645e+02 
772.881989 8.5023e+01 2.6573e+02 
773.364136 8.2352e+01 2.6380e+02 
773.846283 8.5053e+01 2.6585e+02 
774.328430 8.9659e+01 2.6923e+02 
774.810577 9.6199e+01 2.7386e+02 
775.292725 1.2273e+02 2.9098e+02 
775.774872 1.2751e+02 2.9388e+02 
776.257019 1.1540e+02 2.8656e+02 
776.739166 1.3104e+02 2.9605e+02 
777.221313 1.3044e+02 2.9574e+02 
777.703461 1.0157e+02 2.7778e+02 
778.185608 8.8539e+01 2.6882e+02 
778.667755 9.7117e+01 2.7487e+02 
779.149902 1.1889e+02 2.8898e+02 
779.632050 1.0790e+02 2.8212e+02 
780.114197 8.5975e+01 2.6716e+02 
780.596344 8.0922e+01 2.6347e+02 
781.078491 7.7330e+01 2.6078e+02 
781.560638 7.7912e+01 2.6128e+02 
782.042786 8.0086e+01 2.6299e+02 
782.524933 8.0363e+01 2.6325e+02 
783.007080 8.4174e+01 2.6614e+02 
783.489227 9.8344e+01 2.7617e+02 
783.971375 1.2375e+02 2.9236e+02 
784.453522 1.4043e+02 3.0208e+02 
784.935669 1.2372e+02 2.9243e+02 
785.417816 9.6890e+01 2.7538e+02 
785.899963 8.2227e+01 2.6499e+02 
786.382111 7.7681e+01 2.6161e+02 
786.864258 7.6015e+01 2.6037e+02 
787.346405 7.4917e+01 2.5956e+02 
787.828552 7.4589e+01 2.5936e+02 
788.310699 7.3145e+01 2.5827e+02 
788.792847 7.1587e+01 2.5707e+02 
789.274994 7.1066e+01 2.5671e+02 
789.757141 7.1995e+01 2.5750e+02 
790.239288 7.1597e+01 2.5724e+02 
790.721436 7.3545e+01 2.5884e+02 
791.203583 9.3307e+01 2.7349e+02 
791.685730 1.2283e+02 2.9250e+02 
792.167877 1.1610e+02 2.8846e+02 
792.650024 9.6049e+01 2.7552e+02 
793.132172 9.4918e+01 2.7479e+02 
793.614319 1.1838e+02 2.8999e+02 
794.096466 1.2382e+02 2.9331e+02 
794.578613 1.0132e+02 2.7925e+02 
795.060760 1.0345e+02 2.8070e+02 
795.542908 1.2873e+02 2.9634e+02 
796.025055 1.3762e+02 3.0148e+02 
796.507202 1.1684e+02 2.8932e+02 
796.989349 1.0781e+02 2.8371e+02 
797.471497 1.2021e+02 2.9146e+02 
797.953644 1.2891e+02 2.9666e+02 
798.435791 1.4038e+02 3.0324e+02 
798.917938 1.3911e+02 3.0257e+02 
799.400085 1.1109e+02 2.8602e+02 
799.882233 8.9222e+01 2.7151e+02 
800.364380 7.8787e+01 2.6392e+02 
800.846527 7.3988e+01 2.6027e+02 
801.328674 7.5731e+01 2.6168e+02 
801.810822 7.6942e+01 2.6267e+02 
802.292969 8.2661e+01 2.6702e+02 
802.775116 1.1227e+02 2.8708e+02 
803.257263 1.3438e+02 3.0028e+02 
803.739410 1.1894e+02 2.9127e+02 
804.221558 8.7776e+01 2.7093e+02 
804.703705 7.6145e+01 2.6237e+02 
805.185852 7.0318e+01 2.5782e+02 
805.667999 7.7710e+01 2.6367e+02 
806.150146 8.6909e+01 2.7051e+02 
806.632294 8.0077e+01 2.6556e+02 
807.114441 7.2447e+01 2.5973e+02 
807.596588 8.6483e+01 2.7036e+02 
808.078735 1.1591e+02 2.8984e+02 
808.560883 1.0097e+02 2.8041e+02 
809.043030 7.5224e+01 2.6212e+02 
809.525177 6.9258e+01 2.5744e+02 
810.007324 6.3941e+01 2.5307e+02 
810.489471 6.5090e+01 2.5410e+02 
810.971619 6.6515e+01 2.5534e+02 
811.453766 6.4064e+01 2.5334e+02 
811.935913 6.3251e+01 2.5270e+02 
812.418060 6.7326e+01 2.5617e+02 
812.900208 6.7656e+01 2.5650e+02 
813.382355 8.4339e+01 2.6942e+02 
813.864502 1.1229e+02 2.8816e+02 
814.346649 1.1960e+02 2.9267e+02 
814.828796 9.8157e+01 2.7917e+02 
815.310944 7.4064e+01 2.6189e+02 
815.793091 6.7467e+01 2.5666e+02 
816.275238 6.4847e+01 2.5453e+02 
816.757385 6.4718e+01 2.5448e+02 
817.239532 6.2430e+01 2.5258e+02 
817.721680 6.0434e+01 2.5090e+02 
818.203827 5.9803e+01 2.5040e+02 
818.685974 6.1396e+01 2.5185e+02 
819.168121 5.9598e+01 2.5033e+02 
819.650269 5.9106e+01 2.4995e+02 
820.132416 6.0033e+01 2.5082e+02 
820.614563 5.9558e+01 2.5046e+02 
821.096710 5.8251e+01 2.4935e+02 
821.578857 5.9157e+01 2.5021e+02 
822.061005 5.9451e+01 2.5052e+02 
822.543152 5.9621e+01 2.5073e+02 
823.025299 5.9650e+01 2.5081e+02 
823.507446 5.8904e+01 2.5020e+02 
823.989594 5.8366e+01 2.4978e+02 
824.471741 6.3406e+01 2.5423e+02 
824.953888 8.2080e+01 2.6900e+02 
825.436035 7.9965e+01 2.6749e+02 
825.918182 6.1939e+01 2.5313e+02 
826.400330 6.2735e+01 2.5387e+02 
826.882477 7.7767e+01 2.6599e+02 
827.364624 1.0151e+02 2.8266e+02 
827.846771 1.0018e+02 2.8184e+02 
828.328918 7.3258e+01 2.6268e+02 
828.811066 5.9543e+01 2.5137e+02 
829.293213 5.7810e+01 2.4988e+02 
829.775360 5.6649e+01 2.4889e+02 
830.257507 5.6584e+01 2.4888e+02 
830.739655 5.6362e+01 2.4874e+02 
831.221802 5.5988e+01 2.4845e+02 
831.703949 5.5016e+01 2.4761e+02 
832.186096 5.5285e+01 2.4792e+02 
832.668243 5.5117e+01 2.4782e+02 
833.150391 5.5184e+01 2.4793e+02 
833.632538 5.4473e+01 2.4733e+02 
834.114685 5.4921e+01 2.4780e+02 
834.596832 5.4954e+01 2.4789e+02 
835.078979 6.3116e+01 2.5517e+02 
835.561127 7.2502e+01 2.6289e+02 
836.043274 6.2254e+01 2.5454e+02 
836.525421 5.4511e+01 2.4770e+02 
837.007568 5.4445e+01 2.4769e+02 
837.489716 5.4492e+01 2.4779e+02 
837.971863 5.6228e+01 2.4944e+02 
838.454010 5.5562e+01 2.4889e+02 
838.936157 5.7941e+01 2.5110e+02 
839.418304 7.8279e+01 2.6774e+02 
839.900452 1.0751e+02 2.8777e+02 
840.382599 9.0638e+01 2.7673e+02 
840.864746 6.4619e+01 2.5709e+02 
841.346893 6.1576e+01 2.5456e+02 
841.829041 6.8627e+01 2.6050e+02 
842.311188 6.1815e+01 2.5488e+02 
842.793335 5.4214e+01 2.4814e+02 
843.275482 5.3268e+01 2.4731e+02 
843.757629 5.3080e+01 2.4719e+02 
844.239777 5.2917e+01 2.4709e+02 
844.721924 5.2989e+01 2.4722e+02 
845.204071 5.3558e+01 2.4781e+02 
845.686218 5.5259e+01 2.4944e+02 
846.168365 5.4041e+01 2.4837e+02 
846.650513 5.3324e+01 2.4775e+02 
847.132660 5.2991e+01 2.4750e+02 
847.614807 5.3598e+01 2.4812e+02 
848.096954 5.3847e+01 2.4841e+02 
848.579102 5.6785e+01 2.5116e+02 
849.061249 7.4410e+01 2.6586e+02 
849.543396 9.9686e+01 2.8376e+02 
850.025543 8.1119e+01 2.7101e+02 
850.507690 6.0241e+01 2.5445e+02 
850.989838 5.8238e+01 2.5274e+02 
851.471985 6.3413e+01 2.5728e+02 
851.954132 8.7209e+01 2.7558e+02 
852.436279 1.2078e+02 2.9707e+02 
852.918427 1.1755e+02 2.9522e+02 
853.400574 9.2267e+01 2.7923e+02 
853.882721 7.9166e+01 2.6999e+02 
854.364868 1.0085e+02 2.8502e+02 
854.847015 9.7927e+01 2.8316e+02 
855.329163 6.6244e+01 2.6007e+02 
855.811310 5.4703e+01 2.5009e+02 
856.293457 5.1868e+01 2.4749e+02 
856.775604 5.1012e+01 2.4673e+02 
857.257751 4.9995e+01 2.4580e+02 
857.739899 5.0529e+01 2.4638e+02 
858.222046 5.7638e+01 2.5303e+02 
858.704193 6.0789e+01 2.5586e+02 
859.186340 5.3703e+01 2.4956e+02 
859.668488 5.6193e+01 2.5190e+02 
860.150635 5.1329e+01 2.4743e+02 
860.632782 4.8833e+01 2.4506e+02 
861.114929 4.8099e+01 2.4439e+02 
861.597076 4.8327e+01 2.4467e+02 
862.079224 4.7896e+01 2.4430e+02 
862.561371 4.8531e+01 2.4499e+02 
863.043518 4.7852e+01 2.4437e+02 
863.525665 4.8433e+01 2.4500e+02 
864.007813 4.8894e+01 2.4551e+02 
864.489960 5.8732e+01 2.5472e+02 
864.972107 8.2175e+01 2.7341e+02 
865.454254 8.9336e+01 2.7852e+02 
865.936401 6.3941e+01 2.5936e+02 
866.418549 4.9464e+01 2.4635e+02 
866.900696 4.7589e+01 2.4455e+02 
867.382843 4.7305e+01 2.4433e+02 
867.864990 4.6867e+01 2.4394e+02 
868.347137 4.6983e+01 2.4412e+02 
868.829285 4.6662e+01 2.4385e+02 
869.311432 4.7061e+01 2.4431e+02 
869.793579 4.7264e+01 2.4457e+02 
870.275726 4.9940e+01 2.4727e+02 
870.757874 6.7812e+01 2.6310e+02 
871.240021 9.0631e+01 2.8003e+02 
871.722168 6.9984e+01 2.6494e+02 
872.204315 5.0229e+01 2.4777e+02 
872.686462 4.7032e+01 2.4467e+02 
873.168610 4.6313e+01 2.4400e+02 
873.650757 4.5661e+01 2.4339e+02 
874.132904 4.5601e+01 2.4339e+02 
874.615051 4.5315e+01 2.4315e+02 
875.097198 4.5364e+01 2.4326e+02 
875.579346 4.5987e+01 2.4395e+02 
876.061493 4.6611e+01 2.4465e+02 
876.543640 4.5904e+01 2.4398e+02 
877.025787 4.5868e+01 2.4400e+02 
877.507935 4.6673e+01 2.4488e+02 
877.990082 5.9585e+01 2.5703e+02 
878.472229 8.1231e+01 2.7422e+02 
878.954376 6.7468e+01 2.6375e+02 
879.436523 4.7756e+01 2.4619e+02 
879.918671 4.5759e+01 2.4423e+02 
880.400818 4.6742e+01 2.4529e+02 
880.882965 5.6879e+01 2.5497e+02 
881.365112 5.4638e+01 2.5300e+02 
881.847260 4.6129e+01 2.4484e+02 
882.329407 4.5811e+01 2.4457e+02 
882.811554 5.5214e+01 2.5369e+02 
883.293701 6.6945e+01 2.6382e+02 
883.775848 7.7363e+01 2.7197e+02 
884.257996 6.3244e+01 2.6088e+02 
884.740143 4.6215e+01 2.4526e+02 
885.222290 4.5032e+01 2.4411e+02 
885.704437 4.4487e+01 2.4360e+02 
886.186584 4.6724e+01 2.4595e+02 
886.668732 6.0959e+01 2.5922e+02 
887.150879 8.5917e+01 2.7852e+02 
887.633026 6.9991e+01 2.6675e+02 
888.115173 5.7775e+01 2.5661e+02 
888.597321 6.8818e+01 2.6593e+02 
889.079468 5.6048e+01 2.5518e+02 
889.561615 4.8485e+01 2.4811e+02 
890.043762 5.6165e+01 2.5540e+02 
890.525909 5.0395e+01 2.5008e+02 
891.008057 5.3662e+01 2.5322e+02 
891.490204 5.5263e+01 2.5475e+02 
891.972351 4.4164e+01 2.4400e+02 
892.454498 4.1887e+01 2.4164e+02 
892.936646 4.1340e+01 2.4111e+02 
893.418793 4.1590e+01 2.4144e+02 
893.900940 4.0866e+01 2.4070e+02 
894.383087 4.1234e+01 2.4116e+02 
894.865234 4.0830e+01 2.4078e+02 
895.347382 4.1403e+01 2.4146e+02 
895.829529 4.2092e+01 2.4227e+02 
896.311676 4.4439e+01 2.4481e+02 
896.793823 4.3072e+01 2.4343e+02 
897.275970 4.5161e+01 2.4567e+02 
897.758118 4.8810e+01 2.4939e+02 
898.240265 4.3505e+01 2.4406e+02 
898.722412 4.0402e+01 2.4077e+02 
899.204559 4.0198e+01 2.4060e+02 
899.686707 3.9735e+01 2.4014e+02 
900.168854 3.9958e+01 2.4045e+02 
900.651001 3.9790e+01 2.4032e+02 
901.133148 3.9740e+01 2.4032e+02 
901.615295 3.9391e+01 2.3998e+02 
902.097443 4.0460e+01 2.4123e+02 
902.579590 4.0790e+01 2.4165e+02 
903.061737 4.0240e+01 2.4110e+02 
903.543884 3.9259e+01 2.4007e+02 
904.026031 3.9784e+01 2.4071e+02 
904.508179 3.9388e+01 2.4033e+02 
904.990326 4.1499e+01 2.4271e+02 
905.472473 4.4259e+01 2.4570e+02 
905.954620 5.6129e+01 2.5722e+02 
906.436768 6.2377e+01 2.6271e+02 
906.918915 4.9356e+01 2.5100e+02 
907.401062 4.2252e+01 2.4381e+02 
907.883209 4.5251e+01 2.4702e+02 
908.365356 6.0309e+01 2.6117e+02 
908.847504 8.7802e+01 2.8223e+02 
909.329651 7.4842e+01 2.7297e+02 
909.811798 5.1554e+01 2.5345e+02 
910.293945 5.1433e+01 2.5340e+02 
910.776093 4.6450e+01 2.4858e+02 
911.258240 4.1389e+01 2.4334e+02 
911.740387 3.9233e+01 2.4101e+02 
912.222534 3.9392e+01 2.4125e+02 
912.704681 3.8585e+01 2.4040e+02 
913.186829 3.9941e+01 2.4198e+02 
913.668976 4.8763e+01 2.5122e+02 
914.151123 5.2687e+01 2.5503e+02 
914.633270 4.2687e+01 2.4514e+02 
915.115417 3.9609e+01 2.4184e+02 
915.597565 3.7603e+01 2.3962e+02 
916.079712 3.8529e+01 2.4074e+02 
916.561859 3.7883e+01 2.4006e+02 
917.044006 3.8426e+01 2.4073e+02 
917.526154 3.7341e+01 2.3955e+02 
918.008301 4.4884e+01 2.4784e+02 
918.490448 5.2812e+01 2.5566e+02 
918.972595 4.4255e+01 2.4730e+02 
919.454742 3.7179e+01 2.3959e+02 
919.936890 3.8139e+01 2.4075e+02 
920.419037 3.7856e+01 2.4049e+02 
920.901184 4.5235e+01 2.4854e+02 
921.383331 5.7467e+01 2.6022e+02 
921.865479 7.4181e+01 2.7390e+02 
922.347626 7.1313e+01 2.7176e+02 
922.829773 4.8839e+01 2.5238e+02 
923.311920 3.9761e+01 2.4299e+02 
923.794067 3.7501e+01 2.4048e+02 
924.276215 4.2206e+01 2.4577e+02 
924.758362 6.2841e+01 2.6523e+02 
925.240509 6.3803e+01 2.6608e+02 
925.722656 4.3086e+01 2.4688e+02 
926.204803 3.7132e+01 2.4034e+02 
926.686951 3.7246e+01 2.4053e+02 
927.169098 3.8252e+01 2.4175e+02 
927.651245 3.5859e+01 2.3902e+02 
928.133392 3.7000e+01 2.4042e+02 
928.615540 4.3744e+01 2.4792e+02 
929.097687 4.5899e+01 2.5019e+02 
929.579834 3.7402e+01 2.4106e+02 
930.061981 3.5585e+01 2.3898e+02 
930.544128 3.6380e+01 2.3998e+02 
931.026276 3.8563e+01 2.4256e+02 
931.508423 3.5961e+01 2.3960e+02 
931.990570 3.5904e+01 2.3959e+02 
932.472717 3.6846e+01 2.4076e+02 
932.954865 3.8437e+01 2.4265e+02 
933.437012 3.5360e+01 2.3911e+02 
933.919159 3.3861e+01 2.3735e+02 
934.401306 3.5242e+01 2.3909e+02 
934.883453 3.8558e+01 2.4302e+02 
935.365601 3.5414e+01 2.3941e+02 
935.847748 3.3284e+01 2.3686e+02 
936.329895 3.5345e+01 2.3944e+02 
936.812042 3.9441e+01 2.4424e+02 
937.294189 3.7442e+01 2.4203e+02 
937.776337 3.4489e+01 2.3858e+02 
938.258484 3.6093e+01 2.4057e+02 
938.740631 3.8822e+01 2.4378e+02 
939.222778 3.4473e+01 2.3874e+02 
939.704926 3.3059e+01 2.3705e+02 
940.187073 3.7609e+01 2.4257e+02 
940.669220 4.6753e+01 2.5243e+02 
941.151367 4.5625e+01 2.5135e+02 
941.633514 3.6285e+01 2.4120e+02 
942.115662 3.7786e+01 2.4300e+02 
942.597809 3.8314e+01 2.4366e+02 
943.079956 3.2825e+01 2.3716e+02 
943.562103 3.4321e+01 2.3907e+02 
944.044250 4.1186e+01 2.4703e+02 
944.526398 4.6333e+01 2.5247e+02 
945.008545 4.3172e+01 2.4927e+02 
945.490692 3.7856e+01 2.4349e+02 
945.972839 4.0297e+01 2.4629e+02 
946.454987 3.8351e+01 2.4417e+02 
946.937134 3.5991e+01 2.4148e+02 
947.419281 4.2662e+01 2.4902e+02 
947.901428 6.7471e+01 2.7170e+02 
948.383575 7.4919e+01 2.7750e+02 
948.865723 4.8386e+01 2.5502e+02 
949.347870 4.1215e+01 2.4769e+02 
949.830017 3.6524e+01 2.4246e+02 
950.312164 3.1997e+01 2.3698e+02 
950.794312 3.4683e+01 2.4038e+02 
951.276459 3.8317e+01 2.4471e+02 
951.758606 3.2328e+01 2.3757e+02 
952.240753 3.2046e+01 2.3727e+02 
952.722900 4.0463e+01 2.4728e+02 
953.205048 5.3879e+01 2.6074e+02 
953.687195 4.6277e+01 2.5350e+02 
954.169342 3.8657e+01 2.4544e+02 
954.651489 4.1480e+01 2.4862e+02 
955.133636 5.1116e+01 2.5840e+02 
955.615784 5.2320e+01 2.5958e+02 
956.097931 4.0619e+01 2.4785e+02 
956.580078 3.2366e+01 2.3820e+02 
957.062225 2.9531e+01 2.3455e+02 
957.544373 3.1706e+01 2.3747e+02 
958.026520 3.1630e+01 2.3743e+02 
958.508667 3.1006e+01 2.3668e+02 
958.990814 3.8181e+01 2.4547e+02 
959.472961 4.1921e+01 2.4967e+02 
959.955109 3.6173e+01 2.4326e+02 
960.437256 3.2233e+01 2.3849e+02 
960.919403 3.1170e+01 2.3718e+02 
961.401550 3.0676e+01 2.3659e+02 
961.883698 3.1459e+01 2.3767e+02 
962.365845 2.9211e+01 2.3475e+02 
962.847992 2.9408e+01 2.3508e+02 
963.330139 3.0444e+01 2.3652e+02 
963.812286 2.8836e+01 2.3441e+02 
964.294434 2.9592e+01 2.3550e+02 
964.776581 3.2303e+01 2.3910e+02 
965.258728 3.1135e+01 2.3766e+02 
965.740875 3.7028e+01 2.4496e+02 
966.223022 4.0821e+01 2.4928e+02 
966.705170 4.1525e+01 2.5011e+02 
967.187317 3.8936e+01 2.4731e+02 
967.669464 3.5508e+01 2.4340e+02 
968.151611 3.1579e+01 2.3858e+02 
968.633759 3.0294e+01 2.3696e+02 
969.115906 3.5214e+01 2.4322e+02 
969.598053 3.1060e+01 2.3808e+02 
970.080200 3.4026e+01 2.4189e+02 
970.562347 4.0807e+01 2.4979e+02 
971.044495 4.4101e+01 2.5335e+02 
971.526642 5.2789e+01 2.6191e+02 
972.008789 4.4707e+01 2.5409e+02 
972.490936 3.2161e+01 2.3985e+02 
972.973083 3.9262e+01 2.4837e+02 
973.455231 5.4721e+01 2.6390e+02 
973.937378 5.1089e+01 2.6061e+02 
974.419525 4.1656e+01 2.5117e+02 
974.901672 3.4693e+01 2.4328e+02 
975.383820 3.9037e+01 2.4841e+02 
975.865967 5.7879e+01 2.6699e+02 
976.348114 4.6153e+01 2.5608e+02 
976.830261 3.7234e+01 2.4653e+02 
977.312408 4.8294e+01 2.5832e+02 
977.794556 3.9274e+01 2.4896e+02 
978.276703 3.3825e+01 2.4263e+02 
978.758850 3.2724e+01 2.4131e+02 
979.240997 3.0069e+01 2.3793e+02 
979.723145 3.2208e+01 2.4078e+02 
980.205292 2.8940e+01 2.3653e+02 
980.687439 3.0734e+01 2.3899e+02 
981.169586 3.2558e+01 2.4140e+02 
981.651733 3.1991e+01 2.4073e+02 
982.133881 3.2218e+01 2.4108e+02 
982.616028 2.8568e+01 2.3630e+02 
983.098175 2.9255e+01 2.3730e+02 
983.580322 3.0595e+01 2.3915e+02 
984.062469 3.3904e+01 2.4342e+02 
984.544617 3.1580e+01 2.4055e+02 
985.026764 2.7167e+01 2.3463e+02 
985.508911 2.8006e+01 2.3587e+02 
985.991058 2.6666e+01 2.3403e+02 
986.473206 2.7353e+01 2.3507e+02 
986.955353 2.6485e+01 2.3388e+02 
987.437500 2.6872e+01 2.3450e+02 
987.919647 2.6232e+01 2.3363e+02 
988.401794 2.6326e+01 2.3382e+02 
988.883942 2.6702e+01 2.3443e+02 
989.366089 2.6222e+01 2.3379e+02 
989.848236 2.7497e+01 2.3568e+02 
990.330383 2.8186e+01 2.3670e+02 
990.812531 2.5949e+01 2.3356e+02 
991.294678 2.5375e+01 2.3277e+02 
991.776825 2.5589e+01 2.3314e+02 
992.258972 2.5329e+01 2.3281e+02 
992.741119 2.5431e+01 2.3303e+02 
993.223267 2.5341e+01 2.3295e+02 
993.705414 2.4998e+01 2.3249e+02 
994.187561 2.6723e+01 2.3509e+02 
994.669708 2.6788e+01 2.3524e+02 
995.151855 2.5809e+01 2.3388e+02 
995.634003 2.5923e+01 2.3410e+02 
996.116150 2.5016e+01 2.3281e+02 
996.598297 2.5041e+01 2.3290e+02 
997.080444 2.5903e+01 2.3425e+02 
997.562592 2.6196e+01 2.3473e+02 
998.044739 2.7452e+01 2.3660e+02 
998.526886 3.5601e+01 2.4721e+02 
999.009033 3.7265e+01 2.4923e+02 
999.491180 2.9041e+01 2.3898e+02 
999.973328 3.4419e+01 2.4596e+02 
1000.455475 3.7114e+01 2.4922e+02 
1000.937622 3.0254e+01 2.4079e+02 
1001.419769 2.6630e+01 2.3583e+02 
1001.901917 2.6067e+01 2.3507e+02 
1002.384064 2.6143e+01 2.3524e+02 
1002.866211 2.6537e+01 2.3587e+02 
1003.348358 3.2531e+01 2.4403e+02 
1003.830505 3.4877e+01 2.4698e+02 
1004.312653 3.0772e+01 2.4188e+02 
1004.794800 2.8664e+01 2.3910e+02 
1005.276947 2.6263e+01 2.3576e+02 
1005.759094 2.6993e+01 2.3687e+02 
1006.241241 2.6180e+01 2.3575e+02 
1006.723389 2.8233e+01 2.3874e+02 
1007.205536 3.0871e+01 2.4236e+02 
1007.687683 2.9095e+01 2.4004e+02 
1008.169830 2.6683e+01 2.3672e+02 
1008.651978 2.7217e+01 2.3754e+02 
1009.134125 2.7818e+01 2.3845e+02 
1009.616272 4.0509e+01 2.5415e+02 
1010.098419 5.1288e+01 2.6510e+02 
1010.580566 5.0922e+01 2.6482e+02 
1011.062714 4.3864e+01 2.5789e+02 
1011.544861 3.2131e+01 2.4451e+02 
1012.027008 3.0375e+01 2.4228e+02 
1012.509155 2.8264e+01 2.3948e+02 
1012.991302 2.8753e+01 2.4021e+02 
1013.473450 2.9884e+01 2.4180e+02 
1013.955597 4.3863e+01 2.5824e+02 
1014.437744 6.3946e+01 2.7668e+02 
1014.919891 4.7839e+01 2.6237e+02 
1015.402039 3.0970e+01 2.4347e+02 
1015.884186 2.9585e+01 2.4169e+02 
1016.366333 3.0041e+01 2.4236e+02 
1016.848480 3.3135e+01 2.4641e+02 
1017.330627 4.6505e+01 2.6134e+02 
1017.812775 5.8766e+01 2.7274e+02 
1018.294922 4.2373e+01 2.5720e+02 
1018.777069 3.2740e+01 2.4615e+02 
1019.259216 3.1555e+01 2.4469e+02 
1019.741364 3.2156e+01 2.4552e+02 
1020.223511 3.0329e+01 2.4321e+02 
1020.705658 3.0659e+01 2.4370e+02 
1021.187805 3.0723e+01 2.4384e+02 
1021.669952 3.1218e+01 2.4455e+02 
1022.152100 3.1461e+01 2.4492e+02 
1022.634247 3.0733e+01 2.4403e+02 
1023.116394 3.1218e+01 2.4472e+02 
1023.598541 3.0023e+01 2.4320e+02 
1024.080688 2.9307e+01 2.4230e+02 
1024.562836 3.0344e+01 2.4375e+02 
1025.044983 3.1443e+01 2.4524e+02 
1025.527130 3.1094e+01 2.4485e+02 
1026.009277 2.9227e+01 2.4242e+02 
1026.491425 3.0104e+01 2.4366e+02 
1026.973572 3.1459e+01 2.4550e+02 
1027.455719 3.3682e+01 2.4836e+02 
1027.937866 4.2959e+01 2.5897e+02 
1028.420013 5.5909e+01 2.7151e+02 
1028.902161 4.9018e+01 2.6519e+02 
1029.384308 5.5314e+01 2.7109e+02 
1029.866455 5.0965e+01 2.6716e+02 
1030.348602 4.2374e+01 2.5864e+02 
1030.830750 3.9112e+01 2.5515e+02 
1031.312897 3.4133e+01 2.4938e+02 
1031.795044 3.3892e+01 2.4914e+02 
1032.277191 3.5846e+01 2.5156e+02 
1032.759338 3.6968e+01 2.5294e+02 
1033.241486 3.4289e+01 2.4981e+02 
1033.723633 3.1636e+01 2.4654e+02 
1034.205780 2.9296e+01 2.4350e+02 
1034.687927 3.0896e+01 2.4569e+02 
1035.170074 3.3303e+01 2.4882e+02 
1035.652222 3.3142e+01 2.4868e+02 
1036.134369 2.9793e+01 2.4440e+02 
1036.616516 3.0346e+01 2.4520e+02 
1037.098663 3.3409e+01 2.4918e+02 
1037.580811 3.5803e+01 2.5215e+02 
1038.062958 3.3641e+01 2.4959e+02 
1038.545105 3.3077e+01 2.4894e+02 
1039.027252 4.1354e+01 2.5860e+02 
1039.509399 5.1153e+01 2.6849e+02 
1039.991547 3.8241e+01 2.5527e+02 
1040.473694 3.2302e+01 2.4820e+02 
1040.955841 3.5737e+01 2.5248e+02 
1041.437988 3.6241e+01 2.5313e+02 
1041.920135 2.9946e+01 2.4530e+02 
1042.402283 3.4836e+01 2.5157e+02 
1042.884430 3.5656e+01 2.5261e+02 
1043.366577 2.9126e+01 2.4437e+02 
1043.848724 2.2281e+01 2.3423e+02 
1044.330872 2.4357e+01 2.3759e+02 
1044.813019 3.1220e+01 2.4733e+02 
1045.295166 3.0380e+01 2.4629e+02 
1045.777313 2.5189e+01 2.3902e+02 
1046.259460 2.9470e+01 2.4518e+02 
1046.741608 3.4973e+01 2.5226e+02 
1047.223755 3.3260e+01 2.5022e+02 
1047.705902 2.9446e+01 2.4532e+02 
1048.188049 3.4027e+01 2.5128e+02 
1048.670197 4.1059e+01 2.5944e+02 
1049.152344 4.9261e+01 2.6785e+02 
1049.634491 4.2705e+01 2.6131e+02 
1050.116638 4.0926e+01 2.5946e+02 
1050.598785 4.5055e+01 2.6386e+02 
1051.080933 4.8435e+01 2.6728e+02 
1051.563080 4.5064e+01 2.6399e+02 
1052.045227 4.1321e+01 2.6012e+02 
1052.527374 3.7692e+01 2.5615e+02 
1053.009521 3.2103e+01 2.4945e+02 
1053.491669 3.6958e+01 2.5542e+02 
1053.973816 3.9666e+01 2.5855e+02 
1054.455963 3.4314e+01 2.5239e+02 
1054.938110 3.7258e+01 2.5594e+02 
1055.420258 4.9939e+01 2.6925e+02 
1055.902405 4.4851e+01 2.6429e+02 
1056.384552 3.3330e+01 2.5140e+02 
1056.866699 3.3554e+01 2.5174e+02 
1057.348846 3.6962e+01 2.5588e+02 
1057.830994 3.2520e+01 2.5056e+02 
1058.313141 3.6599e+01 2.5558e+02 
1058.795288 4.1577e+01 2.6121e+02 
1059.277435 3.5989e+01 2.5498e+02 
1059.759583 4.3073e+01 2.6292e+02 
1060.241730 4.9844e+01 2.6974e+02 
1060.723877 3.6340e+01 2.5556e+02 
1061.206024 2.9464e+01 2.4697e+02 
1061.688171 2.9253e+01 2.4674e+02 
1062.170319 3.7578e+01 2.5718e+02 
1062.652466 4.4263e+01 2.6450e+02 
1063.134613 3.2755e+01 2.5150e+02 
1063.616760 2.6255e+01 2.4275e+02 
1064.098907 2.5392e+01 2.4152e+02 
1064.581055 2.6519e+01 2.4325e+02 
1065.063202 2.8546e+01 2.4618e+02 
1065.545349 4.5377e+01 2.6599e+02 
1066.027496 7.3836e+01 2.9047e+02 
1066.509644 6.3156e+01 2.8222e+02 
1066.991791 3.4940e+01 2.5465e+02 
1067.473938 2.8718e+01 2.4670e+02 
1067.956085 2.3665e+01 2.3934e+02 
1068.438232 2.2722e+01 2.3789e+02 
1068.920380 2.6345e+01 2.4351e+02 
1069.402527 2.3231e+01 2.3882e+02 
1069.884674 2.0708e+01 2.3470e+02 
1070.366821 2.6756e+01 2.4428e+02 
1070.848969 2.2745e+01 2.3821e+02 
1071.331116 2.1865e+01 2.3683e+02 
1071.813263 2.8505e+01 2.4693e+02 
1072.295410 3.4571e+01 2.5484e+02 
1072.777557 3.6362e+01 2.5704e+02 
1073.259705 3.3338e+01 2.5344e+02 
1073.741852 3.5237e+01 2.5582e+02 
1074.223999 5.8258e+01 2.7903e+02 
1074.706146 5.5262e+01 2.7647e+02 
1075.188293 2.8787e+01 2.4772e+02 
1075.670441 2.9437e+01 2.4867e+02 
1076.152588 3.3167e+01 2.5358e+02 
1076.634735 2.5214e+01 2.4276e+02 
1077.116882 2.7717e+01 2.4646e+02 
1077.599030 2.5573e+01 2.4341e+02 
1078.081177 2.1990e+01 2.3784e+02 
1078.563324 2.7718e+01 2.4664e+02 
1079.045471 2.2763e+01 2.3922e+02 
1079.527618 2.4488e+01 2.4200e+02 
1080.009766 2.6336e+01 2.4483e+02 
1080.491913 2.2259e+01 2.3857e+02 
1080.974060 2.8936e+01 2.4862e+02 
1081.456207 2.8015e+01 2.4740e+02 
1081.938354 2.3954e+01 2.4146e+02 
1082.420502 2.5019e+01 2.4316e+02 
1082.902649 2.0904e+01 2.3659e+02 
1083.384796 2.4617e+01 2.4266e+02 
1083.866943 2.2250e+01 2.3896e+02 
1084.349091 2.3076e+01 2.4036e+02 
1084.831238 2.6853e+01 2.4615e+02 
1085.313385 3.2665e+01 2.5405e+02 
1085.795532 3.0086e+01 2.5076e+02 
1086.277679 2.0955e+01 2.3708e+02 
1086.759827 2.1686e+01 2.3837e+02 
1087.241974 2.1018e+01 2.3730e+02 
1087.724121 2.3432e+01 2.4133e+02 
1088.206268 2.3060e+01 2.4079e+02 
1088.688416 2.0134e+01 2.3594e+02 
1089.170563 2.0338e+01 2.3635e+02 
1089.652710 1.9923e+01 2.3568e+02 
1090.134857 2.2793e+01 2.4059e+02 
1090.617004 3.5462e+01 2.5812e+02 
1091.099152 5.9887e+01 2.8244e+02 
1091.581299 4.7350e+01 2.7108e+02 
1092.063446 2.4804e+01 2.4398e+02 
1092.545593 1.9350e+01 2.3499e+02 
1093.027740 1.8284e+01 2.3308e+02 
1093.509888 1.8046e+01 2.3269e+02 
1093.992035 1.7315e+01 2.3133e+02 
1094.474182 1.7396e+01 2.3154e+02 
1094.956329 1.6843e+01 2.3051e+02 
1095.438477 1.6855e+01 2.3059e+02 
1095.920624 1.6499e+01 2.2993e+02 
1096.402771 1.6999e+01 2.3099e+02 
1096.884918 1.6466e+01 2.2998e+02 
1097.367065 1.6872e+01 2.3085e+02 
1097.849213 1.6975e+01 2.3111e+02 
1098.331360 1.8269e+01 2.3368e+02 
1098.813507 2.2804e+01 2.4165e+02 
1099.295654 4.4453e+01 2.6910e+02 
1099.777802 5.5794e+01 2.7994e+02 
1100.259949 3.3646e+01 2.5707e+02 
1100.742096 3.0010e+01 2.5245e+02 
1101.224243 5.2494e+01 2.7714e+02 
1101.706390 5.0825e+01 2.7564e+02 
1102.188538 2.6361e+01 2.4752e+02 
1102.670685 2.1057e+01 2.3920e+02 
1103.152832 1.7847e+01 2.3345e+02 
1103.634979 1.7414e+01 2.3266e+02 
1104.117126 1.6461e+01 2.3082e+02 
1104.599274 1.8734e+01 2.3529e+02 
1105.081421 1.9187e+01 2.3618e+02 
1105.563568 2.2539e+01 2.4202e+02 
1106.045715 3.6398e+01 2.6108e+02 
1106.527863 6.5798e+01 2.8913e+02 
1107.010010 6.1208e+01 2.8545e+02 
1107.492157 3.2922e+01 2.5703e+02 
1107.974304 2.1916e+01 2.4128e+02 
1108.456451 2.0837e+01 2.3951e+02 
1108.938599 1.7980e+01 2.3439e+02 
1109.420746 1.7177e+01 2.3288e+02 
1109.902893 1.8553e+01 2.3558e+02 
1110.385040 2.3104e+01 2.4351e+02 
1110.867188 3.6084e+01 2.6129e+02 
1111.349335 6.1851e+01 2.8651e+02 
1111.831482 5.3990e+01 2.7978e+02 
1112.313629 2.7663e+01 2.5060e+02 
1112.795776 1.8821e+01 2.3643e+02 
1113.277924 1.6602e+01 2.3219e+02 
1113.760071 1.6195e+01 2.3141e+02 
1114.242218 1.6816e+01 2.3273e+02 
1114.724365 1.7739e+01 2.3461e+02 
1115.206512 1.6748e+01 2.3271e+02 
1115.688660 1.5820e+01 2.3086e+02 
1116.170807 1.5505e+01 2.3025e+02 
1116.652954 1.6620e+01 2.3262e+02 
1117.135101 2.1454e+01 2.4160e+02 
1117.617249 2.9054e+01 2.5317e+02 
1118.099396 2.2229e+01 2.4300e+02 
1118.581543 1.7764e+01 2.3511e+02 
1119.063690 1.7679e+01 2.3500e+02 
1119.545837 1.8515e+01 2.3665e+02 
1120.027985 2.4524e+01 2.4689e+02 
1120.510132 4.8359e+01 2.7555e+02 
1120.992279 7.4525e+01 2.9751e+02 
1121.474426 6.2771e+01 2.8848e+02 
1121.956573 3.3097e+01 2.5899e+02 
1122.438721 2.0499e+01 2.4059e+02 
1122.920868 1.7088e+01 2.3430e+02 
1123.403015 1.7687e+01 2.3553e+02 
1123.885162 1.8764e+01 2.3763e+02 
1124.367310 1.6016e+01 2.3229e+02 
1124.849457 1.4647e+01 2.2941e+02 
1125.331604 1.4833e+01 2.2987e+02 
1125.813751 1.5583e+01 2.3155e+02 
1126.295898 1.5013e+01 2.3038e+02 
1126.778046 1.4507e+01 2.2932e+02 
1127.260193 1.4425e+01 2.2919e+02 
1127.742340 1.4115e+01 2.2855e+02 
1128.224487 1.4173e+01 2.2874e+02 
1128.706635 1.4347e+01 2.2919e+02 
1129.188782 1.4732e+01 2.3010e+02 
1129.670929 1.6691e+01 2.3430e+02 
1130.153076 1.6705e+01 2.3438e+02 
1130.635223 1.5031e+01 2.3093e+02 
1131.117371 1.5079e+01 2.3109e+02 
1131.599518 1.6203e+01 2.3353e+02 
1132.081665 1.7261e+01 2.3572e+02 
1132.563812 1.7785e+01 2.3680e+02 
1133.045959 2.0259e+01 2.4142e+02 
1133.528107 2.2303e+01 2.4496e+02 
1134.010254 2.5614e+01 2.5021e+02 
1134.492401 3.2226e+01 2.5939e+02 
1134.974548 5.0648e+01 2.7947e+02 
1135.456696 7.5078e+01 2.9964e+02 
1135.938843 7.7295e+01 3.0130e+02 
1136.420990 5.7985e+01 2.8625e+02 
1136.903137 5.4797e+01 2.8351e+02 
1137.385284 6.6399e+01 2.9330e+02 
1137.867432 4.8570e+01 2.7784e+02 
1138.349579 2.6346e+01 2.5182e+02 
1138.831726 1.9567e+01 2.4087e+02 
1139.313873 1.7358e+01 2.3676e+02 
1139.796021 1.7516e+01 2.3713e+02 
1140.278168 1.7461e+01 2.3708e+02 
1140.760315 1.6689e+01 2.3560e+02 
1141.242462 2.2928e+01 2.4690e+02 
1141.724609 2.4536e+01 2.4950e+02 
1142.206757 1.6605e+01 2.3560e+02 
1142.688904 1.4927e+01 2.3212e+02 
1143.171051 1.5094e+01 2.3254e+02 
1143.653198 1.6441e+01 2.3543e+02 
1144.135345 1.5036e+01 2.3252e+02 
1144.617493 1.5164e+01 2.3286e+02 
1145.099640 1.5236e+01 2.3307e+02 
1145.581787 1.5749e+01 2.3422e+02 
1146.063934 1.5527e+01 2.3381e+02 
1146.546082 1.6348e+01 2.3558e+02 
1147.028229 1.7060e+01 2.3708e+02 
1147.510376 1.8749e+01 2.4040e+02 
1147.992523 1.9239e+01 2.4136e+02 
1148.474670 2.4251e+01 2.4986e+02 
1148.956818 4.4049e+01 2.7465e+02 
1149.438965 6.4524e+01 2.9325e+02 
1149.921112 4.6942e+01 2.7769e+02 
1150.403259 2.7840e+01 2.5541e+02 
1150.885406 3.0388e+01 2.5896e+02 
1151.367554 4.9556e+01 2.8041e+02 
1151.849701 5.6716e+01 2.8700e+02 
1152.331848 6.1342e+01 2.9100e+02 
1152.813995 4.9029e+01 2.8008e+02 
1153.296143 2.7883e+01 2.5581e+02 
1153.778290 1.9690e+01 2.4286e+02 
1154.260437 2.0032e+01 2.4353e+02 
1154.742584 2.1942e+01 2.4688e+02 
1155.224731 1.7901e+01 2.3970e+02 
1155.706879 1.5815e+01 2.3555e+02 
1156.189026 1.4993e+01 2.3384e+02 
1156.671173 1.5181e+01 2.3431e+02 
1157.153320 1.4790e+01 2.3351e+02 
1157.635468 1.5274e+01 2.3462e+02 
1158.117615 1.6143e+01 2.3652e+02 
1158.599762 1.6249e+01 2.3680e+02 
1159.081909 1.5503e+01 2.3528e+02 
1159.564056 1.5615e+01 2.3558e+02 
1160.046204 1.6267e+01 2.3700e+02 
1160.528351 1.6616e+01 2.3778e+02 
1161.010498 1.6912e+01 2.3843e+02 
1161.492645 1.7596e+01 2.3984e+02 
1161.974792 1.7845e+01 2.4038e+02 
1162.456940 1.8371e+01 2.4145e+02 
1162.939087 1.8541e+01 2.4183e+02 
1163.421234 2.0652e+01 2.4571e+02 
1163.903381 2.7284e+01 2.5622e+02 
1164.385529 3.4486e+01 2.6579e+02 
1164.867676 5.7759e+01 2.8947e+02 
1165.349823 7.1650e+01 3.0068e+02 
1165.831970 6.1916e+01 2.9309e+02 
1166.314117 3.9409e+01 2.7176e+02 
1166.796265 2.5767e+01 2.5435e+02 
1167.278412 2.1603e+01 2.4780e+02 
1167.760559 1.6435e+01 2.3825e+02 
1168.242706 1.5785e+01 2.3696e+02 
1168.724854 1.7266e+01 2.4004e+02 
1169.207001 2.1743e+01 2.4826e+02 
1169.689148 2.1897e+01 2.4858e+02 
1170.171295 2.2166e+01 2.4908e+02 
1170.653442 2.0990e+01 2.4715e+02 
1171.135590 2.4378e+01 2.5275e+02 
1171.617737 2.5623e+01 2.5471e+02 
1172.099884 2.6390e+01 2.5590e+02 
1172.582031 3.1342e+01 2.6281e+02 
1173.064178 4.6328e+01 2.7986e+02 
1173.546326 6.6872e+01 2.9800e+02 
1174.028473 7.6735e+01 3.0545e+02 
1174.510620 7.8018e+01 3.0642e+02 
1174.992767 6.9965e+01 3.0057e+02 
1175.474915 5.2134e+01 2.8573e+02 
1175.957062 3.8998e+01 2.7246e+02 
1176.439209 3.5123e+01 2.6801e+02 
1176.921356 2.9578e+01 2.6098e+02 
1177.403503 2.2585e+01 2.5063e+02 
1177.885651 2.1065e+01 2.4813e+02 
1178.367798 2.6657e+01 2.5704e+02 
1178.849945 2.7683e+01 2.5858e+02 
1179.332092 1.9253e+01 2.4508e+02 
1179.814240 1.8186e+01 2.4314e+02 
1180.296387 2.4361e+01 2.5381e+02 
1180.778534 3.4297e+01 2.6752e+02 
1181.260681 2.5657e+01 2.5591e+02 
1181.742828 1.8186e+01 2.4337e+02 
1182.224976 1.7263e+01 2.4162e+02 
1182.707123 1.7712e+01 2.4256e+02 
1183.189270 1.8209e+01 2.4358e+02 
1183.671417 2.4509e+01 2.5444e+02 
1184.153564 3.0926e+01 2.6364e+02 
1184.635712 2.6518e+01 2.5758e+02 
1185.117859 2.8982e+01 2.6114e+02 
1185.600006 3.9731e+01 2.7443e+02 
1186.082153 5.1635e+01 2.8654e+02 
1186.564301 6.8089e+01 3.0051e+02 
1187.046448 7.4967e+01 3.0573e+02 
1187.528595 6.5136e+01 2.9831e+02 
1188.010742 4.6279e+01 2.8161e+02 
1188.492889 3.2502e+01 2.6620e+02 
1188.975037 2.5303e+01 2.5629e+02 
1189.457184 2.2070e+01 2.5121e+02 
1189.939331 2.2401e+01 2.5181e+02 
1190.421478 2.5927e+01 2.5740e+02 
1190.903625 3.1685e+01 2.6544e+02 
1191.385773 3.3758e+01 2.6813e+02 
1191.867920 2.3104e+01 2.5319e+02 
1192.350067 2.0226e+01 2.4838e+02 
1192.832214 2.1198e+01 2.5013e+02 
1193.314362 2.7484e+01 2.6002e+02 
1193.796509 2.4681e+01 2.5591e+02 
1194.278656 1.7087e+01 2.4269e+02 
1194.760803 1.8137e+01 2.4480e+02 
1195.242950 2.3435e+01 2.5412e+02 
1195.725098 2.4375e+01 2.5566e+02 
1196.207245 2.6194e+01 2.5848e+02 
1196.689392 2.6896e+01 2.5957e+02 
1197.171539 3.5839e+01 2.7135e+02 
1197.653687 5.6257e+01 2.9211e+02 
1198.135834 7.0319e+01 3.0361e+02 
1198.617981 6.0045e+01 2.9548e+02 
1199.100128 3.9661e+01 2.7597e+02 
1199.582275 2.6772e+01 2.5973e+02 
1200.064423 2.1143e+01 2.5089e+02 
1200.546570 1.9504e+01 2.4804e+02 
1201.028717 2.1171e+01 2.5105e+02 
1201.510864 2.1147e+01 2.5107e+02 
1201.993011 1.7882e+01 2.4516e+02 
1202.475159 1.5802e+01 2.4100e+02 
1202.957306 1.6436e+01 2.4238e+02 
1203.439453 1.6291e+01 2.4213e+02 
1203.921600 1.6084e+01 2.4176e+02 
1204.403748 1.5456e+01 2.4048e+02 
1204.885895 1.9005e+01 2.4763e+02 
1205.368042 2.1796e+01 2.5263e+02 
1205.850189 3.3717e+01 2.6981e+02 
1206.332336 3.6012e+01 2.7265e+02 
1206.814484 2.4663e+01 2.5743e+02 
1207.296631 2.2992e+01 2.5483e+02 
1207.778778 2.0311e+01 2.5035e+02 
1208.260925 2.2707e+01 2.5448e+02 
1208.743073 3.0855e+01 2.6649e+02 
1209.225220 3.2859e+01 2.6913e+02 
1209.707367 3.2094e+01 2.6822e+02 
1210.189514 3.6627e+01 2.7384e+02 
1210.671661 5.0126e+01 2.8808e+02 
1211.153809 6.5535e+01 3.0146e+02 
1211.635956 7.0144e+01 3.0510e+02 
1212.118103 7.2025e+01 3.0657e+02 
1212.600250 6.9306e+01 3.0457e+02 
1213.082397 5.6941e+01 2.9456e+02 
1213.564545 4.0739e+01 2.7889e+02 
1214.046692 3.1557e+01 2.6804e+02 
1214.528839 3.4634e+01 2.7197e+02 
1215.010986 4.2599e+01 2.8107e+02 
1215.493134 3.8191e+01 2.7628e+02 
1215.975281 3.0510e+01 2.6689e+02 
1216.457428 2.6614e+01 2.6151e+02 
1216.939575 2.6251e+01 2.6103e+02 
1217.421722 3.3567e+01 2.7100e+02 
1217.903870 5.0669e+01 2.8946e+02 
1218.386017 6.5856e+01 3.0259e+02 
1218.868164 6.2101e+01 2.9962e+02 
1219.350311 4.5476e+01 2.8457e+02 
1219.832458 3.7650e+01 2.7618e+02 
1220.314606 4.2490e+01 2.8159e+02 
1220.796753 4.5283e+01 2.8455e+02 
1221.278900 4.1433e+01 2.8057e+02 
1221.761047 3.7639e+01 2.7640e+02 
1222.243195 3.7954e+01 2.7682e+02 
1222.725342 3.8173e+01 2.7713e+02 
1223.207489 3.6185e+01 2.7488e+02 
1223.689636 4.0452e+01 2.7980e+02 
1224.171783 5.2334e+01 2.9177e+02 
1224.653931 6.4972e+01 3.0264e+02 
1225.136078 7.0891e+01 3.0728e+02 
1225.618225 6.8215e+01 3.0530e+02 
1226.100372 5.9392e+01 2.9823e+02 
1226.582520 4.7066e+01 2.8703e+02 
1227.064667 3.7966e+01 2.7741e+02 
1227.546814 2.6924e+01 2.6328e+02 
1228.028961 2.2582e+01 2.5661e+02 
1228.511108 2.4738e+01 2.6011e+02 
1228.993256 3.4193e+01 2.7316e+02 
1229.475403 3.7395e+01 2.7704e+02 
1229.957550 3.0829e+01 2.6898e+02 
1230.439697 2.3827e+01 2.5891e+02 
1230.921844 1.7592e+01 2.4798e+02 
1231.403992 1.6175e+01 2.4516e+02 
1231.886139 1.6698e+01 2.4630e+02 
1232.368286 1.9466e+01 2.5171e+02 
1232.850433 2.5103e+01 2.6119e+02 
1233.332581 2.6566e+01 2.6344e+02 
1233.814728 2.0446e+01 2.5365e+02 
1234.296875 1.6252e+01 2.4565e+02 
1234.779022 1.7945e+01 2.4912e+02 
1235.261169 1.9369e+01 2.5187e+02 
1235.743317 2.8383e+01 2.6633e+02 
1236.225464 3.9395e+01 2.8013e+02 
1236.707611 4.4593e+01 2.8575e+02 
1237.189758 4.7472e+01 2.8870e+02 
1237.671906 3.5875e+01 2.7624e+02 
1238.154053 2.8271e+01 2.6646e+02 
1238.636200 3.7964e+01 2.7879e+02 
1239.118347 5.2626e+01 2.9383e+02 
1239.600494 5.0742e+01 2.9214e+02 
1240.082642 4.4047e+01 2.8559e+02 
1240.564789 4.0750e+01 2.8214e+02 
1241.046936 3.7460e+01 2.7850e+02 
1241.529083 3.4789e+01 2.7539e+02 
1242.011230 3.9833e+01 2.8131e+02 
1242.493378 5.0882e+01 2.9262e+02 
1242.975525 6.0690e+01 3.0135e+02 
1243.457672 6.3514e+01 3.0373e+02 
1243.939819 6.6657e+01 3.0629e+02 
1244.421967 6.6885e+01 3.0652e+02 
1244.904114 6.0343e+01 3.0129e+02 
1245.386261 5.0020e+01 2.9215e+02 
1245.868408 4.0837e+01 2.8287e+02 
1246.350555 3.9226e+01 2.8115e+02 
1246.832703 3.5506e+01 2.7689e+02 
1247.314850 3.3346e+01 2.7429e+02 
1247.796997 4.2963e+01 2.8538e+02 
1248.279144 4.7680e+01 2.9024e+02 
1248.761292 4.4435e+01 2.8703e+02 
1249.243439 4.0439e+01 2.8284e+02 
1249.725586 3.7504e+01 2.7959e+02 
1250.207733 3.2303e+01 2.7331e+02 
1250.689880 3.5046e+01 2.7679e+02 
1251.172028 4.5508e+01 2.8842e+02 
1251.654175 4.5986e+01 2.8896e+02 
1252.136322 4.6683e+01 2.8971e+02 
1252.618469 4.5962e+01 2.8905e+02 
1253.100616 4.4285e+01 2.8740e+02 
1253.582764 5.3239e+01 2.9613e+02 
1254.064911 5.1978e+01 2.9503e+02 
1254.547058 5.1046e+01 2.9422e+02 
1255.029205 4.5838e+01 2.8922e+02 
1255.511353 4.1071e+01 2.8428e+02 
1255.993500 4.1279e+01 2.8457e+02 
1256.475647 4.7038e+01 2.9059e+02 
1256.957794 5.2481e+01 2.9584e+02 
1257.439941 5.2113e+01 2.9556e+02 
1257.922089 5.2125e+01 2.9563e+02 
1258.404236 6.0614e+01 3.0314e+02 
1258.886383 6.3167e+01 3.0530e+02 
1259.368530 6.3275e+01 3.0544e+02 
1259.850677 6.5157e+01 3.0701e+02 
1260.332825 6.6583e+01 3.0820e+02 
1260.814972 6.5144e+01 3.0712e+02 
1261.297119 6.2062e+01 3.0469e+02 
1261.779266 5.9345e+01 3.0248e+02 
1262.261414 5.5360e+01 2.9908e+02 
1262.743561 5.2443e+01 2.9650e+02 
1263.225708 5.4332e+01 2.9828e+02 
1263.707855 5.8075e+01 3.0162e+02 
1264.190002 5.8500e+01 3.0205e+02 
1264.672150 5.6936e+01 3.0076e+02 
1265.154297 6.1458e+01 3.0465e+02 
1265.636444 6.3630e+01 3.0649e+02 
1266.118591 6.4507e+01 3.0725e+02 
1266.600739 6.3249e+01 3.0629e+02 
1267.082886 6.0956e+01 3.0447e+02 
1267.565033 6.1672e+01 3.0512e+02 
1268.047180 6.4362e+01 3.0736e+02 
1268.529327 6.4325e+01 3.0739e+02 
1269.011475 6.3337e+01 3.0665e+02 
1269.493622 6.3808e+01 3.0709e+02 
1269.975769 6.4794e+01 3.0794e+02 
1270.457916 6.3597e+01 3.0704e+02 
1270.940063 6.3301e+01 3.0686e+02 
1271.422211 6.4377e+01 3.0778e+02 
1271.904358 6.4894e+01 3.0825e+02 
1272.386505 6.3687e+01 3.0734e+02 
1272.868652 6.1706e+01 3.0578e+02 
1273.350800 5.9968e+01 3.0439e+02 
1273.832947 5.5525e+01 3.0062e+02 
1274.315094 5.1077e+01 2.9662e+02 
1274.797241 5.1511e+01 2.9708e+02 
1275.279388 5.1714e+01 2.9733e+02 
1275.761536 4.8148e+01 2.9399e+02 
1276.243683 4.7525e+01 2.9344e+02 
1276.725830 5.1271e+01 2.9709e+02 
1277.207977 5.0025e+01 2.9598e+02 
1277.690125 4.7168e+01 2.9326e+02 
1278.172272 4.3897e+01 2.9000e+02 
1278.654419 4.4848e+01 2.9104e+02 
1279.136566 4.9658e+01 2.9586e+02 
1279.618713 5.7235e+01 3.0281e+02 
1280.100861 6.1334e+01 3.0635e+02 
1280.583008 5.9671e+01 3.0501e+02 
1281.065155 5.8000e+01 3.0365e+02 
1281.547302 5.4845e+01 3.0094e+02 
1282.029449 4.9073e+01 2.9564e+02 
1282.511597 4.8795e+01 2.9543e+02 
1282.993744 5.1433e+01 2.9800e+02 
1283.475891 5.3882e+01 3.0030e+02 
1283.958038 5.7219e+01 3.0332e+02 
1284.440186 5.8131e+01 3.0416e+02 
1284.922333 5.3095e+01 2.9976e+02 
1285.404480 5.0491e+01 2.9740e+02 
1285.886627 5.4885e+01 3.0149e+02 
1286.368774 5.7964e+01 3.0425e+02 
1286.850922 5.9855e+01 3.0592e+02 
1287.333069 6.2106e+01 3.0785e+02 
1287.815216 6.2109e+01 3.0791e+02 
1288.297363 6.2116e+01 3.0798e+02 
1288.779510 6.1062e+01 3.0716e+02 
1289.261658 5.7991e+01 3.0462e+02 
1289.743805 5.6085e+01 3.0302e+02 
1290.225952 5.8931e+01 3.0554e+02 
1290.708099 5.9150e+01 3.0579e+02 
1291.190247 5.5370e+01 3.0256e+02 
1291.672394 5.2238e+01 2.9978e+02 
1292.154541 5.2610e+01 3.0019e+02 
1292.636688 5.4459e+01 3.0192e+02 
1293.118835 5.3859e+01 3.0144e+02 
1293.600983 5.1224e+01 2.9907e+02 
1294.083130 5.0569e+01 2.9851e+02 
1294.565277 5.1206e+01 2.9917e+02 
1295.047424 5.3042e+01 3.0093e+02 
1295.529572 5.3858e+01 3.0173e+02 
1296.011719 5.6241e+01 3.0391e+02 
1296.493866 5.9796e+01 3.0703e+02 
1296.976013 5.9822e+01 3.0711e+02 
1297.458160 5.6517e+01 3.0433e+02 
1297.940308 5.3025e+01 3.0126e+02 
1298.422455 4.9342e+01 2.9787e+02 
1298.904602 4.7474e+01 2.9611e+02 
1299.386749 4.9641e+01 2.9827e+02 
1299.868896 5.1869e+01 3.0043e+02 
1300.351044 4.9533e+01 2.9828e+02 
1300.833191 4.8996e+01 2.9782e+02 
1301.315338 5.1420e+01 3.0018e+02 
1301.797485 5.2557e+01 3.0129e+02 
1302.279633 5.1783e+01 3.0064e+02 
1302.761780 5.2870e+01 3.0170e+02 
1303.243927 5.3847e+01 3.0264e+02 
1303.726074 5.4296e+01 3.0311e+02 
1304.208221 5.4085e+01 3.0298e+02 
1304.690369 5.4919e+01 3.0378e+02 
1305.172516 5.6003e+01 3.0480e+02 
1305.654663 5.7502e+01 3.0617e+02 
1306.136810 5.7059e+01 3.0584e+02 
1306.618958 5.6206e+01 3.0515e+02 
1307.101105 5.5725e+01 3.0479e+02 
1307.583252 5.7353e+01 3.0627e+02 
1308.065399 5.9055e+01 3.0779e+02 
1308.547546 5.8361e+01 3.0726e+02 
1309.029694 5.5830e+01 3.0511e+02 
1309.511841 5.4499e+01 3.0398e+02 
1309.993988 5.3934e+01 3.0353e+02 
1310.476135 5.4212e+01 3.0384e+02 
1310.958282 5.4626e+01 3.0427e+02 
1311.440430 5.6007e+01 3.0556e+02 
1311.922577 5.7652e+01 3.0705e+02 
1312.404724 5.9037e+01 3.0830e+02 
1312.886871 5.8941e+01 3.0827e+02 
1313.369019 5.8982e+01 3.0837e+02 
1313.851166 5.8484e+01 3.0800e+02 
1314.333313 5.8231e+01 3.0784e+02 
1314.815460 5.8154e+01 3.0783e+02 
1315.297607 5.7240e+01 3.0710e+02 
1315.779755 5.7013e+01 3.0696e+02 
1316.261902 5.7822e+01 3.0772e+02 
1316.744049 5.8382e+01 3.0826e+02 
1317.226196 5.8461e+01 3.0839e+02 
1317.708344 5.7794e+01 3.0787e+02 
1318.190491 5.7874e+01 3.0800e+02 
1318.672638 5.8297e+01 3.0842e+02 
1319.154785 5.8429e+01 3.0859e+02 
1319.636932 5.8077e+01 3.0835e+02 
1320.119080 5.8060e+01 3.0839e+02 
1320.601227 5.7550e+01 3.0801e+02 
1321.083374 5.6602e+01 3.0724e+02 
1321.565521 5.4876e+01 3.0577e+02 
1322.047668 5.4203e+01 3.0522e+02 
1322.529816 5.3993e+01 3.0509e+02 
1323.011963 5.5599e+01 3.0659e+02 
1323.494110 5.5847e+01 3.0686e+02 
1323.976257 5.4261e+01 3.0551e+02 
1324.458405 5.2797e+01 3.0423e+02 
1324.940552 5.0649e+01 3.0229e+02 
1325.422699 4.9841e+01 3.0158e+02 
1325.904846 5.1739e+01 3.0343e+02 
1326.386993 5.1375e+01 3.0315e+02 
1326.869141 5.1082e+01 3.0293e+02 
1327.351288 5.3193e+01 3.0494e+02 
1327.833435 5.4166e+01 3.0588e+02 
1328.315582 5.1504e+01 3.0350e+02 
1328.797729 5.0291e+01 3.0241e+02 
1329.279877 5.2748e+01 3.0477e+02 
1329.762024 5.5234e+01 3.0707e+02 
1330.244171 5.4030e+01 3.0605e+02 
1330.726318 5.0357e+01 3.0271e+02 
1331.208466 4.8463e+01 3.0094e+02 
1331.690613 4.9910e+01 3.0240e+02 
1332.172760 5.2498e+01 3.0488e+02 
1332.654907 5.3400e+01 3.0577e+02 
1333.137054 5.2715e+01 3.0520e+02 
1333.619202 5.2566e+01 3.0512e+02 
1334.101349 5.2560e+01 3.0517e+02 
1334.583496 5.2720e+01 3.0538e+02 
1335.065643 5.3245e+01 3.0591e+02 
1335.547791 5.4436e+01 3.0705e+02 
1336.029938 5.5186e+01 3.0778e+02 
1336.512085 5.5892e+01 3.0847e+02 
1336.994232 5.5708e+01 3.0836e+02 
1337.476379 5.5397e+01 3.0814e+02 
1337.958527 5.5570e+01 3.0835e+02 
1338.440674 5.5870e+01 3.0868e+02 
1338.922821 5.5822e+01 3.0869e+02 
1339.404968 5.5790e+01 3.0872e+02 
1339.887115 5.5696e+01 3.0870e+02 
1340.369263 5.5696e+01 3.0875e+02 
1340.851410 5.5347e+01 3.0850e+02 
1341.333557 5.4752e+01 3.0803e+02 
1341.815704 5.3981e+01 3.0739e+02 
1342.297852 5.3289e+01 3.0682e+02 
1342.779999 5.2597e+01 3.0624e+02 
1343.262146 5.2144e+01 3.0588e+02 
1343.744293 5.2330e+01 3.0611e+02 
1344.226440 5.2158e+01 3.0601e+02 
1344.708588 5.1185e+01 3.0516e+02 
1345.190735 5.0821e+01 3.0488e+02 
1345.672882 5.1443e+01 3.0552e+02 
1346.155029 5.1210e+01 3.0536e+02 
1346.637177 5.0560e+01 3.0480e+02 
1347.119324 5.1145e+01 3.0541e+02 
1347.601471 5.0782e+01 3.0513e+02 
1348.083618 5.1021e+01 3.0541e+02 
1348.565765 5.2344e+01 3.0670e+02 
1349.047913 5.3804e+01 3.0810e+02 
1349.530060 5.3808e+01 3.0816e+02 
1350.012207 5.2710e+01 3.0721e+02 
1350.494354 5.1282e+01 3.0595e+02 
1350.976501 5.0673e+01 3.0543e+02 
1351.458649 5.0874e+01 3.0568e+02 
1351.940796 5.1167e+01 3.0601e+02 
1352.422943 5.1134e+01 3.0604e+02 
1352.905090 5.0552e+01 3.0555e+02 
1353.387238 5.0473e+01 3.0553e+02 
1353.869385 5.1467e+01 3.0652e+02 
1354.351532 5.2711e+01 3.0774e+02 
1354.833679 5.3449e+01 3.0847e+02 
1355.315826 5.2830e+01 3.0796e+02 
1355.797974 5.1883e+01 3.0714e+02 
1356.280121 5.1031e+01 3.0640e+02 
1356.762268 5.0894e+01 3.0633e+02 
1357.244415 5.0950e+01 3.0644e+02 
1357.726563 5.1613e+01 3.0712e+02 
1358.208710 5.2151e+01 3.0768e+02 
1358.690857 5.1878e+01 3.0748e+02 
1359.173004 5.1557e+01 3.0724e+02 
1359.655151 5.1537e+01 3.0728e+02 
1360.137299 5.1989e+01 3.0776e+02 
1360.619446 5.2596e+01 3.0838e+02 
1361.101593 5.2824e+01 3.0865e+02 
1361.583740 5.2651e+01 3.0855e+02 
1362.065887 5.2547e+01 3.0851e+02 
1362.548035 5.2704e+01 3.0871e+02 
1363.030182 5.2703e+01 3.0877e+02 
1363.512329 5.2555e+01 3.0869e+02 
1363.994476 5.2113e+01 3.0834e+02 
1364.476624 5.1597e+01 3.0791e+02 
1364.958771 5.1059e+01 3.0747e+02 
1365.440918 5.0695e+01 3.0718e+02 
1365.923065 5.0392e+01 3.0695e+02 
1366.405212 5.0179e+01 3.0681e+02 
1366.887360 5.0163e+01 3.0685e+02 
1367.369507 5.0575e+01 3.0730e+02 
1367.851654 5.1142e+01 3.0789e+02 
1368.333801 5.1724e+01 3.0849e+02 
1368.815948 5.1731e+01 3.0856e+02 
1369.298096 5.1352e+01 3.0826e+02 
1369.780243 5.0973e+01 3.0796e+02 
1370.262390 5.0462e+01 3.0754e+02 
1370.744537 5.0370e+01 3.0751e+02 
1371.226685 5.0522e+01 3.0771e+02 
1371.708832 5.0588e+01 3.0783e+02 
1372.190979 5.1023e+01 3.0830e+02 
1372.673126 5.1040e+01 3.0837e+02 
1373.155273 5.1177e+01 3.0856e+02 
1373.637421 5.1279e+01 3.0871e+02 
1374.119568 5.1242e+01 3.0873e+02 
1374.601715 5.1108e+01 3.0867e+02 
1375.083862 5.1125e+01 3.0874e+02 
1375.566010 5.0821e+01 3.0851e+02 
1376.048157 5.0388e+01 3.0816e+02 
1376.530304 4.9909e+01 3.0776e+02 
1377.012451 4.9712e+01 3.0763e+02 
1377.494598 4.9860e+01 3.0783e+02 
1377.976746 5.0358e+01 3.0836e+02 
1378.458893 5.0153e+01 3.0822e+02 
1378.941040 4.9783e+01 3.0793e+02 
1379.423187 4.9990e+01 3.0818e+02 
1379.905334 5.0018e+01 3.0827e+02 
1380.387482 4.9256e+01 3.0759e+02 
1380.869629 4.8446e+01 3.0686e+02 
1381.351776 4.8348e+01 3.0683e+02 
1381.833923 4.9028e+01 3.0755e+02 
1382.316071 4.8855e+01 3.0744e+02 
1382.798218 4.8466e+01 3.0711e+02 
1383.280365 4.8659e+01 3.0736e+02 
1383.762512 4.8555e+01 3.0732e+02 
1384.244659 4.8386e+01 3.0721e+02 
1384.726807 4.8543e+01 3.0742e+02 
1385.208954 4.8810e+01 3.0774e+02 
1385.691101 4.9181e+01 3.0815e+02 
1386.173248 4.9490e+01 3.0851e+02 
1386.655396 4.9649e+01 3.0872e+02 
1387.137543 4.9592e+01 3.0872e+02 
1387.619690 4.9591e+01 3.0878e+02 
1388.101837 4.9368e+01 3.0862e+02 
1388.583984 4.9087e+01 3.0841e+02 
1389.066132 4.8687e+01 3.0808e+02 
1389.548279 4.8512e+01 3.0796e+02 
1390.030426 4.8513e+01 3.0802e+02 
1390.512573 4.8737e+01 3.0830e+02 
1390.994720 4.8674e+01 3.0829e+02 
1391.476868 4.8309e+01 3.0800e+02 
1391.959015 4.8131e+01 3.0788e+02 
1392.441162 4.8238e+01 3.0804e+02 
1392.923309 4.8335e+01 3.0819e+02 
1393.405457 4.8557e+01 3.0847e+02 
1393.887604 4.8686e+01 3.0865e+02 
1394.369751 4.8770e+01 3.0879e+02 
1394.851898 4.8655e+01 3.0874e+02 
1395.334045 4.8603e+01 3.0874e+02 
1395.816193 4.8522e+01 3.0872e+02 
1396.298340 4.8355e+01 3.0862e+02 
1396.780487 4.8097e+01 3.0842e+02 
1397.262634 4.8149e+01 3.0853e+02 
1397.744781 4.8219e+01 3.0866e+02 
1398.226929 4.8173e+01 3.0867e+02 
1398.709076 4.8139e+01 3.0869e+02 
1399.191223 4.8182e+01 3.0879e+02 
1399.673370 4.8014e+01 3.0868e+02 
1400.155518 4.7795e+01 3.0853e+02 
1400.637665 4.7493e+01 3.0829e+02 
1401.119812 4.7239e+01 3.0809e+02 
1401.601959 4.6962e+01 3.0787e+02 
1402.084106 4.6862e+01 3.0783e+02 
1402.566254 4.6783e+01 3.0781e+02 
1403.048401 4.6934e+01 3.0802e+02 
1403.530548 4.7095e+01 3.0823e+02 
1404.012695 4.7233e+01 3.0843e+02 
1404.494843 4.7366e+01 3.0862e+02 
1404.976990 4.7461e+01 3.0877e+02 
1405.459137 4.7256e+01 3.0862e+02 
1405.941284 4.6947e+01 3.0837e+02 
1406.423431 4.6550e+01 3.0803e+02 
1406.905579 4.6308e+01 3.0785e+02 
1407.387726 4.6015e+01 3.0761e+02 
1407.869873 4.5849e+01 3.0750e+02 
1408.352020 4.5963e+01 3.0767e+02 
1408.834167 4.5903e+01 3.0767e+02 
1409.316315 4.5899e+01 3.0772e+02 
1409.798462 4.6382e+01 3.0827e+02 
1410.280609 4.6179e+01 3.0812e+02 
1410.762756 4.5864e+01 3.0786e+02 
1411.244904 4.6156e+01 3.0821e+02 
1411.727051 4.6475e+01 3.0859e+02 
1412.209198 4.6136e+01 3.0830e+02 
1412.691345 4.5580e+01 3.0780e+02 
1413.173492 4.5255e+01 3.0752e+02 
1413.655640 4.5263e+01 3.0759e+02 
1414.137787 4.5379e+01 3.0776e+02 
1414.619934 4.5606e+01 3.0805e+02 
1415.102081 4.5659e+01 3.0816e+02 
1415.584229 4.5793e+01 3.0836e+02 
1416.066376 4.5949e+01 3.0857e+02 
1416.548523 4.5904e+01 3.0858e+02 
1417.030670 4.5897e+01 3.0864e+02 
1417.512817 4.5957e+01 3.0875e+02 
1417.994965 4.5829e+01 3.0868e+02 
1418.477112 4.5831e+01 3.0874e+02 
1418.959259 4.5806e+01 3.0877e+02 
1419.441406 4.5787e+01 3.0881e+02 
1419.923553 4.5673e+01 3.0875e+02 
1420.405701 4.5549e+01 3.0868e+02 
1420.887848 4.5343e+01 3.0853e+02 
1421.369995 4.5199e+01 3.0844e+02 
1421.852142 4.5015e+01 3.0831e+02 
1422.334290 4.4966e+01 3.0831e+02 
1422.816437 4.4992e+01 3.0840e+02 
1423.298584 4.5171e+01 3.0864e+02 
1423.780731 4.5227e+01 3.0875e+02 
1424.262878 4.5147e+01 3.0873e+02 
1424.745026 4.4838e+01 3.0847e+02 
1425.227173 4.4558e+01 3.0823e+02 
1425.709320 4.4346e+01 3.0807e+02 
1426.191467 4.4294e+01 3.0807e+02 
1426.673615 4.4193e+01 3.0803e+02 
1427.155762 4.4116e+01 3.0800e+02 
1427.637909 4.4162e+01 3.0811e+02 
1428.120056 4.4431e+01 3.0845e+02 
1428.602203 4.4412e+01 3.0848e+02 
1429.084351 4.4403e+01 3.0853e+02 
1429.566498 4.4492e+01 3.0868e+02 
1430.048645 4.4520e+01 3.0877e+02 
1430.530792 4.4310e+01 3.0861e+02 
1431.012939 4.4086e+01 3.0843e+02 
1431.495087 4.3971e+01 3.0837e+02 
1431.977234 4.4018e+01 3.0847e+02 
1432.459381 4.3868e+01 3.0837e+02 
1432.941528 4.3954e+01 3.0852e+02 
1433.423676 4.3973e+01 3.0860e+02 
1433.905823 4.3790e+01 3.0846e+02 
1434.387970 4.3660e+01 3.0838e+02 
1434.870117 4.3714e+01 3.0850e+02 
1435.352264 4.3789e+01 3.0863e+02 
1435.834412 4.3861e+01 3.0877e+02 
1436.316559 4.3816e+01 3.0878e+02 
1436.798706 4.3790e+01 3.0881e+02 
1437.280853 4.3691e+01 3.0876e+02 
1437.763000 4.3574e+01 3.0869e+02 
1438.245148 4.3373e+01 3.0854e+02 
1438.727295 4.3209e+01 3.0842e+02 
1439.209442 4.3007e+01 3.0826e+02 
1439.691589 4.2866e+01 3.0817e+02 
1440.173737 4.2728e+01 3.0808e+02 
1440.655884 4.2680e+01 3.0809e+02 
1441.138031 4.2626e+01 3.0808e+02 
1441.620178 4.2529e+01 3.0804e+02 
1442.102325 4.2284e+01 3.0783e+02 
1442.584473 4.2278e+01 3.0788e+02 
1443.066620 4.2193e+01 3.0785e+02 
1443.548767 4.2091e+01 3.0779e+02 
1444.030914 4.2034e+01 3.0779e+02 
1444.513062 4.2138e+01 3.0796e+02 
1444.995209 4.2312e+01 3.0820e+02 
1445.477356 4.2289e+01 3.0824e+02 
1445.959503 4.2252e+01 3.0825e+02 
1446.441650 4.2423e+01 3.0850e+02 
1446.923798 4.2419e+01 3.0855e+02 
1447.405945 4.2502e+01 3.0870e+02 
1447.888092 4.2509e+01 3.0876e+02 
1448.370239 4.2428e+01 3.0873e+02 
1448.852386 4.2192e+01 3.0853e+02 
1449.334534 4.2012e+01 3.0839e+02 
1449.816681 4.1830e+01 3.0825e+02 
1450.298828 4.1802e+01 3.0828e+02 
1450.780975 4.1755e+01 3.0829e+02 
1451.263123 4.1796e+01 3.0839e+02 
1451.745270 4.1925e+01 3.0859e+02 
1452.227417 4.1960e+01 3.0868e+02 
1452.709564 4.1737e+01 3.0849e+02 
1453.191711 4.1649e+01 3.0846e+02 
1453.673859 4.1616e+01 3.0848e+02 
1454.156006 4.1688e+01 3.0861e+02 
1454.638153 4.1723e+01 3.0871e+02 
1455.120300 4.1737e+01 3.0878e+02 
1455.602448 4.1673e+01 3.0877e+02 
1456.084595 4.1648e+01 3.0880e+02 
1456.566742 4.1583e+01 3.0878e+02 
1457.048889 4.1553e+01 3.0881e+02 
1457.531036 4.1477e+01 3.0878e+02 
1458.013184 4.1447e+01 3.0881e+02 
1458.495331 4.1371e+01 3.0878e+02 
1458.977478 4.1337e+01 3.0880e+02 
1459.459625 4.1236e+01 3.0875e+02 
1459.941772 4.1106e+01 3.0866e+02 
1460.423920 4.0935e+01 3.0853e+02 
1460.906067 4.0848e+01 3.0849e+02 
1461.388214 4.0713e+01 3.0840e+02 
1461.870361 4.0657e+01 3.0839e+02 
1462.352509 4.0601e+01 3.0839e+02 
1462.834656 4.0605e+01 3.0845e+02 
1463.316803 4.0598e+01 3.0850e+02 
1463.798950 4.0667e+01 3.0863e+02 
1464.281097 4.0697e+01 3.0872e+02 
1464.763245 4.0718e+01 3.0880e+02 
1465.245392 4.0632e+01 3.0876e+02 
1465.727539 4.0524e+01 3.0870e+02 
1466.209686 4.0353e+01 3.0857e+02 
1466.691833 4.0255e+01 3.0851e+02 
1467.173981 4.0152e+01 3.0845e+02 
1467.656128 4.0115e+01 3.0847e+02 
1468.138275 3.9970e+01 3.0836e+02 
1468.620422 3.9904e+01 3.0835e+02 
1469.102570 3.9864e+01 3.0836e+02 
1469.584717 3.9891e+01 3.0845e+02 
1470.066864 3.9890e+01 3.0850e+02 
1470.549011 3.9937e+01 3.0861e+02 
1471.031158 3.9955e+01 3.0869e+02 
1471.513306 3.9995e+01 3.0879e+02 
1471.995453 3.9938e+01 3.0878e+02 
1472.477600 3.9905e+01 3.0880e+02 
1472.959747 3.9831e+01 3.0878e+02 
1473.441895 3.9806e+01 3.0881e+02 
1473.924042 3.9723e+01 3.0877e+02 
1474.406189 3.9644e+01 3.0874e+02 
1474.888336 3.9510e+01 3.0864e+02 
1475.370483 3.9496e+01 3.0868e+02 
1475.852631 3.9498e+01 3.0874e+02 
1476.334778 3.9497e+01 3.0880e+02 
1476.816925 3.9363e+01 3.0870e+02 
1477.299072 3.9210e+01 3.0858e+02 
1477.781219 3.9032e+01 3.0844e+02 
1478.263367 3.8921e+01 3.0837e+02 
1478.745514 3.8774e+01 3.0826e+02 
1479.227661 3.8711e+01 3.0824e+02 
1479.709808 3.8662e+01 3.0824e+02 
1480.191956 3.8735e+01 3.0838e+02 
1480.674103 3.8809e+01 3.0852e+02 
1481.156250 3.8924e+01 3.0871e+02 
1481.638397 3.8812e+01 3.0864e+02 
1482.120544 3.8620e+01 3.0848e+02 
1482.602692 3.8419e+01 3.0830e+02 
1483.084839 3.8311e+01 3.0823e+02 
1483.566986 3.8240e+01 3.0821e+02 
1484.049133 3.8256e+01 3.0828e+02 
1484.531281 3.8217e+01 3.0829e+02 
1485.013428 3.8252e+01 3.0839e+02 
1485.495575 3.8265e+01 3.0846e+02 
1485.977722 3.8377e+01 3.0865e+02 
1486.459869 3.8375e+01 3.0870e+02 
1486.942017 3.8378e+01 3.0876e+02 
1487.424164 3.8334e+01 3.0877e+02 
1487.906311 3.8257e+01 3.0874e+02 
1488.388458 3.8155e+01 3.0868e+02 
1488.870605 3.8175e+01 3.0876e+02 
1489.352753 3.8148e+01 3.0878e+02 
1489.834900 3.8120e+01 3.0880e+02 
1490.317047 3.8050e+01 3.0878e+02 
1490.799194 3.8020e+01 3.0880e+02 
1491.281342 3.7917e+01 3.0874e+02 
1491.763489 3.7790e+01 3.0865e+02 
1492.245636 3.7634e+01 3.0852e+02 
1492.727783 3.7567e+01 3.0850e+02 
1493.209930 3.7493e+01 3.0847e+02 
1493.692078 3.7466e+01 3.0849e+02 
1494.174225 3.7430e+01 3.0851e+02 
1494.656372 3.7462e+01 3.0860e+02 
1495.138519 3.7472e+01 3.0867e+02 
1495.620667 3.7512e+01 3.0877e+02 
1496.102814 3.7472e+01 3.0878e+02 
1496.584961 3.7438e+01 3.0880e+02 
1497.067108 3.7335e+01 3.0873e+02 
1497.549255 3.7271e+01 3.0871e+02 
1498.031403 3.7223e+01 3.0871e+02 
1498.513550 3.7239e+01 3.0879e+02 
1498.995697 3.7176e+01 3.0877e+02 
1499.477844 3.7097e+01 3.0874e+02 
1499.959991 3.6979e+01 3.0865e+02 
1500.442139 3.6935e+01 3.0866e+02 
1500.924286 3.6851e+01 3.0861e+02 
1501.406433 3.6864e+01 3.0868e+02 
1501.888580 3.6830e+01 3.0870e+02 
1502.370728 3.6729e+01 3.0864e+02 
1502.852875 3.6625e+01 3.0857e+02 
1503.335022 3.6615e+01 3.0861e+02 
1503.817169 3.6592e+01 3.0864e+02 
1504.299316 3.6613e+01 3.0872e+02 
1504.781464 3.6594e+01 3.0876e+02 
1505.263611 3.6586e+01 3.0880e+02 
1505.745758 3.6524e+01 3.0879e+02 
1506.227905 3.6495e+01 3.0881e+02 
1506.710052 3.6430e+01 3.0879e+02 
1507.192200 3.6401e+01 3.0881e+02 
1507.674347 3.6336e+01 3.0879e+02 
1508.156494 3.6307e+01 3.0881e+02 
1508.638641 3.6238e+01 3.0878e+02 
1509.120789 3.6200e+01 3.0879e+02 
1509.602936 3.6138e+01 3.0877e+02 
1510.085083 3.6102e+01 3.0879e+02 
1510.567230 3.6008e+01 3.0873e+02 
1511.049377 3.5934e+01 3.0869e+02 
1511.531525 3.5885e+01 3.0869e+02 
1512.013672 3.5912e+01 3.0878e+02 
1512.495819 3.5851e+01 3.0876e+02 
1512.977966 3.5758e+01 3.0871e+02 
1513.460114 3.5627e+01 3.0860e+02 
1513.942261 3.5591e+01 3.0861e+02 
1514.424408 3.5587e+01 3.0867e+02 
1514.906555 3.5628e+01 3.0877e+02 
1515.388702 3.5562e+01 3.0875e+02 
1515.870850 3.5535e+01 3.0877e+02 
1516.352997 3.5493e+01 3.0878e+02 
1516.835144 3.5473e+01 3.0881e+02 
1517.317291 3.5409e+01 3.0879e+02 
1517.799438 3.5370e+01 3.0879e+02 
1518.281586 3.5264e+01 3.0872e+02 
1518.763733 3.5206e+01 3.0870e+02 
1519.245880 3.5163e+01 3.0871e+02 
1519.728027 3.5176e+01 3.0878e+02 
1520.210175 3.5133e+01 3.0878e+02 
1520.692322 3.5107e+01 3.0881e+02 
1521.174469 3.5043e+01 3.0879e+02 
1521.656616 3.5015e+01 3.0881e+02 
1522.138763 3.4951e+01 3.0878e+02 
1522.620911 3.4924e+01 3.0881e+02 
1523.103058 3.4852e+01 3.0877e+02 
1523.585205 3.4802e+01 3.0877e+02 
1524.067352 3.4714e+01 3.0871e+02 
1524.549500 3.4707e+01 3.0876e+02 
1525.031647 3.4676e+01 3.0878e+02 
1525.513794 3.4651e+01 3.0880e+02 
1525.995941 3.4566e+01 3.0875e+02 
1526.478088 3.4510e+01 3.0874e+02 
1526.960236 3.4469e+01 3.0875e+02 
1527.442383 3.4456e+01 3.0879e+02 
1527.924530 3.4376e+01 3.0874e+02 
1528.406677 3.4362e+01 3.0878e+02 
1528.888824 3.4274e+01 3.0872e+02 
1529.370972 3.4160e+01 3.0864e+02 
1529.853119 3.4041e+01 3.0854e+02 
1530.335266 3.4007e+01 3.0856e+02 
1530.817413 3.3987e+01 3.0859e+02 
1531.299561 3.4045e+01 3.0872e+02 
1531.781708 3.4021e+01 3.0874e+02 
1532.263855 3.3973e+01 3.0874e+02 
1532.746002 3.3937e+01 3.0875e+02 
1533.228149 3.3936e+01 3.0880e+02 
1533.710297 3.3878e+01 3.0879e+02 
1534.192444 3.3839e+01 3.0879e+02 
1534.674591 3.3746e+01 3.0873e+02 
1535.156738 3.3710e+01 3.0874e+02 
1535.638885 3.3639e+01 3.0871e+02 
1536.121033 3.3570e+01 3.0867e+02 
1536.603180 3.3513e+01 3.0866e+02 
1537.085327 3.3505e+01 3.0870e+02 
1537.567474 3.3477e+01 3.0872e+02 
1538.049622 3.3484e+01 3.0879e+02 
1538.531769 3.3438e+01 3.0879e+02 
1539.013916 3.3411e+01 3.0881e+02 
1539.496063 3.3351e+01 3.0879e+02 
1539.978210 3.3323e+01 3.0881e+02 
1540.460358 3.3264e+01 3.0879e+02 
1540.942505 3.3234e+01 3.0880e+02 
1541.424652 3.3175e+01 3.0878e+02 
1541.906799 3.3149e+01 3.0881e+02 
1542.388947 3.3089e+01 3.0878e+02 
1542.871094 3.3057e+01 3.0880e+02 
1543.353241 3.2997e+01 3.0878e+02 
1543.835388 3.2960e+01 3.0879e+02 
1544.317535 3.2901e+01 3.0877e+02 
1544.799683 3.2886e+01 3.0880e+02 
1545.281830 3.2829e+01 3.0878e+02 
1545.763977 3.2778e+01 3.0877e+02 
1546.246124 3.2655e+01 3.0867e+02 
1546.728271 3.2571e+01 3.0862e+02 
1547.210419 3.2480e+01 3.0855e+02 
1547.692566 3.2448e+01 3.0856e+02 
1548.174713 3.2402e+01 3.0856e+02 
1548.656860 3.2397e+01 3.0861e+02 
1549.139008 3.2407e+01 3.0868e+02 
1549.621155 3.2445e+01 3.0879e+02 
1550.103302 3.2398e+01 3.0878e+02 
1550.585449 3.2334e+01 3.0875e+02 
1551.067596 3.2209e+01 3.0864e+02 
1551.549744 3.2151e+01 3.0862e+02 
1552.031891 3.2101e+01 3.0861e+02 
1552.514038 3.2085e+01 3.0865e+02 
1552.996185 3.2055e+01 3.0866e+02 
1553.478333 3.2077e+01 3.0875e+02 
1553.960480 3.2054e+01 3.0877e+02 
1554.442627 3.2035e+01 3.0881e+02 
1554.924774 3.1965e+01 3.0877e+02 
1555.406921 3.1914e+01 3.0876e+02 
1555.889069 3.1850e+01 3.0873e+02 
1556.371216 3.1833e+01 3.0876e+02 
1556.853363 3.1794e+01 3.0876e+02 
1557.335510 3.1782e+01 3.0880e+02 
1557.817657 3.1726e+01 3.0879e+02 
1558.299805 3.1700e+01 3.0881e+02 
1558.781952 3.1642e+01 3.0879e+02 
1559.264099 3.1617e+01 3.0881e+02 
1559.746246 3.1559e+01 3.0879e+02 
1560.228394 3.1533e+01 3.0881e+02 
1560.710541 3.1473e+01 3.0878e+02 
1561.192688 3.1429e+01 3.0878e+02 
1561.674835 3.1335e+01 3.0871e+02 
1562.156982 3.1273e+01 3.0868e+02 
1562.639130 3.1187e+01 3.0862e+02 
1563.121277 3.1147e+01 3.0862e+02 
1563.603424 3.1095e+01 3.0861e+02 
1564.085571 3.1104e+01 3.0867e+02 
1564.567719 3.1110e+01 3.0874e+02 
1565.049866 3.1096e+01 3.0878e+02 
1565.532013 3.0984e+01 3.0868e+02 
1566.014160 3.0906e+01 3.0863e+02 
1566.496307 3.0803e+01 3.0854e+02 
1566.978455 3.0758e+01 3.0854e+02 
1567.460602 3.0718e+01 3.0854e+02 
1567.942749 3.0737e+01 3.0862e+02 
1568.424896 3.0751e+01 3.0870e+02 
1568.907043 3.0779e+01 3.0879e+02 
1569.389191 3.0734e+01 3.0879e+02 
1569.871338 3.0707e+01 3.0880e+02 
1570.353485 3.0625e+01 3.0875e+02 
1570.835632 3.0543e+01 3.0869e+02 
1571.317780 3.0429e+01 3.0859e+02 
1571.799927 3.0366e+01 3.0856e+02 
1572.282074 3.0299e+01 3.0852e+02 
1572.764221 3.0298e+01 3.0857e+02 
1573.246368 3.0254e+01 3.0857e+02 
1573.728516 3.0232e+01 3.0859e+02 
1574.210663 3.0210e+01 3.0862e+02 
1574.692810 3.0231e+01 3.0870e+02 
1575.174957 3.0221e+01 3.0875e+02 
1575.657104 3.0219e+01 3.0880e+02 
1576.139252 3.0169e+01 3.0879e+02 
1576.621399 3.0141e+01 3.0880e+02 
1577.103546 3.0078e+01 3.0877e+02 
1577.585693 3.0028e+01 3.0876e+02 
1578.067841 2.9917e+01 3.0866e+02 
1578.549988 2.9830e+01 3.0859e+02 
1579.032135 2.9725e+01 3.0850e+02 
1579.514282 2.9655e+01 3.0846e+02 
1579.996429 2.9557e+01 3.0837e+02 
1580.478577 2.9498e+01 3.0835e+02 
1580.960724 2.9415e+01 3.0829e+02 
1581.442871 2.9369e+01 3.0828e+02 
1581.925018 2.9324e+01 3.0827e+02 
1582.407166 2.9341e+01 3.0835e+02 
1582.889313 2.9271e+01 3.0830e+02 
1583.371460 2.9230e+01 3.0830e+02 
1583.853607 2.9112e+01 3.0819e+02 
1584.335754 2.9036e+01 3.0813e+02 
1584.817902 2.8966e+01 3.0809e+02 
1585.300049 2.8931e+01 3.0810e+02 
1585.782196 2.8873e+01 3.0807e+02 
1586.264343 2.8844e+01 3.0808e+02 
1586.746490 2.8803e+01 3.0808e+02 
1587.228638 2.8781e+01 3.0810e+02 
1587.710785 2.8707e+01 3.0805e+02 
1588.192932 2.8678e+01 3.0807e+02 
1588.675079 2.8646e+01 3.0807e+02 
1589.157227 2.8726e+01 3.0825e+02 
1589.639374 2.8849e+01 3.0848e+02 
1590.121521 2.8828e+01 3.0850e+02 
1590.603668 2.8629e+01 3.0827e+02 
1591.085815 2.8585e+01 3.0826e+02 
1591.567963 2.8662e+01 3.0843e+02 
1592.050110 2.8596e+01 3.0839e+02 
1592.532257 2.8413e+01 3.0818e+02 
1593.014404 2.8347e+01 3.0814e+02 
1593.496552 2.8349e+01 3.0820e+02 
1593.978699 2.8488e+01 3.0846e+02 
1594.460846 2.8570e+01 3.0863e+02 
1594.942993 2.8450e+01 3.0851e+02 
1595.425140 2.8277e+01 3.0832e+02 
1595.907288 2.8340e+01 3.0846e+02 
1596.389435 2.8330e+01 3.0851e+02 
1596.871582 2.8132e+01 3.0827e+02 
1597.353729 2.7962e+01 3.0808e+02 
1597.835876 2.7900e+01 3.0804e+02 
1598.318024 2.7839e+01 3.0801e+02 
1598.800171 2.7811e+01 3.0802e+02 
1599.282318 2.7763e+01 3.0800e+02 
1599.764465 2.7751e+01 3.0804e+02 
1600.246613 2.7754e+01 3.0810e+02 
1600.728760 2.7882e+01 3.0835e+02 
1601.210907 2.7976e+01 3.0854e+02 
1601.693054 2.7855e+01 3.0842e+02 
1602.175201 2.7737e+01 3.0830e+02 
1602.657349 2.7849e+01 3.0852e+02 
1603.139496 2.7907e+01 3.0866e+02 
1603.621643 2.7784e+01 3.0854e+02 
1604.103790 2.7558e+01 3.0826e+02 
1604.585938 2.7449e+01 3.0815e+02 
1605.068085 2.7382e+01 3.0810e+02 
1605.550232 2.7377e+01 3.0815e+02 
1606.032379 2.7397e+01 3.0824e+02 
1606.514526 2.7533e+01 3.0850e+02 
1606.996674 2.7616e+01 3.0867e+02 
1607.478821 2.7534e+01 3.0861e+02 
1607.960968 2.7347e+01 3.0838e+02 
1608.443115 2.7311e+01 3.0838e+02 
1608.925262 2.7379e+01 3.0854e+02 
1609.407410 2.7460e+01 3.0872e+02 
1609.889557 2.7345e+01 3.0860e+02 
1610.371704 2.7184e+01 3.0841e+02 
1610.853851 2.7063e+01 3.0829e+02 
1611.335999 2.7025e+01 3.0829e+02 
1611.818146 2.7007e+01 3.0831e+02 
1612.300293 2.7018e+01 3.0839e+02 
1612.782440 2.6967e+01 3.0836e+02 
1613.264587 2.6965e+01 3.0842e+02 
1613.746735 2.6941e+01 3.0844e+02 
1614.228882 2.6961e+01 3.0852e+02 
1614.711029 2.6959e+01 3.0857e+02 
1615.193176 2.6990e+01 3.0868e+02 
1615.675323 2.6989e+01 3.0873e+02 
1616.157471 2.6997e+01 3.0880e+02 
1616.639618 2.6953e+01 3.0879e+02 
1617.121765 2.6928e+01 3.0880e+02 
1617.603912 2.6857e+01 3.0875e+02 
1618.086060 2.6790e+01 3.0870e+02 
1618.568207 2.6694e+01 3.0861e+02 
1619.050354 2.6641e+01 3.0859e+02 
1619.532501 2.6568e+01 3.0853e+02 
1620.014648 2.6534e+01 3.0853e+02 
1620.496796 2.6519e+01 3.0857e+02 
1620.978943 2.6506e+01 3.0860e+02 
1621.461090 2.6450e+01 3.0857e+02 
1621.943237 2.6462e+01 3.0864e+02 
1622.425385 2.6473e+01 3.0872e+02 
1622.907532 2.6486e+01 3.0879e+02 
1623.389679 2.6443e+01 3.0878e+02 
1623.871826 2.6413e+01 3.0879e+02 
1624.353973 2.6318e+01 3.0870e+02 
1624.836121 2.6240e+01 3.0863e+02 
1625.318268 2.6157e+01 3.0856e+02 
1625.800415 2.6122e+01 3.0856e+02 
1626.282562 2.6058e+01 3.0852e+02 
1626.764709 2.6068e+01 3.0859e+02 
1627.246857 2.6093e+01 3.0868e+02 
1627.729004 2.6125e+01 3.0879e+02 
1628.211151 2.6051e+01 3.0873e+02 
1628.693298 2.5962e+01 3.0864e+02 
1629.175446 2.5848e+01 3.0852e+02 
1629.657593 2.5767e+01 3.0845e+02 
1630.139740 2.5688e+01 3.0838e+02 
1630.621887 2.5660e+01 3.0839e+02 
1631.104034 2.5620e+01 3.0838e+02 
1631.586182 2.5621e+01 3.0844e+02 
1632.068329 2.5599e+01 3.0846e+02 
1632.550476 2.5599e+01 3.0851e+02 
1633.032623 2.5582e+01 3.0854e+02 
1633.514771 2.5604e+01 3.0863e+02 
1633.996918 2.5604e+01 3.0869e+02 
1634.479065 2.5627e+01 3.0878e+02 
1634.961212 2.5596e+01 3.0878e+02 
1635.443359 2.5576e+01 3.0881e+02 
1635.925507 2.5526e+01 3.0878e+02 
1636.407654 2.5495e+01 3.0879e+02 
1636.889801 2.5439e+01 3.0876e+02 
1637.371948 2.5429e+01 3.0879e+02 
1637.854095 2.5371e+01 3.0876e+02 
1638.336243 2.5306e+01 3.0871e+02 
1638.818390 2.5196e+01 3.0859e+02 
1639.300537 2.5137e+01 3.0855e+02 
1639.782684 2.5108e+01 3.0856e+02 
1640.264832 2.5138e+01 3.0866e+02 
1640.746979 2.5038e+01 3.0856e+02 
1641.229126 2.4958e+01 3.0848e+02 
1641.711273 2.4929e+01 3.0849e+02 
1642.193420 2.4979e+01 3.0863e+02 
1642.675568 2.4927e+01 3.0860e+02 
1643.157715 2.4861e+01 3.0854e+02 
1643.639862 2.4824e+01 3.0854e+02 
1644.122009 2.4835e+01 3.0861e+02 
1644.604156 2.4832e+01 3.0866e+02 
1645.086304 2.4854e+01 3.0875e+02 
1645.568451 2.4835e+01 3.0878e+02 
1646.050598 2.4818e+01 3.0881e+02 
1646.532745 2.4769e+01 3.0878e+02 
1647.014893 2.4747e+01 3.0880e+02 
1647.497040 2.4703e+01 3.0878e+02 
1647.979187 2.4681e+01 3.0880e+02 
1648.461334 2.4628e+01 3.0877e+02 
1648.943481 2.4577e+01 3.0874e+02 
1649.425629 2.4508e+01 3.0869e+02 
1649.907776 2.4479e+01 3.0869e+02 
1650.389923 2.4438e+01 3.0868e+02 
1650.872070 2.4437e+01 3.0873e+02 
1651.354218 2.4416e+01 3.0876e+02 
1651.836365 2.4410e+01 3.0880e+02 
1652.318512 2.4368e+01 3.0879e+02 
1652.800659 2.4347e+01 3.0881e+02 
1653.282806 2.4301e+01 3.0879e+02 
1653.764954 2.4280e+01 3.0881e+02 
1654.247101 2.4234e+01 3.0879e+02 
1654.729248 2.4211e+01 3.0880e+02 
1655.211395 2.4147e+01 3.0875e+02 
1655.693542 2.4095e+01 3.0872e+02 
1656.175690 2.4031e+01 3.0867e+02 
1656.657837 2.4002e+01 3.0867e+02 
1657.139984 2.3947e+01 3.0864e+02 
1657.622131 2.3881e+01 3.0858e+02 
1658.104279 2.3794e+01 3.0849e+02 
1658.586426 2.3755e+01 3.0848e+02 
1659.068573 2.3701e+01 3.0845e+02 
1659.550720 2.3676e+01 3.0846e+02 
1660.032867 2.3643e+01 3.0846e+02 
1660.515015 2.3651e+01 3.0853e+02 
1660.997162 2.3664e+01 3.0860e+02 
1661.479309 2.3694e+01 3.0871e+02 
1661.961456 2.3661e+01 3.0871e+02 
1662.443604 2.3672e+01 3.0878e+02 
1662.925751 2.3637e+01 3.0878e+02 
1663.407898 2.3588e+01 3.0875e+02 
1663.890045 2.3485e+01 3.0863e+02 
1664.372192 2.3415e+01 3.0857e+02 
1664.854340 2.3342e+01 3.0850e+02 
1665.336487 2.3306e+01 3.0849e+02 
1665.818634 2.3251e+01 3.0845e+02 
1666.300781 2.3238e+01 3.0849e+02 
1666.782928 2.3214e+01 3.0850e+02 
1667.265076 2.3231e+01 3.0858e+02 
1667.747223 2.3245e+01 3.0866e+02 
1668.229370 2.3280e+01 3.0878e+02 
1668.711517 2.3250e+01 3.0878e+02 
1669.193665 2.3233e+01 3.0881e+02 
1669.675812 2.3184e+01 3.0878e+02 
1670.157959 2.3142e+01 3.0876e+02 
1670.640106 2.3084e+01 3.0871e+02 
1671.122253 2.3087e+01 3.0877e+02 
1671.604401 2.3052e+01 3.0877e+02 
1672.086548 2.3008e+01 3.0875e+02 
1672.568695 2.2928e+01 3.0867e+02 
1673.050842 2.2873e+01 3.0863e+02 
1673.532990 2.2830e+01 3.0861e+02 
1674.015137 2.2844e+01 3.0869e+02 
1674.497284 2.2843e+01 3.0874e+02 
1674.979431 2.2848e+01 3.0880e+02 
1675.461578 2.2807e+01 3.0878e+02 
1675.943726 2.2772e+01 3.0878e+02 
1676.425873 2.2686e+01 3.0868e+02 
1676.908020 2.2625e+01 3.0863e+02 
1677.390167 2.2565e+01 3.0858e+02 
1677.872314 2.2535e+01 3.0858e+02 
1678.354462 2.2470e+01 3.0853e+02 
1678.836609 2.2471e+01 3.0858e+02 
1679.318756 2.2485e+01 3.0866e+02 
1679.800903 2.2517e+01 3.0877e+02 
1680.283051 2.2486e+01 3.0877e+02 
1680.765198 2.2448e+01 3.0876e+02 
1681.247345 2.2367e+01 3.0867e+02 
1681.729492 2.2343e+01 3.0869e+02 
1682.211639 2.2329e+01 3.0871e+02 
1682.693787 2.2337e+01 3.0878e+02 
1683.175934 2.2306e+01 3.0878e+02 
1683.658081 2.2289e+01 3.0881e+02 
1684.140228 2.2245e+01 3.0879e+02 
1684.622375 2.2227e+01 3.0881e+02 
1685.104523 2.2183e+01 3.0878e+02 
1685.586670 2.2159e+01 3.0880e+02 
1686.068817 2.2094e+01 3.0874e+02 
1686.550964 2.2048e+01 3.0871e+02 
1687.033112 2.1985e+01 3.0865e+02 
1687.515259 2.1978e+01 3.0869e+02 
1687.997406 2.1975e+01 3.0874e+02 
1688.479553 2.1959e+01 3.0877e+02 
1688.961700 2.1880e+01 3.0868e+02 
1689.443848 2.1853e+01 3.0869e+02 
1689.925995 2.1846e+01 3.0873e+02 
1690.408142 2.1818e+01 3.0873e+02 
1690.890289 2.1709e+01 3.0859e+02 
1691.372437 2.1650e+01 3.0854e+02 
1691.854584 2.1611e+01 3.0852e+02 
1692.336731 2.1609e+01 3.0857e+02 
1692.818878 2.1566e+01 3.0855e+02 
1693.301025 2.1566e+01 3.0861e+02 
1693.783173 2.1552e+01 3.0864e+02 
1694.265320 2.1565e+01 3.0871e+02 
1694.747467 2.1553e+01 3.0875e+02 
1695.229614 2.1554e+01 3.0880e+02 
1695.711761 2.1514e+01 3.0878e+02 
1696.193909 2.1497e+01 3.0881e+02 
1696.676056 2.1449e+01 3.0878e+02 
1697.158203 2.1429e+01 3.0879e+02 
1697.640350 2.1382e+01 3.0876e+02 
1698.122498 2.1348e+01 3.0875e+02 
1698.604645 2.1310e+01 3.0874e+02 
1699.086792 2.1310e+01 3.0879e+02 
1699.568939 2.1275e+01 3.0878e+02 
1700.051086 2.1258e+01 3.0881e+02 
1700.533234 2.1216e+01 3.0879e+02 
1701.015381 2.1198e+01 3.0881e+02 
1701.497528 2.1145e+01 3.0876e+02 
1701.979675 2.1104e+01 3.0874e+02 
1702.461823 2.1053e+01 3.0870e+02 
1702.943970 2.1029e+01 3.0871e+02 
1703.426117 2.0978e+01 3.0867e+02 
1703.908264 2.0989e+01 3.0875e+02 
1704.390411 2.0973e+01 3.0877e+02 
1704.872559 2.0944e+01 3.0877e+02 
1705.354706 2.0880e+01 3.0871e+02 
1705.836853 2.0880e+01 3.0876e+02 
1706.319000 2.0858e+01 3.0878e+02 
1706.801147 2.0836e+01 3.0879e+02 
1707.283295 2.0765e+01 3.0871e+02 
1707.765442 2.0685e+01 3.0861e+02 
1708.247589 2.0594e+01 3.0850e+02 
1708.729736 2.0552e+01 3.0847e+02 
1709.211884 2.0524e+01 3.0848e+02 
1709.694031 2.0581e+01 3.0864e+02 
1710.176178 2.0592e+01 3.0871e+02 
1710.658325 2.0526e+01 3.0864e+02 
1711.140472 2.0406e+01 3.0847e+02 
1711.622620 2.0375e+01 3.0846e+02 
1712.104767 2.0361e+01 3.0849e+02 
1712.586914 2.0392e+01 3.0861e+02 
1713.069061 2.0385e+01 3.0865e+02 
1713.551208 2.0392e+01 3.0871e+02 
1714.033356 2.0385e+01 3.0876e+02 
1714.515503 2.0374e+01 3.0879e+02 
1714.997650 2.0339e+01 3.0878e+02 
1715.479797 2.0321e+01 3.0880e+02 
1715.961945 2.0267e+01 3.0875e+02 
1716.444092 2.0250e+01 3.0877e+02 
1716.926239 2.0224e+01 3.0877e+02 
1717.408386 2.0213e+01 3.0881e+02 
1717.890533 2.0172e+01 3.0878e+02 
1718.372681 2.0156e+01 3.0881e+02 
1718.854828 2.0111e+01 3.0877e+02 
1719.336975 2.0067e+01 3.0874e+02 
1719.819122 1.9975e+01 3.0862e+02 
1720.301270 1.9914e+01 3.0856e+02 
1720.783417 1.9845e+01 3.0848e+02 
1721.265564 1.9851e+01 3.0854e+02 
1721.747711 1.9799e+01 3.0850e+02 
1722.229858 1.9739e+01 3.0844e+02 
1722.712006 1.9735e+01 3.0848e+02 
1723.194153 1.9799e+01 3.0866e+02 
1723.676300 1.9771e+01 3.0866e+02 
1724.158447 1.9667e+01 3.0851e+02 
1724.640594 1.9538e+01 3.0832e+02 
1725.122742 1.9466e+01 3.0823e+02 
1725.604889 1.9415e+01 3.0818e+02 
1726.087036 1.9439e+01 3.0828e+02 
1726.569183 1.9454e+01 3.0837e+02 
1727.051331 1.9428e+01 3.0837e+02 
1727.533478 1.9381e+01 3.0833e+02 
1728.015625 1.9353e+01 3.0833e+02 
1728.497772 1.9342e+01 3.0836e+02 
1728.979919 1.9393e+01 3.0852e+02 
1729.462067 1.9445e+01 3.0867e+02 
1729.944214 1.9478e+01 3.0879e+02 
1730.426361 1.9419e+01 3.0873e+02 
1730.908508 1.9347e+01 3.0864e+02 
1731.390656 1.9295e+01 3.0859e+02 
1731.872803 1.9319e+01 3.0869e+02 
1732.354950 1.9309e+01 3.0873e+02 
1732.837097 1.9307e+01 3.0878e+02 
1733.319244 1.9283e+01 3.0878e+02 
1733.801392 1.9267e+01 3.0881e+02 
1734.283539 1.9230e+01 3.0879e+02 
1734.765686 1.9212e+01 3.0880e+02 
1735.247833 1.9163e+01 3.0876e+02 
1735.729980 1.9113e+01 3.0872e+02 
1736.212128 1.9036e+01 3.0862e+02 
1736.694275 1.8995e+01 3.0859e+02 
1737.176422 1.8978e+01 3.0861e+02 
1737.658569 1.8990e+01 3.0868e+02 
1738.140717 1.8925e+01 3.0861e+02 
1738.622864 1.8916e+01 3.0864e+02 
1739.105011 1.8925e+01 3.0872e+02 
1739.587158 1.8939e+01 3.0880e+02 
1740.069305 1.8900e+01 3.0877e+02 
1740.551453 1.8852e+01 3.0873e+02 
1741.033600 1.8760e+01 3.0860e+02 
1741.515747 1.8704e+01 3.0854e+02 
1741.997894 1.8661e+01 3.0851e+02 
1742.480042 1.8696e+01 3.0863e+02 
1742.962189 1.8722e+01 3.0874e+02 
1743.444336 1.8721e+01 3.0879e+02 
1743.926483 1.8654e+01 3.0871e+02 
1744.408630 1.8623e+01 3.0870e+02 
1744.890778 1.8552e+01 3.0861e+02 
1745.372925 1.8528e+01 3.0861e+02 
1745.855072 1.8538e+01 3.0869e+02 
1746.337219 1.8521e+01 3.0871e+02 
1746.819366 1.8501e+01 3.0872e+02 
1747.301514 1.8502e+01 3.0877e+02 
1747.783661 1.8462e+01 3.0875e+02 
1748.265808 1.8448e+01 3.0877e+02 
1748.747955 1.8424e+01 3.0878e+02 
1749.230103 1.8402e+01 3.0878e+02 
1749.712250 1.8337e+01 3.0870e+02 
1750.194397 1.8304e+01 3.0869e+02 
1750.676544 1.8302e+01 3.0874e+02 
1751.158691 1.8306e+01 3.0880e+02 
1751.640839 1.8262e+01 3.0876e+02 
1752.122986 1.8204e+01 3.0870e+02 
1752.605133 1.8145e+01 3.0863e+02 
1753.087280 1.8077e+01 3.0854e+02 
1753.569427 1.7973e+01 3.0838e+02 
1754.051575 1.7917e+01 3.0831e+02 
1754.533722 1.7851e+01 3.0823e+02 
1755.015869 1.7849e+01 3.0828e+02 
1755.498016 1.7867e+01 3.0837e+02 
1755.980164 1.7937e+01 3.0857e+02 
1756.462311 1.7981e+01 3.0872e+02 
1756.944458 1.7984e+01 3.0878e+02 
1757.426605 1.7893e+01 3.0864e+02 
1757.908752 1.7826e+01 3.0855e+02 
1758.390900 1.7813e+01 3.0858e+02 
1758.873047 1.7759e+01 3.0852e+02 
1759.355194 1.7642e+01 3.0832e+02 
1759.837341 1.7627e+01 3.0834e+02 
1760.319489 1.7642e+01 3.0843e+02 
1760.801636 1.7707e+01 3.0862e+02 
1761.283783 1.7734e+01 3.0873e+02 
1761.765930 1.7741e+01 3.0880e+02 
1762.248077 1.7688e+01 3.0874e+02 
1762.730225 1.7614e+01 3.0864e+02 
1763.212372 1.7502e+01 3.0845e+02 
1763.694519 1.7441e+01 3.0837e+02 
1764.176666 1.7389e+01 3.0831e+02 
1764.658813 1.7324e+01 3.0823e+02 
1765.140961 1.7282e+01 3.0819e+02 
1765.623108 1.7265e+01 3.0821e+02 
1766.105255 1.7213e+01 3.0815e+02 
1766.587402 1.7257e+01 3.0830e+02 
1767.069550 1.7313e+01 3.0847e+02 
1767.551697 1.7377e+01 3.0867e+02 
1768.033844 1.7392e+01 3.0875e+02 
1768.515991 1.7360e+01 3.0873e+02 
1768.998138 1.7254e+01 3.0856e+02 
1769.480286 1.7202e+01 3.0850e+02 
1769.962433 1.7189e+01 3.0853e+02 
1770.444580 1.7234e+01 3.0868e+02 
1770.926727 1.7242e+01 3.0875e+02 
1771.408875 1.7242e+01 3.0880e+02 
1771.891022 1.7202e+01 3.0877e+02 
1772.373169 1.7193e+01 3.0880e+02 
1772.855316 1.7158e+01 3.0878e+02 
1773.337463 1.7127e+01 3.0876e+02 
1773.819611 1.7047e+01 3.0864e+02 
1774.301758 1.6991e+01 3.0857e+02 
1774.783905 1.6950e+01 3.0854e+02 
1775.266052 1.6991e+01 3.0868e+02 
1775.748199 1.6975e+01 3.0870e+02 
1776.230347 1.6877e+01 3.0854e+02 
1776.712494 1.6736e+01 3.0828e+02 
1777.194641 1.6665e+01 3.0817e+02 
1777.676788 1.6628e+01 3.0814e+02 
1778.158936 1.6673e+01 3.0830e+02 
1778.641083 1.6733e+01 3.0849e+02 
1779.123230 1.6758e+01 3.0860e+02 
1779.605377 1.6685e+01 3.0848e+02 
1780.087524 1.6708e+01 3.0859e+02 
1780.569672 1.6744e+01 3.0872e+02 
1781.051819 1.6697e+01 3.0867e+02 
1781.533966 1.6601e+01 3.0851e+02 
1782.016113 1.6547e+01 3.0844e+02 
1782.498260 1.6394e+01 3.0815e+02 
1782.980408 1.6328e+01 3.0806e+02 
1783.462555 1.6360e+01 3.0818e+02 
1783.944702 1.6436e+01 3.0841e+02 
1784.426849 1.6468e+01 3.0853e+02 
1784.908997 1.6520e+01 3.0870e+02 
1785.391144 1.6412e+01 3.0851e+02 
1785.873291 1.6245e+01 3.0819e+02 
1786.355438 1.6104e+01 3.0792e+02 
1786.837585 1.6047e+01 3.0784e+02 
1787.319733 1.6005e+01 3.0780e+02 
1787.801880 1.6064e+01 3.0799e+02 
1788.284027 1.6160e+01 3.0826e+02 
1788.766174 1.6143e+01 3.0827e+02 
1789.248322 1.6086e+01 3.0820e+02 
1789.730469 1.6171e+01 3.0845e+02 
1790.212616 1.6215e+01 3.0860e+02 
1790.694763 1.6253e+01 3.0874e+02 
1791.176910 1.6231e+01 3.0874e+02 
1791.659058 1.6203e+01 3.0873e+02 
1792.141205 1.6185e+01 3.0874e+02 
1792.623352 1.6188e+01 3.0880e+02 
1793.105499 1.6140e+01 3.0875e+02 
1793.587646 1.6080e+01 3.0866e+02 
1794.069794 1.5986e+01 3.0850e+02 
1794.551941 1.5950e+01 3.0847e+02 
1795.034088 1.5958e+01 3.0854e+02 
1795.516235 1.5992e+01 3.0867e+02 
1795.998383 1.5987e+01 3.0872e+02 
1796.480530 1.5938e+01 3.0865e+02 
1796.962677 1.5833e+01 3.0847e+02 
1797.444824 1.5715e+01 3.0824e+02 
1797.926971 1.5663e+01 3.0817e+02 
1798.409119 1.5725e+01 3.0837e+02 
1798.891266 1.5776e+01 3.0854e+02 
1799.373413 1.5836e+01 3.0874e+02 
1799.855560 1.5802e+01 3.0871e+02 
1800.337708 1.5721e+01 3.0857e+02 
1800.819855 1.5637e+01 3.0843e+02 
1801.302002 1.5293e+01 3.0767e+02 
1801.784149 1.4050e+01 3.0466e+02 
1802.266296 1.1984e+01 2.9912e+02 
1802.748444 9.2829e+00 2.9061e+02 
