607.505493 8.3855e+01 2.5032e+02 
607.987640 1.0235e+02 2.6496e+02 
608.469788 1.1298e+02 2.7283e+02 
608.951935 1.1998e+02 2.7784e+02 
609.434082 1.2224e+02 2.7944e+02 
609.916229 1.2033e+02 2.7813e+02 
610.398376 1.2052e+02 2.7827e+02 
610.880524 1.2213e+02 2.7942e+02 
611.362671 1.2078e+02 2.7850e+02 
611.844818 1.2006e+02 2.7802e+02 
612.326965 1.2187e+02 2.7930e+02 
612.809113 1.2254e+02 2.7978e+02 
613.291260 1.2173e+02 2.7924e+02 
613.773407 1.2154e+02 2.7913e+02 
614.255554 1.2219e+02 2.7960e+02 
614.737701 1.2201e+02 2.7949e+02 
615.219849 1.2228e+02 2.7970e+02 
615.701996 1.2275e+02 2.8004e+02 
616.184143 1.2302e+02 2.8026e+02 
616.666290 1.2297e+02 2.8024e+02 
617.148438 1.2304e+02 2.8031e+02 
617.630585 1.2295e+02 2.8027e+02 
618.112732 1.2288e+02 2.8024e+02 
618.594879 1.2232e+02 2.7987e+02 
619.077026 1.2214e+02 2.7977e+02 
619.559174 1.2133e+02 2.7923e+02 
620.041321 1.2010e+02 2.7840e+02 
620.523468 1.2142e+02 2.7934e+02 
621.005615 1.2193e+02 2.7971e+02 
621.487762 1.1971e+02 2.7820e+02 
621.969910 1.2019e+02 2.7855e+02 
622.452057 1.2211e+02 2.7990e+02 
622.934204 1.2138e+02 2.7942e+02 
623.416351 1.2137e+02 2.7943e+02 
623.898499 1.2226e+02 2.8007e+02 
624.380646 1.2220e+02 2.8005e+02 
624.862793 1.2214e+02 2.8003e+02 
625.344940 1.2235e+02 2.8019e+02 
625.827087 1.2228e+02 2.8017e+02 
626.309235 1.2220e+02 2.8014e+02 
626.791382 1.2226e+02 2.8020e+02 
627.273529 1.2222e+02 2.8020e+02 
627.755676 1.2220e+02 2.8021e+02 
628.237823 1.2217e+02 2.8021e+02 
628.719971 1.2216e+02 2.8023e+02 
629.202118 1.2215e+02 2.8024e+02 
629.684265 1.2211e+02 2.8024e+02 
630.166412 1.2206e+02 2.8023e+02 
630.648560 1.2207e+02 2.8026e+02 
631.130707 1.2202e+02 2.8025e+02 
631.612854 1.2198e+02 2.8024e+02 
632.095001 1.2197e+02 2.8026e+02 
632.577148 1.2195e+02 2.8027e+02 
633.059296 1.2188e+02 2.8025e+02 
633.541443 1.2188e+02 2.8027e+02 
634.023590 1.2184e+02 2.8027e+02 
634.505737 1.2180e+02 2.8026e+02 
634.987885 1.2176e+02 2.8026e+02 
635.470032 1.2175e+02 2.8028e+02 
635.952179 1.2169e+02 2.8026e+02 
636.434326 1.2167e+02 2.8028e+02 
636.916473 1.2163e+02 2.8028e+02 
637.398621 1.2160e+02 2.8028e+02 
637.880768 1.2155e+02 2.8027e+02 
638.362915 1.2154e+02 2.8029e+02 
638.845062 1.2148e+02 2.8027e+02 
639.327209 1.2146e+02 2.8028e+02 
639.809357 1.2142e+02 2.8028e+02 
640.291504 1.2139e+02 2.8029e+02 
640.773651 1.2133e+02 2.8027e+02 
641.255798 1.2132e+02 2.8029e+02 
641.737946 1.2126e+02 2.8028e+02 
642.220093 1.2124e+02 2.8029e+02 
642.702240 1.2119e+02 2.8028e+02 
643.184387 1.2117e+02 2.8029e+02 
643.666534 1.2111e+02 2.8028e+02 
644.148682 1.2109e+02 2.8029e+02 
644.630829 1.2103e+02 2.8028e+02 
645.112976 1.2101e+02 2.8029e+02 
645.595123 1.2096e+02 2.8028e+02 
646.077271 1.2093e+02 2.8029e+02 
646.559418 1.2087e+02 2.8028e+02 
647.041565 1.2085e+02 2.8029e+02 
647.523712 1.2080e+02 2.8028e+02 
648.005859 1.2077e+02 2.8029e+02 
648.488007 1.2072e+02 2.8028e+02 
648.970154 1.2069e+02 2.8030e+02 
649.452301 1.2064e+02 2.8028e+02 
649.934448 1.2061e+02 2.8030e+02 
650.416595 1.2055e+02 2.8028e+02 
650.898743 1.2053e+02 2.8029e+02 
651.380890 1.2047e+02 2.8028e+02 
651.863037 1.2045e+02 2.8030e+02 
652.345184 1.2039e+02 2.8028e+02 
652.827332 1.2036e+02 2.8029e+02 
653.309479 1.2030e+02 2.8028e+02 
653.791626 1.2028e+02 2.8030e+02 
654.273773 1.2022e+02 2.8028e+02 
654.755920 1.2019e+02 2.8030e+02 
655.238068 1.2013e+02 2.8028e+02 
655.720215 1.2011e+02 2.8030e+02 
656.202362 1.2005e+02 2.8028e+02 
656.684509 1.2002e+02 2.8030e+02 
657.166656 1.1996e+02 2.8028e+02 
657.648804 1.1994e+02 2.8030e+02 
658.130951 1.1987e+02 2.8028e+02 
658.613098 1.1985e+02 2.8030e+02 
659.095245 1.1978e+02 2.8028e+02 
659.577393 1.1976e+02 2.8030e+02 
660.059540 1.1970e+02 2.8028e+02 
660.541687 1.1967e+02 2.8030e+02 
661.023834 1.1961e+02 2.8028e+02 
661.505981 1.1958e+02 2.8030e+02 
661.988129 1.1952e+02 2.8028e+02 
662.470276 1.1949e+02 2.8030e+02 
662.952423 1.1943e+02 2.8028e+02 
663.434570 1.1940e+02 2.8030e+02 
663.916718 1.1934e+02 2.8028e+02 
664.398865 1.1931e+02 2.8030e+02 
664.881012 1.1924e+02 2.8028e+02 
665.363159 1.1922e+02 2.8030e+02 
665.845306 1.1915e+02 2.8028e+02 
666.327454 1.1913e+02 2.8030e+02 
666.809601 1.1906e+02 2.8028e+02 
667.291748 1.1904e+02 2.8030e+02 
667.773895 1.1897e+02 2.8028e+02 
668.256042 1.1894e+02 2.8030e+02 
668.738190 1.1888e+02 2.8028e+02 
669.220337 1.1885e+02 2.8030e+02 
669.702484 1.1878e+02 2.8028e+02 
670.184631 1.1875e+02 2.8030e+02 
670.666779 1.1869e+02 2.8028e+02 
671.148926 1.1866e+02 2.8030e+02 
671.631073 1.1859e+02 2.8028e+02 
672.113220 1.1856e+02 2.8030e+02 
672.595367 1.1849e+02 2.8028e+02 
673.077515 1.1847e+02 2.8030e+02 
673.559662 1.1840e+02 2.8028e+02 
674.041809 1.1837e+02 2.8030e+02 
674.523956 1.1830e+02 2.8028e+02 
675.006104 1.1827e+02 2.8030e+02 
675.488251 1.1820e+02 2.8028e+02 
675.970398 1.1818e+02 2.8030e+02 
676.452545 1.1811e+02 2.8028e+02 
676.934692 1.1808e+02 2.8030e+02 
677.416840 1.1801e+02 2.8028e+02 
677.898987 1.1798e+02 2.8030e+02 
678.381134 1.1791e+02 2.8028e+02 
678.863281 1.1788e+02 2.8030e+02 
679.345428 1.1781e+02 2.8028e+02 
679.827576 1.1778e+02 2.8030e+02 
680.309723 1.1771e+02 2.8028e+02 
680.791870 1.1768e+02 2.8030e+02 
681.274017 1.1761e+02 2.8028e+02 
681.756165 1.1758e+02 2.8030e+02 
682.238312 1.1751e+02 2.8028e+02 
682.720459 1.1748e+02 2.8030e+02 
683.202606 1.1740e+02 2.8028e+02 
683.684753 1.1738e+02 2.8030e+02 
684.166901 1.1730e+02 2.8028e+02 
684.649048 1.1727e+02 2.8030e+02 
685.131195 1.1720e+02 2.8028e+02 
685.613342 1.1717e+02 2.8030e+02 
686.095490 1.1710e+02 2.8028e+02 
686.577637 1.1707e+02 2.8030e+02 
687.059784 1.1699e+02 2.8028e+02 
687.541931 1.1696e+02 2.8030e+02 
688.024078 1.1689e+02 2.8028e+02 
688.506226 1.1686e+02 2.8030e+02 
688.988373 1.1678e+02 2.8028e+02 
689.470520 1.1675e+02 2.8030e+02 
689.952667 1.1668e+02 2.8028e+02 
690.434814 1.1665e+02 2.8030e+02 
690.916962 1.1657e+02 2.8028e+02 
691.399109 1.1654e+02 2.8029e+02 
691.881256 1.1646e+02 2.8028e+02 
692.363403 1.1643e+02 2.8029e+02 
692.845551 1.1635e+02 2.8028e+02 
693.327698 1.1633e+02 2.8029e+02 
693.809845 1.1625e+02 2.8028e+02 
694.291992 1.1621e+02 2.8029e+02 
694.774139 1.1614e+02 2.8028e+02 
695.256287 1.1611e+02 2.8030e+02 
695.738434 1.1602e+02 2.8027e+02 
696.220581 1.1599e+02 2.8029e+02 
696.702728 1.1592e+02 2.8028e+02 
697.184875 1.1589e+02 2.8029e+02 
697.667023 1.1580e+02 2.8027e+02 
698.149170 1.1578e+02 2.8029e+02 
698.631317 1.1570e+02 2.8028e+02 
699.113464 1.1565e+02 2.8028e+02 
699.595612 1.1557e+02 2.8027e+02 
700.077759 1.1556e+02 2.8029e+02 
700.559906 1.1547e+02 2.8027e+02 
701.042053 1.1542e+02 2.8028e+02 
701.524200 1.1536e+02 2.8027e+02 
702.006348 1.1532e+02 2.8028e+02 
702.488495 1.1523e+02 2.8026e+02 
702.970642 1.1520e+02 2.8028e+02 
703.452789 1.1512e+02 2.8026e+02 
703.934937 1.1507e+02 2.8026e+02 
704.417084 1.1498e+02 2.8024e+02 
704.899231 1.1496e+02 2.8027e+02 
705.381378 1.1487e+02 2.8024e+02 
705.863525 1.1480e+02 2.8024e+02 
706.345673 1.1473e+02 2.8023e+02 
706.827820 1.1471e+02 2.8025e+02 
707.309967 1.1459e+02 2.8021e+02 
707.792114 1.1455e+02 2.8022e+02 
708.274261 1.1448e+02 2.8021e+02 
708.756409 1.1443e+02 2.8022e+02 
709.238556 1.1431e+02 2.8017e+02 
709.720703 1.1428e+02 2.8020e+02 
710.202850 1.1421e+02 2.8019e+02 
710.684998 1.1408e+02 2.8014e+02 
711.167145 1.1397e+02 2.8010e+02 
711.649292 1.1403e+02 2.8018e+02 
712.131439 1.1375e+02 2.8004e+02 
712.613586 1.1338e+02 2.7983e+02 
713.095734 1.1361e+02 2.8002e+02 
713.577881 1.1365e+02 2.8009e+02 
714.060028 1.1270e+02 2.7950e+02 
714.542175 1.1268e+02 2.7952e+02 
715.024323 1.1337e+02 2.8002e+02 
715.506470 1.1200e+02 2.7915e+02 
715.988617 1.1090e+02 2.7847e+02 
716.470764 1.1262e+02 2.7964e+02 
716.952911 1.1275e+02 2.7977e+02 
717.435059 1.1187e+02 2.7923e+02 
717.917206 1.1253e+02 2.7970e+02 
718.399353 1.1324e+02 2.8021e+02 
718.881500 1.1323e+02 2.8024e+02 
719.363647 1.1325e+02 2.8029e+02 
719.845795 1.1317e+02 2.8028e+02 
720.327942 1.1315e+02 2.8030e+02 
720.810089 1.1303e+02 2.8026e+02 
721.292236 1.1252e+02 2.7997e+02 
721.774384 1.1114e+02 2.7910e+02 
722.256531 1.0932e+02 2.7794e+02 
722.738678 1.0532e+02 2.7530e+02 
723.220825 1.0344e+02 2.7406e+02 
723.702972 1.0716e+02 2.7662e+02 
724.185120 1.0524e+02 2.7537e+02 
724.667267 1.0114e+02 2.7261e+02 
725.149414 1.0654e+02 2.7633e+02 
725.631561 1.0717e+02 2.7679e+02 
726.113708 1.0190e+02 2.7326e+02 
726.595856 1.0564e+02 2.7584e+02 
727.078003 1.0921e+02 2.7827e+02 
727.560150 1.0381e+02 2.7469e+02 
728.042297 1.0482e+02 2.7542e+02 
728.524445 1.1027e+02 2.7909e+02 
729.006592 1.1046e+02 2.7926e+02 
729.488739 1.0952e+02 2.7868e+02 
729.970886 1.1056e+02 2.7940e+02 
730.453033 1.1054e+02 2.7943e+02 
730.935181 1.0978e+02 2.7897e+02 
731.417328 1.1050e+02 2.7948e+02 
731.899475 1.0910e+02 2.7861e+02 
732.381622 1.0508e+02 2.7597e+02 
732.863770 1.0731e+02 2.7750e+02 
733.345917 1.0928e+02 2.7885e+02 
733.828064 1.0520e+02 2.7618e+02 
734.310211 1.0620e+02 2.7689e+02 
734.792358 1.0909e+02 2.7885e+02 
735.274506 1.0538e+02 2.7642e+02 
735.756653 1.0513e+02 2.7630e+02 
736.238800 1.0866e+02 2.7869e+02 
736.720947 1.0566e+02 2.7674e+02 
737.203094 1.0436e+02 2.7591e+02 
737.685242 1.0820e+02 2.7851e+02 
738.167389 1.0618e+02 2.7721e+02 
738.649536 1.0383e+02 2.7568e+02 
739.131683 1.0756e+02 2.7821e+02 
739.613831 1.0755e+02 2.7825e+02 
740.095978 1.0643e+02 2.7755e+02 
740.578125 1.0920e+02 2.7942e+02 
741.060272 1.1016e+02 2.8009e+02 
741.542419 1.0980e+02 2.7990e+02 
742.024567 1.0906e+02 2.7946e+02 
742.506714 1.0447e+02 2.7645e+02 
742.988861 9.3690e+01 2.6907e+02 
743.471008 9.8340e+01 2.7237e+02 
743.953156 1.0592e+02 2.7755e+02 
744.435303 1.0284e+02 2.7553e+02 
744.917450 1.0546e+02 2.7733e+02 
745.399597 1.0269e+02 2.7552e+02 
745.881744 8.5961e+01 2.6374e+02 
746.363892 8.7544e+01 2.6496e+02 
746.846039 9.9173e+01 2.7325e+02 
747.328186 8.5181e+01 2.6330e+02 
747.810333 8.5389e+01 2.6351e+02 
748.292480 9.9882e+01 2.7387e+02 
748.774628 8.6895e+01 2.6471e+02 
749.256775 7.8765e+01 2.5862e+02 
749.738922 9.4342e+01 2.7016e+02 
750.221069 8.2453e+01 2.6154e+02 
750.703217 7.1314e+01 2.5284e+02 
751.185364 8.9467e+01 2.6682e+02 
751.667511 8.6460e+01 2.6468e+02 
752.149658 8.0909e+01 2.6056e+02 
752.631805 9.3158e+01 2.6960e+02 
753.113953 8.4477e+01 2.6335e+02 
753.596100 7.8690e+01 2.5900e+02 
754.078247 9.6613e+01 2.7216e+02 
754.560394 9.7798e+01 2.7303e+02 
755.042542 7.4860e+01 2.5614e+02 
755.524689 7.6316e+01 2.5735e+02 
756.006836 8.1834e+01 2.6165e+02 
756.488983 5.9619e+01 2.4341e+02 
756.971130 6.9629e+01 2.5210e+02 
757.453278 7.5882e+01 2.5720e+02 
757.935425 4.9158e+01 2.3361e+02 
758.417572 5.2128e+01 2.3660e+02 
758.899719 6.6452e+01 2.4965e+02 
759.381866 4.4659e+01 2.2911e+02 
759.864014 4.5690e+01 2.3025e+02 
760.346161 6.3841e+01 2.4756e+02 
760.828308 4.6110e+01 2.3080e+02 
761.310455 4.0972e+01 2.2529e+02 
761.792603 5.6917e+01 2.4152e+02 
762.274750 4.0686e+01 2.2508e+02 
762.756897 3.4601e+01 2.1795e+02 
763.239044 5.0275e+01 2.3532e+02 
763.721191 3.9341e+01 2.2372e+02 
764.203339 3.1227e+01 2.1379e+02 
764.685486 4.6288e+01 2.3143e+02 
765.167633 3.8614e+01 2.2305e+02 
765.649780 2.9253e+01 2.1129e+02 
766.131927 4.1168e+01 2.2607e+02 
766.614075 3.8399e+01 2.2296e+02 
767.096222 3.5285e+01 2.1930e+02 
767.578369 4.2860e+01 2.2810e+02 
768.060516 3.7821e+01 2.2245e+02 
768.542664 4.4372e+01 2.2984e+02 
769.024811 5.8357e+01 2.4364e+02 
769.506958 5.0583e+01 2.3633e+02 
769.989105 5.4105e+01 2.3979e+02 
770.471252 4.4649e+01 2.3036e+02 
770.953400 3.3683e+01 2.1775e+02 
771.435547 3.0896e+01 2.1420e+02 
771.917694 2.6307e+01 2.0785e+02 
772.399841 2.8626e+01 2.1122e+02 
772.881989 2.7860e+01 2.1020e+02 
773.364136 2.4641e+01 2.0551e+02 
773.846283 2.6699e+01 2.0865e+02 
774.328430 2.9767e+01 2.1302e+02 
774.810577 3.1148e+01 2.1493e+02 
775.292725 5.5612e+01 2.4180e+02 
775.774872 6.0183e+01 2.4602e+02 
776.257019 4.3544e+01 2.2984e+02 
776.739166 6.3880e+01 2.4937e+02 
777.221313 6.5355e+01 2.5068e+02 
777.703461 3.5098e+01 2.2031e+02 
778.185608 2.5636e+01 2.0760e+02 
778.667755 3.3432e+01 2.1834e+02 
779.149902 5.2788e+01 2.3956e+02 
779.632050 4.2313e+01 2.2889e+02 
780.114197 2.6267e+01 2.0876e+02 
780.596344 2.4589e+01 2.0630e+02 
781.078491 2.1415e+01 2.0127e+02 
781.560638 2.1908e+01 2.0214e+02 
782.042786 2.4372e+01 2.0614e+02 
782.524933 2.2956e+01 2.0397e+02 
783.007080 2.3992e+01 2.0566e+02 
783.489227 3.3092e+01 2.1848e+02 
783.971375 5.8059e+01 2.4502e+02 
784.453522 8.0337e+01 2.6343e+02 
784.935669 5.8835e+01 2.4582e+02 
785.417816 3.2026e+01 2.1733e+02 
785.899963 2.2900e+01 2.0428e+02 
786.382111 2.1408e+01 2.0189e+02 
786.864258 2.1476e+01 2.0206e+02 
787.346405 1.9737e+01 1.9913e+02 
787.828552 1.9837e+01 1.9936e+02 
788.310699 1.9533e+01 1.9888e+02 
788.792847 1.8739e+01 1.9751e+02 
789.274994 1.7840e+01 1.9590e+02 
789.757141 1.8977e+01 1.9806e+02 
790.239288 1.8662e+01 1.9754e+02 
790.721436 2.1094e+01 2.0188e+02 
791.203583 4.2411e+01 2.3033e+02 
791.685730 7.4166e+01 2.5943e+02 
792.167877 6.3774e+01 2.5096e+02 
792.650024 4.0466e+01 2.2835e+02 
793.132172 3.2376e+01 2.1870e+02 
793.614319 5.0824e+01 2.3929e+02 
794.096466 5.4639e+01 2.4299e+02 
794.578613 3.3309e+01 2.2006e+02 
795.060760 3.6460e+01 2.2399e+02 
795.542908 6.6245e+01 2.5342e+02 
796.025055 7.7453e+01 2.6245e+02 
796.507202 4.9827e+01 2.3863e+02 
796.989349 3.9752e+01 2.2805e+02 
797.471497 5.0210e+01 2.3912e+02 
797.953644 6.0369e+01 2.4864e+02 
798.435791 8.2298e+01 2.6635e+02 
798.917938 7.9715e+01 2.6447e+02 
799.400085 4.4816e+01 2.3385e+02 
799.882233 2.8799e+01 2.1472e+02 
800.364380 2.3098e+01 2.0633e+02 
800.846527 1.9718e+01 2.0072e+02 
801.328674 2.2386e+01 2.0530e+02 
801.810822 2.2756e+01 2.0595e+02 
802.292969 2.2828e+01 2.0613e+02 
802.775116 4.5060e+01 2.3450e+02 
803.257263 6.6696e+01 2.5464e+02 
803.739410 5.2310e+01 2.4188e+02 
804.221558 2.7235e+01 2.1304e+02 
804.703705 2.2922e+01 2.0657e+02 
805.185852 1.8640e+01 1.9930e+02 
805.667999 2.1224e+01 2.0389e+02 
806.150146 2.6958e+01 2.1287e+02 
806.632294 2.2061e+01 2.0540e+02 
807.114441 1.7910e+01 1.9817e+02 
807.596588 2.9878e+01 2.1712e+02 
808.078735 5.2974e+01 2.4300e+02 
808.560883 4.1504e+01 2.3135e+02 
809.043030 2.2670e+01 2.0668e+02 
809.525177 2.0377e+01 2.0291e+02 
810.007324 1.5518e+01 1.9380e+02 
810.489471 1.7200e+01 1.9722e+02 
810.971619 1.8607e+01 1.9993e+02 
811.453766 1.6441e+01 1.9585e+02 
811.935913 1.5393e+01 1.9377e+02 
812.418060 1.9024e+01 2.0087e+02 
812.900208 1.7257e+01 1.9762e+02 
813.382355 2.7201e+01 2.1408e+02 
813.864502 4.6607e+01 2.3739e+02 
814.346649 5.0392e+01 2.4123e+02 
814.828796 3.4225e+01 2.2360e+02 
815.310944 1.9832e+01 2.0266e+02 
815.793091 1.7725e+01 1.9887e+02 
816.275238 1.5205e+01 1.9390e+02 
816.757385 1.5998e+01 1.9560e+02 
817.239532 1.6051e+01 1.9576e+02 
817.721680 1.4424e+01 1.9241e+02 
818.203827 1.4157e+01 1.9188e+02 
818.685974 1.5524e+01 1.9486e+02 
819.168121 1.4224e+01 1.9214e+02 
819.650269 1.3758e+01 1.9116e+02 
820.132416 1.4695e+01 1.9328e+02 
820.614563 1.4297e+01 1.9248e+02 
821.096710 1.3342e+01 1.9039e+02 
821.578857 1.4068e+01 1.9209e+02 
822.061005 1.4209e+01 1.9246e+02 
822.543152 1.3653e+01 1.9128e+02 
823.025299 1.3874e+01 1.9183e+02 
823.507446 1.3862e+01 1.9186e+02 
823.989594 1.3283e+01 1.9060e+02 
824.471741 1.6136e+01 1.9680e+02 
824.953888 2.8076e+01 2.1670e+02 
825.436035 2.6607e+01 2.1466e+02 
825.918182 1.4825e+01 1.9425e+02 
826.400330 1.4829e+01 1.9432e+02 
826.882477 2.0033e+01 2.0440e+02 
827.364624 3.6021e+01 2.2727e+02 
827.846771 3.8956e+01 2.3075e+02 
828.328918 2.1267e+01 2.0669e+02 
828.811066 1.3925e+01 1.9264e+02 
829.293213 1.3122e+01 1.9087e+02 
829.775360 1.2760e+01 1.9008e+02 
830.257507 1.2484e+01 1.8948e+02 
830.739655 1.2396e+01 1.8932e+02 
831.221802 1.2330e+01 1.8922e+02 
831.703949 1.2051e+01 1.8860e+02 
832.186096 1.2111e+01 1.8880e+02 
832.668243 1.2158e+01 1.8897e+02 
833.150391 1.2126e+01 1.8895e+02 
833.632538 1.1847e+01 1.8832e+02 
834.114685 1.2063e+01 1.8891e+02 
834.596832 1.1990e+01 1.8879e+02 
835.078979 1.4241e+01 1.9409e+02 
835.561127 1.6877e+01 1.9961e+02 
836.043274 1.4012e+01 1.9370e+02 
836.525421 1.1842e+01 1.8866e+02 
837.007568 1.1984e+01 1.8907e+02 
837.489716 1.1938e+01 1.8901e+02 
837.971863 1.2590e+01 1.9066e+02 
838.454010 1.2264e+01 1.8993e+02 
838.936157 1.2963e+01 1.9165e+02 
839.418304 2.4535e+01 2.1325e+02 
839.900452 4.2737e+01 2.3636e+02 
840.382599 2.9458e+01 2.2045e+02 
840.864746 1.5122e+01 1.9668e+02 
841.346893 1.4927e+01 1.9632e+02 
841.829041 1.9390e+01 2.0506e+02 
842.311188 1.6131e+01 1.9894e+02 
842.793335 1.2613e+01 1.9129e+02 
843.275482 1.2267e+01 1.9051e+02 
843.757629 1.2389e+01 1.9086e+02 
844.239777 1.2320e+01 1.9076e+02 
844.721924 1.2549e+01 1.9136e+02 
845.204071 1.2532e+01 1.9138e+02 
845.686218 1.3094e+01 1.9277e+02 
846.168365 1.2767e+01 1.9206e+02 
846.650513 1.2906e+01 1.9244e+02 
847.132660 1.2613e+01 1.9181e+02 
847.614807 1.3090e+01 1.9299e+02 
848.096954 1.2781e+01 1.9232e+02 
848.579102 1.3742e+01 1.9460e+02 
849.061249 2.3679e+01 2.1309e+02 
849.543396 4.1117e+01 2.3573e+02 
850.025543 2.7849e+01 2.1938e+02 
850.507690 1.4920e+01 1.9741e+02 
850.989838 1.3858e+01 1.9515e+02 
851.471985 1.5722e+01 1.9920e+02 
851.954132 3.1018e+01 2.2392e+02 
852.436279 5.8069e+01 2.5275e+02 
852.918427 5.0208e+01 2.4551e+02 
853.400574 2.7784e+01 2.1970e+02 
853.882721 2.1434e+01 2.1004e+02 
854.364868 3.8728e+01 2.3362e+02 
854.847015 3.7165e+01 2.3188e+02 
855.329163 1.6481e+01 2.0120e+02 
855.811310 1.2073e+01 1.9153e+02 
856.293457 1.0890e+01 1.8857e+02 
856.775604 1.1114e+01 1.8922e+02 
857.257751 1.0402e+01 1.8738e+02 
857.739899 1.0877e+01 1.8871e+02 
858.222046 1.2542e+01 1.9296e+02 
858.704193 1.3814e+01 1.9597e+02 
859.186340 1.1185e+01 1.8969e+02 
859.668488 1.1885e+01 1.9153e+02 
860.150635 1.0470e+01 1.8791e+02 
860.632782 1.0262e+01 1.8739e+02 
861.114929 9.8098e+00 1.8618e+02 
861.597076 1.0129e+01 1.8714e+02 
862.079224 9.7981e+00 1.8626e+02 
862.561371 1.0206e+01 1.8747e+02 
863.043518 9.8249e+00 1.8645e+02 
863.525665 1.0238e+01 1.8767e+02 
864.007813 1.0240e+01 1.8773e+02 
864.489960 1.3910e+01 1.9688e+02 
864.972107 2.4136e+01 2.1571e+02 
865.454254 2.8829e+01 2.2259e+02 
865.936401 1.6375e+01 2.0226e+02 
866.418549 1.0294e+01 1.8817e+02 
866.900696 9.7568e+00 1.8672e+02 
867.382843 9.9511e+00 1.8733e+02 
867.864990 9.7559e+00 1.8683e+02 
868.347137 9.9096e+00 1.8733e+02 
868.829285 9.5686e+00 1.8641e+02 
869.311432 9.8769e+00 1.8735e+02 
869.793579 9.7697e+00 1.8710e+02 
870.275726 1.0686e+01 1.8970e+02 
870.757874 2.0571e+01 2.1060e+02 
871.240021 3.5431e+01 2.3177e+02 
871.722168 2.2076e+01 2.1324e+02 
872.204315 1.0873e+01 1.9042e+02 
872.686462 9.8257e+00 1.8760e+02 
873.168610 9.6282e+00 1.8709e+02 
873.650757 9.3988e+00 1.8648e+02 
874.132904 9.4423e+00 1.8667e+02 
874.615051 9.3231e+00 1.8637e+02 
875.097198 9.3807e+00 1.8660e+02 
875.579346 9.5504e+00 1.8715e+02 
876.061493 9.7348e+00 1.8774e+02 
876.543640 9.5102e+00 1.8715e+02 
877.025787 9.5401e+00 1.8729e+02 
877.507935 9.6828e+00 1.8777e+02 
877.990082 1.5703e+01 2.0235e+02 
878.472229 2.7412e+01 2.2218e+02 
878.954376 1.9974e+01 2.1055e+02 
879.436523 1.0100e+01 1.8918e+02 
879.918671 9.6344e+00 1.8791e+02 
880.400818 1.0085e+01 1.8925e+02 
880.882965 1.4723e+01 2.0063e+02 
881.365112 1.3702e+01 1.9843e+02 
881.847260 9.9576e+00 1.8906e+02 
882.329407 9.5479e+00 1.8795e+02 
882.811554 1.1861e+01 1.9423e+02 
883.293701 1.6828e+01 2.0525e+02 
883.775848 2.4477e+01 2.1849e+02 
884.257996 1.7746e+01 2.0713e+02 
884.740143 9.7265e+00 1.8875e+02 
885.222290 9.5022e+00 1.8816e+02 
885.704437 9.2627e+00 1.8751e+02 
886.186584 1.0055e+01 1.8985e+02 
886.668732 1.8227e+01 2.0833e+02 
887.150879 3.4569e+01 2.3262e+02 
887.633026 2.4033e+01 2.1827e+02 
888.115173 1.4192e+01 2.0034e+02 
888.597321 1.8621e+01 2.0929e+02 
889.079468 1.3500e+01 1.9890e+02 
889.561615 1.0451e+01 1.9135e+02 
890.043762 1.2616e+01 1.9694e+02 
890.525909 1.1069e+01 1.9312e+02 
891.008057 1.2459e+01 1.9668e+02 
891.490204 1.3230e+01 1.9856e+02 
891.972351 9.3917e+00 1.8863e+02 
892.454498 8.7436e+00 1.8673e+02 
892.936646 8.4367e+00 1.8582e+02 
893.418793 8.6179e+00 1.8645e+02 
893.900940 8.2601e+00 1.8537e+02 
894.383087 8.4911e+00 1.8616e+02 
894.865234 8.3258e+00 1.8569e+02 
895.347382 8.5900e+00 1.8659e+02 
895.829529 8.6183e+00 1.8674e+02 
896.311676 9.2788e+00 1.8881e+02 
896.793823 8.8032e+00 1.8742e+02 
897.275970 9.4184e+00 1.8934e+02 
897.758118 1.0193e+01 1.9161e+02 
898.240265 9.0293e+00 1.8829e+02 
898.722412 8.1693e+00 1.8564e+02 
899.204559 8.1405e+00 1.8560e+02 
899.686707 7.8636e+00 1.8474e+02 
900.168854 8.1391e+00 1.8571e+02 
900.651001 8.0037e+00 1.8532e+02 
901.133148 8.0340e+00 1.8548e+02 
901.615295 7.8128e+00 1.8480e+02 
902.097443 8.3062e+00 1.8648e+02 
902.579590 8.2073e+00 1.8622e+02 
903.061737 8.1954e+00 1.8624e+02 
903.543884 7.8399e+00 1.8512e+02 
904.026031 8.2058e+00 1.8638e+02 
904.508179 7.9070e+00 1.8546e+02 
904.990326 8.5933e+00 1.8774e+02 
905.472473 9.1054e+00 1.8937e+02 
905.954620 1.3439e+01 2.0077e+02 
906.436768 1.4891e+01 2.0405e+02 
906.918915 1.0465e+01 1.9345e+02 
907.401062 8.6400e+00 1.8817e+02 
907.883209 9.5822e+00 1.9107e+02 
908.365356 1.6819e+01 2.0824e+02 
908.847504 3.3987e+01 2.3450e+02 
909.329651 2.5734e+01 2.2345e+02 
909.811798 1.1491e+01 1.9651e+02 
910.293945 1.1058e+01 1.9544e+02 
910.776093 9.5532e+00 1.9133e+02 
911.258240 8.9429e+00 1.8956e+02 
911.740387 8.4372e+00 1.8804e+02 
912.222534 8.8142e+00 1.8928e+02 
912.704681 8.3452e+00 1.8785e+02 
913.186829 8.8978e+00 1.8965e+02 
913.668976 1.1060e+01 1.9585e+02 
914.151123 1.2314e+01 1.9908e+02 
914.633270 9.3394e+00 1.9115e+02 
915.115417 8.9100e+00 1.8991e+02 
915.597565 8.3244e+00 1.8813e+02 
916.079712 8.7717e+00 1.8960e+02 
916.561859 8.4731e+00 1.8872e+02 
917.044006 8.7630e+00 1.8969e+02 
917.526154 8.1375e+00 1.8775e+02 
918.008301 1.0526e+01 1.9493e+02 
918.490448 1.2899e+01 2.0101e+02 
918.972595 1.0585e+01 1.9520e+02 
919.454742 8.2198e+00 1.8824e+02 
919.936890 8.7365e+00 1.8994e+02 
920.419037 8.3556e+00 1.8879e+02 
920.901184 1.0923e+01 1.9634e+02 
921.383331 1.4344e+01 2.0465e+02 
921.865479 2.3919e+01 2.2221e+02 
922.347626 2.3920e+01 2.2227e+02 
922.829773 1.3880e+01 2.0379e+02 
923.311920 9.8389e+00 1.9364e+02 
923.794067 8.1076e+00 1.8838e+02 
924.276215 1.0237e+01 1.9488e+02 
924.758362 2.0952e+01 2.1774e+02 
925.240509 2.1184e+01 2.1819e+02 
925.722656 1.0573e+01 1.9597e+02 
926.204803 8.5401e+00 1.9006e+02 
926.686951 8.9344e+00 1.9135e+02 
927.169098 9.8211e+00 1.9404e+02 
927.651245 8.3105e+00 1.8950e+02 
928.133392 8.5691e+00 1.9038e+02 
928.615540 1.0507e+01 1.9613e+02 
929.097687 1.1624e+01 1.9914e+02 
929.579834 8.8437e+00 1.9141e+02 
930.061981 8.3662e+00 1.8996e+02 
930.544128 9.0655e+00 1.9221e+02 
931.026276 1.0528e+01 1.9648e+02 
931.508423 8.7376e+00 1.9131e+02 
931.990570 8.0395e+00 1.8912e+02 
932.472717 8.7468e+00 1.9145e+02 
932.954865 1.0310e+01 1.9610e+02 
933.437012 8.3024e+00 1.9015e+02 
933.919159 7.1895e+00 1.8641e+02 
934.401306 8.2462e+00 1.9008e+02 
934.883453 1.0387e+01 1.9654e+02 
935.365601 8.2627e+00 1.9025e+02 
935.847748 6.7924e+00 1.8518e+02 
936.329895 8.3565e+00 1.9067e+02 
936.812042 1.0744e+01 1.9775e+02 
937.294189 8.5564e+00 1.9142e+02 
937.776337 6.8912e+00 1.8577e+02 
938.258484 8.8196e+00 1.9236e+02 
938.740631 1.0996e+01 1.9865e+02 
939.222778 7.9817e+00 1.8977e+02 
939.704926 6.7015e+00 1.8529e+02 
940.187073 9.7877e+00 1.9548e+02 
940.669220 1.3192e+01 2.0434e+02 
941.151367 1.0503e+01 1.9760e+02 
941.633514 7.7407e+00 1.8924e+02 
942.115662 1.0657e+01 1.9814e+02 
942.597809 1.1138e+01 1.9948e+02 
943.079956 7.0668e+00 1.8704e+02 
943.562103 7.8122e+00 1.8971e+02 
944.044250 1.2177e+01 2.0230e+02 
944.526398 1.2579e+01 2.0334e+02 
945.008545 9.1418e+00 1.9414e+02 
945.490692 9.6607e+00 1.9574e+02 
945.972839 1.2658e+01 2.0370e+02 
946.454987 1.0177e+01 1.9733e+02 
946.937134 7.9510e+00 1.9057e+02 
947.419281 1.2487e+01 2.0346e+02 
947.901428 2.5525e+01 2.2778e+02 
948.383575 2.8142e+01 2.3160e+02 
948.865723 1.3819e+01 2.0675e+02 
949.347870 1.2922e+01 2.0473e+02 
949.830017 1.0341e+01 1.9818e+02 
950.312164 6.9814e+00 1.8756e+02 
950.794312 9.3074e+00 1.9532e+02 
951.276459 1.2078e+01 2.0291e+02 
951.758606 7.5792e+00 1.8987e+02 
952.240753 7.2070e+00 1.8861e+02 
952.722900 1.1930e+01 2.0272e+02 
953.205048 1.6048e+01 2.1206e+02 
953.687195 1.1171e+01 2.0088e+02 
954.169342 9.8757e+00 1.9738e+02 
954.651489 1.2150e+01 2.0349e+02 
955.133636 1.4323e+01 2.0863e+02 
955.615784 1.3754e+01 2.0741e+02 
956.097931 1.1141e+01 2.0109e+02 
956.580078 7.7888e+00 1.9115e+02 
957.062225 5.9051e+00 1.8413e+02 
957.544373 7.5897e+00 1.9058e+02 
958.026520 7.6620e+00 1.9089e+02 
958.508667 6.0141e+00 1.8475e+02 
958.990814 7.7664e+00 1.9136e+02 
959.472961 9.1859e+00 1.9597e+02 
959.955109 7.3177e+00 1.8990e+02 
960.437256 5.7808e+00 1.8400e+02 
960.919403 5.7260e+00 1.8382e+02 
961.401550 5.9718e+00 1.8491e+02 
961.883698 6.3905e+00 1.8666e+02 
962.365845 5.5720e+00 1.8333e+02 
962.847992 6.3664e+00 1.8667e+02 
963.330139 7.2463e+00 1.9004e+02 
963.812286 6.0436e+00 1.8548e+02 
964.294434 6.7465e+00 1.8831e+02 
964.776581 8.8060e+00 1.9542e+02 
965.258728 7.2210e+00 1.9017e+02 
965.740875 8.9427e+00 1.9596e+02 
966.223022 1.1641e+01 2.0358e+02 
966.705170 1.0597e+01 2.0088e+02 
967.187317 9.8731e+00 1.9890e+02 
967.669464 1.0991e+01 2.0206e+02 
968.151611 8.0471e+00 1.9337e+02 
968.633759 7.5840e+00 1.9185e+02 
969.115906 1.1091e+01 2.0249e+02 
969.598053 8.0629e+00 1.9359e+02 
970.080200 8.6579e+00 1.9558e+02 
970.562347 1.2511e+01 2.0626e+02 
971.044495 1.1682e+01 2.0426e+02 
971.526642 1.4685e+01 2.1137e+02 
972.008789 1.3782e+01 2.0942e+02 
972.490936 8.1186e+00 1.9412e+02 
972.973083 1.1395e+01 2.0374e+02 
973.455231 1.7120e+01 2.1661e+02 
973.937378 1.4242e+01 2.1069e+02 
974.419525 1.2995e+01 2.0788e+02 
974.901672 1.0136e+01 2.0056e+02 
975.383820 1.0486e+01 2.0159e+02 
975.865967 1.9184e+01 2.2078e+02 
976.348114 1.3523e+01 2.0934e+02 
976.830261 1.0025e+01 2.0047e+02 
977.312408 1.4896e+01 2.1252e+02 
977.794556 1.0284e+01 2.0132e+02 
978.276703 9.7724e+00 1.9991e+02 
978.758850 9.0837e+00 1.9792e+02 
979.240997 7.6032e+00 1.9315e+02 
979.723145 9.2624e+00 1.9858e+02 
980.205292 7.1961e+00 1.9182e+02 
980.687439 8.2094e+00 1.9537e+02 
981.169586 8.6077e+00 1.9672e+02 
981.651733 7.7627e+00 1.9398e+02 
982.133881 8.7062e+00 1.9714e+02 
982.616028 6.6905e+00 1.9021e+02 
983.098175 7.4687e+00 1.9313e+02 
983.580322 7.4063e+00 1.9296e+02 
984.062469 8.1314e+00 1.9551e+02 
984.544617 7.8050e+00 1.9446e+02 
985.026764 6.2080e+00 1.8860e+02 
985.508911 6.6261e+00 1.9030e+02 
985.991058 6.0674e+00 1.8813e+02 
986.473206 6.4027e+00 1.8954e+02 
986.955353 6.0188e+00 1.8804e+02 
987.437500 6.1918e+00 1.8881e+02 
987.919647 5.8790e+00 1.8757e+02 
988.401794 5.7061e+00 1.8689e+02 
988.883942 6.0511e+00 1.8840e+02 
989.366089 5.8150e+00 1.8747e+02 
989.848236 6.0816e+00 1.8864e+02 
990.330383 6.1831e+00 1.8911e+02 
990.812531 5.6278e+00 1.8683e+02 
991.294678 5.5906e+00 1.8672e+02 
991.776825 6.0550e+00 1.8875e+02 
992.258972 5.7727e+00 1.8762e+02 
992.741119 6.0885e+00 1.8900e+02 
993.223267 5.8705e+00 1.8815e+02 
993.705414 5.4769e+00 1.8650e+02 
994.187561 6.2113e+00 1.8966e+02 
994.669708 6.3939e+00 1.9045e+02 
995.151855 6.0057e+00 1.8893e+02 
995.634003 6.4344e+00 1.9072e+02 
996.116150 5.6803e+00 1.8766e+02 
996.598297 6.0039e+00 1.8909e+02 
997.080444 6.6983e+00 1.9191e+02 
997.562592 6.4613e+00 1.9105e+02 
998.044739 7.0829e+00 1.9347e+02 
998.526886 9.2199e+00 2.0065e+02 
999.009033 9.4424e+00 2.0137e+02 
999.491180 8.0628e+00 1.9707e+02 
999.973328 9.2054e+00 2.0077e+02 
1000.455475 9.9509e+00 2.0303e+02 
1000.937622 8.1080e+00 1.9739e+02 
1001.419769 6.8239e+00 1.9289e+02 
1001.901917 7.5961e+00 1.9575e+02 
1002.384064 7.8603e+00 1.9672e+02 
1002.866211 7.7459e+00 1.9639e+02 
1003.348358 9.8108e+00 2.0296e+02 
1003.830505 1.0174e+01 2.0406e+02 
1004.312653 9.5335e+00 2.0226e+02 
1004.794800 9.3300e+00 2.0171e+02 
1005.276947 8.3508e+00 1.9870e+02 
1005.759094 8.8121e+00 2.0023e+02 
1006.241241 8.4854e+00 1.9925e+02 
1006.723389 9.0538e+00 2.0109e+02 
1007.205536 1.0276e+01 2.0475e+02 
1007.687683 9.7212e+00 2.0321e+02 
1008.169830 9.2520e+00 2.0187e+02 
1008.651978 9.1557e+00 2.0163e+02 
1009.134125 9.5485e+00 2.0287e+02 
1009.616272 1.4578e+01 2.1566e+02 
1010.098419 1.7867e+01 2.2243e+02 
1010.580566 1.6984e+01 2.2078e+02 
1011.062714 1.4839e+01 2.1640e+02 
1011.544861 1.1362e+01 2.0820e+02 
1012.027008 1.2029e+01 2.0997e+02 
1012.509155 1.0968e+01 2.0727e+02 
1012.991302 1.1190e+01 2.0792e+02 
1013.473450 1.1400e+01 2.0853e+02 
1013.955597 1.6966e+01 2.2114e+02 
1014.437744 2.5911e+01 2.3634e+02 
1014.919891 1.8466e+01 2.2413e+02 
1015.402039 1.2206e+01 2.1081e+02 
1015.884186 1.2301e+01 2.1110e+02 
1016.366333 1.3027e+01 2.1292e+02 
1016.848480 1.3828e+01 2.1484e+02 
1017.330627 1.6760e+01 2.2114e+02 
1017.812775 2.2023e+01 2.3069e+02 
1018.294922 1.7365e+01 2.2244e+02 
1018.777069 1.4913e+01 2.1748e+02 
1019.259216 1.3716e+01 2.1487e+02 
1019.741364 1.3825e+01 2.1518e+02 
1020.223511 1.4250e+01 2.1619e+02 
1020.705658 1.4920e+01 2.1772e+02 
1021.187805 1.4900e+01 2.1774e+02 
1021.669952 1.4030e+01 2.1587e+02 
1022.152100 1.4591e+01 2.1718e+02 
1022.634247 1.5173e+01 2.1850e+02 
1023.116394 1.5732e+01 2.1973e+02 
1023.598541 1.4548e+01 2.1726e+02 
1024.080688 1.4374e+01 2.1693e+02 
1024.562836 1.5299e+01 2.1899e+02 
1025.044983 1.6171e+01 2.2086e+02 
1025.527130 1.5360e+01 2.1924e+02 
1026.009277 1.4218e+01 2.1681e+02 
1026.491425 1.5047e+01 2.1868e+02 
1026.973572 1.6315e+01 2.2139e+02 
1027.455719 1.6512e+01 2.2184e+02 
1027.937866 1.8726e+01 2.2616e+02 
1028.420013 2.2986e+01 2.3353e+02 
1028.902161 2.1072e+01 2.3043e+02 
1029.384308 2.3382e+01 2.3427e+02 
1029.866455 2.0510e+01 2.2958e+02 
1030.348602 1.7085e+01 2.2333e+02 
1030.830750 1.7224e+01 2.2366e+02 
1031.312897 1.7179e+01 2.2363e+02 
1031.795044 1.6022e+01 2.2136e+02 
1032.277191 1.5876e+01 2.2112e+02 
1032.759338 1.6764e+01 2.2298e+02 
1033.241486 1.7227e+01 2.2395e+02 
1033.723633 1.5588e+01 2.2069e+02 
1034.205780 1.4816e+01 2.1910e+02 
1034.687927 1.6206e+01 2.2208e+02 
1035.170074 1.7529e+01 2.2477e+02 
1035.652222 1.6728e+01 2.2325e+02 
1036.134369 1.5352e+01 2.2048e+02 
1036.616516 1.5895e+01 2.2167e+02 
1037.098663 1.7869e+01 2.2565e+02 
1037.580811 1.8660e+01 2.2719e+02 
1038.062958 1.7235e+01 2.2454e+02 
1038.545105 1.7409e+01 2.2493e+02 
1039.027252 2.0749e+01 2.3109e+02 
1039.509399 2.3905e+01 2.3631e+02 
1039.991547 1.9529e+01 2.2906e+02 
1040.473694 1.7919e+01 2.2615e+02 
1040.955841 2.0234e+01 2.3042e+02 
1041.437988 1.9916e+01 2.2992e+02 
1041.920135 1.3080e+01 2.1606e+02 
1042.402283 1.0296e+01 2.0892e+02 
1042.884430 1.2264e+01 2.1419e+02 
1043.366577 1.0983e+01 2.1093e+02 
1043.848724 6.8578e+00 1.9790e+02 
1044.330872 8.7332e+00 2.0446e+02 
1044.813019 1.4298e+01 2.1921e+02 
1045.295166 1.3608e+01 2.1770e+02 
1045.777313 1.1154e+01 2.1167e+02 
1046.259460 1.4891e+01 2.2069e+02 
1046.741608 1.8595e+01 2.2816e+02 
1047.223755 1.7450e+01 2.2605e+02 
1047.705902 1.6273e+01 2.2376e+02 
1048.188049 1.8776e+01 2.2867e+02 
1048.670197 2.1917e+01 2.3421e+02 
1049.152344 2.4069e+01 2.3772e+02 
1049.634491 2.0452e+01 2.3184e+02 
1050.116638 2.1538e+01 2.3375e+02 
1050.598785 2.5222e+01 2.3965e+02 
1051.080933 2.3468e+01 2.3701e+02 
1051.563080 2.1975e+01 2.3465e+02 
1052.045227 2.4183e+01 2.3824e+02 
1052.527374 2.2259e+01 2.3524e+02 
1053.009521 1.8821e+01 2.2933e+02 
1053.491669 2.2124e+01 2.3513e+02 
1053.973816 2.3790e+01 2.3786e+02 
1054.455963 1.9874e+01 2.3140e+02 
1054.938110 2.0917e+01 2.3327e+02 
1055.420258 2.5718e+01 2.4097e+02 
1055.902405 2.4494e+01 2.3918e+02 
1056.384552 1.9283e+01 2.3057e+02 
1056.866699 1.8936e+01 2.3000e+02 
1057.348846 2.1489e+01 2.3453e+02 
1057.830994 1.7680e+01 2.2775e+02 
1058.313141 1.8365e+01 2.2911e+02 
1058.795288 2.0313e+01 2.3269e+02 
1059.277435 1.8683e+01 2.2982e+02 
1059.759583 1.9429e+01 2.3124e+02 
1060.241730 2.2308e+01 2.3624e+02 
1060.723877 1.7784e+01 2.2829e+02 
1061.206024 1.4855e+01 2.2237e+02 
1061.688171 1.3855e+01 2.2020e+02 
1062.170319 1.6705e+01 2.2635e+02 
1062.652466 1.7750e+01 2.2846e+02 
1063.134613 1.3068e+01 2.1853e+02 
1063.616760 1.0820e+01 2.1285e+02 
1064.098907 1.0024e+01 2.1067e+02 
1064.581055 1.0322e+01 2.1158e+02 
1065.063202 9.7240e+00 2.0991e+02 
1065.545349 1.6349e+01 2.2603e+02 
1066.027496 3.2262e+01 2.5122e+02 
1066.509644 2.5190e+01 2.4151e+02 
1066.991791 1.1002e+01 2.1374e+02 
1067.473938 1.0357e+01 2.1202e+02 
1067.956085 7.7729e+00 2.0399e+02 
1068.438232 7.4011e+00 2.0273e+02 
1068.920380 1.0193e+01 2.1172e+02 
1069.402527 7.8252e+00 2.0434e+02 
1069.884674 6.1477e+00 1.9806e+02 
1070.366821 1.0359e+01 2.1236e+02 
1070.848969 7.6598e+00 2.0393e+02 
1071.331116 6.7787e+00 2.0074e+02 
1071.813263 1.0909e+01 2.1405e+02 
1072.295410 1.0609e+01 2.1328e+02 
1072.777557 1.0425e+01 2.1282e+02 
1073.259705 1.2328e+01 2.1791e+02 
1073.741852 1.1264e+01 2.1523e+02 
1074.223999 2.2260e+01 2.3783e+02 
1074.706146 2.2807e+01 2.3877e+02 
1075.188293 9.2168e+00 2.0955e+02 
1075.670441 1.0418e+01 2.1314e+02 
1076.152588 1.2184e+01 2.1789e+02 
1076.634735 7.6890e+00 2.0470e+02 
1077.116882 1.0534e+01 2.1363e+02 
1077.599030 9.5892e+00 2.1096e+02 
1078.081177 7.2252e+00 2.0320e+02 
1078.563324 1.1090e+01 2.1533e+02 
1079.045471 7.6983e+00 2.0501e+02 
1079.527618 8.7839e+00 2.0870e+02 
1080.009766 1.0117e+01 2.1279e+02 
1080.491913 7.2871e+00 2.0370e+02 
1080.974060 1.0794e+01 2.1480e+02 
1081.456207 9.5774e+00 2.1137e+02 
1081.938354 8.0014e+00 2.0639e+02 
1082.420502 9.1872e+00 2.1030e+02 
1082.902649 6.5312e+00 2.0109e+02 
1083.384796 8.8156e+00 2.0924e+02 
1083.866943 7.2101e+00 2.0380e+02 
1084.349091 7.7590e+00 2.0583e+02 
1084.831238 8.9803e+00 2.0993e+02 
1085.313385 9.9652e+00 2.1296e+02 
1085.795532 9.7889e+00 2.1250e+02 
1086.277679 6.3581e+00 2.0078e+02 
1086.759827 6.8755e+00 2.0287e+02 
1087.241974 6.4569e+00 2.0129e+02 
1087.724121 6.9456e+00 2.0325e+02 
1088.206268 6.7691e+00 2.0263e+02 
1088.688416 5.7145e+00 1.9834e+02 
1089.170563 5.9528e+00 1.9942e+02 
1089.652710 5.4062e+00 1.9707e+02 
1090.134857 6.0465e+00 1.9993e+02 
1090.617004 1.0101e+01 2.1397e+02 
1091.099152 2.1521e+01 2.3861e+02 
1091.581299 1.5457e+01 2.2725e+02 
1092.063446 6.2079e+00 2.0082e+02 
1092.545593 4.8857e+00 1.9491e+02 
1093.027740 4.6620e+00 1.9384e+02 
1093.509888 4.6415e+00 1.9379e+02 
1093.992035 4.4316e+00 1.9275e+02 
1094.474182 4.5466e+00 1.9341e+02 
1094.956329 4.3383e+00 1.9235e+02 
1095.438477 4.2643e+00 1.9200e+02 
1095.920624 4.0388e+00 1.9080e+02 
1096.402771 4.2240e+00 1.9189e+02 
1096.884918 4.0159e+00 1.9077e+02 
1097.367065 4.1517e+00 1.9159e+02 
1097.849213 4.0937e+00 1.9132e+02 
1098.331360 4.4397e+00 1.9327e+02 
1098.813507 5.3727e+00 1.9794e+02 
1099.295654 1.3997e+01 2.2495e+02 
1099.777802 1.9130e+01 2.3545e+02 
1100.259949 9.1315e+00 2.1218e+02 
1100.742096 8.0253e+00 2.0863e+02 
1101.224243 1.9441e+01 2.3619e+02 
1101.706390 1.9078e+01 2.3558e+02 
1102.188538 7.0492e+00 2.0529e+02 
1102.670685 5.3353e+00 1.9820e+02 
1103.152832 4.0976e+00 1.9193e+02 
1103.634979 4.6148e+00 1.9478e+02 
1104.117126 3.7704e+00 1.9013e+02 
1104.599274 4.9644e+00 1.9665e+02 
1105.081421 4.6658e+00 1.9521e+02 
1105.563568 5.6257e+00 1.9985e+02 
1106.045715 9.8760e+00 2.1510e+02 
1106.527863 2.5905e+01 2.4736e+02 
1107.010010 2.3105e+01 2.4311e+02 
1107.492157 8.4885e+00 2.1096e+02 
1107.974304 4.7520e+00 1.9597e+02 
1108.456451 4.6126e+00 1.9531e+02 
1108.938599 3.9124e+00 1.9150e+02 
1109.420746 3.9136e+00 1.9156e+02 
1109.902893 4.1746e+00 1.9311e+02 
1110.385040 5.4378e+00 1.9954e+02 
1110.867188 1.0969e+01 2.1876e+02 
1111.349335 2.5560e+01 2.4743e+02 
1111.831482 2.1082e+01 2.4033e+02 
1112.313629 7.3066e+00 2.0740e+02 
1112.795776 4.5412e+00 1.9542e+02 
1113.277924 3.9764e+00 1.9236e+02 
1113.760071 4.0026e+00 1.9256e+02 
1114.242218 3.9222e+00 1.9215e+02 
1114.724365 4.1758e+00 1.9365e+02 
1115.206512 3.9132e+00 1.9220e+02 
1115.688660 3.7237e+00 1.9112e+02 
1116.170807 3.6261e+00 1.9057e+02 
1116.652954 4.0236e+00 1.9300e+02 
1117.135101 4.9885e+00 1.9817e+02 
1117.617249 6.5125e+00 2.0496e+02 
1118.099396 5.0681e+00 1.9867e+02 
1118.581543 4.1401e+00 1.9388e+02 
1119.063690 4.3909e+00 1.9532e+02 
1119.545837 4.3125e+00 1.9495e+02 
1120.027985 5.7455e+00 2.0201e+02 
1120.510132 1.6422e+01 2.3267e+02 
1120.992279 3.2842e+01 2.5855e+02 
1121.474426 2.5736e+01 2.4890e+02 
1121.956573 9.0883e+00 2.1455e+02 
1122.438721 4.8889e+00 1.9827e+02 
1122.920868 3.8124e+00 1.9245e+02 
1123.403015 4.0161e+00 1.9371e+02 
1123.885162 4.3114e+00 1.9542e+02 
1124.367310 3.7901e+00 1.9248e+02 
1124.849457 3.2741e+00 1.8924e+02 
1125.331604 3.3677e+00 1.8992e+02 
1125.813751 3.4717e+00 1.9065e+02 
1126.295898 3.2668e+00 1.8935e+02 
1126.778046 3.0375e+00 1.8780e+02 
1127.260193 3.1590e+00 1.8871e+02 
1127.742340 3.0661e+00 1.8811e+02 
1128.224487 2.9921e+00 1.8763e+02 
1128.706635 3.0307e+00 1.8796e+02 
1129.188782 3.2651e+00 1.8965e+02 
1129.670929 3.6507e+00 1.9221e+02 
1130.153076 3.7303e+00 1.9275e+02 
1130.635223 3.3630e+00 1.9046e+02 
1131.117371 3.3685e+00 1.9055e+02 
1131.599518 3.6299e+00 1.9229e+02 
1132.081665 3.7739e+00 1.9323e+02 
1132.563812 3.9856e+00 1.9454e+02 
1133.045959 4.4881e+00 1.9739e+02 
1133.528107 4.9657e+00 1.9989e+02 
1134.010254 5.7620e+00 2.0366e+02 
1134.492401 7.6873e+00 2.1131e+02 
1134.974548 1.6390e+01 2.3431e+02 
1135.456696 3.5329e+01 2.6334e+02 
1135.938843 3.7114e+01 2.6550e+02 
1136.420990 1.9599e+01 2.4065e+02 
1136.903137 1.7949e+01 2.3763e+02 
1137.385284 2.7119e+01 2.5282e+02 
1137.867432 1.7046e+01 2.3598e+02 
1138.349579 6.1077e+00 2.0564e+02 
1138.831726 4.6060e+00 1.9866e+02 
1139.313873 3.8397e+00 1.9442e+02 
1139.796021 4.1260e+00 1.9615e+02 
1140.278168 3.9724e+00 1.9531e+02 
1140.760315 3.9566e+00 1.9527e+02 
1141.242462 4.8067e+00 1.9996e+02 
1141.724609 5.3552e+00 2.0267e+02 
1142.206757 3.7685e+00 1.9431e+02 
1142.688904 3.7432e+00 1.9421e+02 
1143.171051 3.6731e+00 1.9383e+02 
1143.653198 4.1550e+00 1.9674e+02 
1144.135345 3.7097e+00 1.9416e+02 
1144.617493 4.0166e+00 1.9605e+02 
1145.099640 3.8680e+00 1.9523e+02 
1145.581787 4.2634e+00 1.9756e+02 
1146.063934 4.0480e+00 1.9639e+02 
1146.546082 4.5476e+00 1.9920e+02 
1147.028229 4.5179e+00 1.9910e+02 
1147.510376 5.1945e+00 2.0256e+02 
1147.992523 5.0627e+00 2.0198e+02 
1148.474670 6.5610e+00 2.0864e+02 
1148.956818 1.5121e+01 2.3327e+02 
1149.438965 2.6970e+01 2.5405e+02 
1149.921112 1.6694e+01 2.3669e+02 
1150.403259 7.5470e+00 2.1262e+02 
1150.885406 8.8592e+00 2.1714e+02 
1151.367554 1.8107e+01 2.3964e+02 
1151.849701 2.0629e+01 2.4430e+02 
1152.331848 2.3618e+01 2.4932e+02 
1152.813995 1.7220e+01 2.3808e+02 
1153.296143 7.5871e+00 2.1309e+02 
1153.778290 5.7166e+00 2.0567e+02 
1154.260437 5.8097e+00 2.0614e+02 
1154.742584 6.5038e+00 2.0912e+02 
1155.224731 5.3554e+00 2.0418e+02 
1155.706879 4.9862e+00 2.0246e+02 
1156.189026 4.7018e+00 2.0108e+02 
1156.671173 4.7838e+00 2.0155e+02 
1157.153320 4.6125e+00 2.0072e+02 
1157.635468 4.8131e+00 2.0181e+02 
1158.117615 5.1202e+00 2.0339e+02 
1158.599762 5.0985e+00 2.0333e+02 
1159.081909 4.7985e+00 2.0190e+02 
1159.564056 4.6929e+00 2.0141e+02 
1160.046204 4.7471e+00 2.0174e+02 
1160.528351 5.5636e+00 2.0574e+02 
1161.010498 6.2649e+00 2.0885e+02 
1161.492645 5.3016e+00 2.0463e+02 
1161.974792 4.9742e+00 2.0310e+02 
1162.456940 5.0155e+00 2.0336e+02 
1162.939087 5.1434e+00 2.0404e+02 
1163.421234 5.5771e+00 2.0612e+02 
1163.903381 7.4496e+00 2.1379e+02 
1164.385529 1.0582e+01 2.2387e+02 
1164.867676 2.5387e+01 2.5355e+02 
1165.349823 3.4569e+01 2.6601e+02 
1165.831970 2.6292e+01 2.5501e+02 
1166.314117 1.3449e+01 2.3150e+02 
1166.796265 6.1201e+00 2.0889e+02 
1167.278412 4.9809e+00 2.0372e+02 
1167.760559 3.6864e+00 1.9660e+02 
1168.242706 3.7196e+00 1.9686e+02 
1168.724854 4.0796e+00 1.9907e+02 
1169.207001 5.5280e+00 2.0654e+02 
1169.689148 5.4771e+00 2.0636e+02 
1170.171295 5.6230e+00 2.0709e+02 
1170.653442 5.1244e+00 2.0480e+02 
1171.135590 5.9753e+00 2.0875e+02 
1171.617737 6.4230e+00 2.1069e+02 
1172.099884 6.6714e+00 2.1175e+02 
1172.582031 7.9524e+00 2.1658e+02 
1173.064178 1.4166e+01 2.3396e+02 
1173.546326 2.8188e+01 2.5866e+02 
1174.028473 3.8833e+01 2.7204e+02 
1174.510620 4.1840e+01 2.7540e+02 
1174.992767 3.2283e+01 2.6431e+02 
1175.474915 1.7476e+01 2.4125e+02 
1175.957062 1.1011e+01 2.2640e+02 
1176.439209 9.6979e+00 2.2268e+02 
1176.921356 8.2323e+00 2.1804e+02 
1177.403503 6.1065e+00 2.1002e+02 
1177.885651 5.8811e+00 2.0910e+02 
1178.367798 7.3669e+00 2.1513e+02 
1178.849945 7.9847e+00 2.1740e+02 
1179.332092 5.2889e+00 2.0656e+02 
1179.814240 5.1719e+00 2.0605e+02 
1180.296387 7.1979e+00 2.1471e+02 
1180.778534 1.1130e+01 2.2728e+02 
1181.260681 7.8517e+00 2.1721e+02 
1181.742828 5.2171e+00 2.0648e+02 
1182.224976 4.7363e+00 2.0414e+02 
1182.707123 4.9117e+00 2.0509e+02 
1183.189270 4.7898e+00 2.0452e+02 
1183.671417 6.2855e+00 2.1148e+02 
1184.153564 7.6858e+00 2.1695e+02 
1184.635712 6.8739e+00 2.1396e+02 
1185.117859 7.6316e+00 2.1686e+02 
1185.600006 1.0985e+01 2.2744e+02 
1186.082153 1.6787e+01 2.4112e+02 
1186.564301 3.0985e+01 2.6401e+02 
1187.046448 3.8858e+01 2.7363e+02 
1187.528595 2.8254e+01 2.6042e+02 
1188.010742 1.4211e+01 2.3581e+02 
1188.492889 8.5194e+00 2.2032e+02 
1188.975037 6.4424e+00 2.1272e+02 
1189.457184 5.6210e+00 2.0923e+02 
1189.939331 5.7233e+00 2.0974e+02 
1190.421478 7.1055e+00 2.1551e+02 
1190.903625 9.4109e+00 2.2346e+02 
1191.385773 1.0234e+01 2.2598e+02 
1191.867920 6.1477e+00 2.1181e+02 
1192.350067 5.3348e+00 2.0822e+02 
1192.832214 5.6573e+00 2.0977e+02 
1193.314362 8.0910e+00 2.1941e+02 
1193.796509 6.8398e+00 2.1486e+02 
1194.278656 4.0275e+00 2.0156e+02 
1194.760803 4.0088e+00 2.0151e+02 
1195.242950 5.0197e+00 2.0701e+02 
1195.725098 5.4399e+00 2.0909e+02 
1196.207245 6.6258e+00 2.1428e+02 
1196.689392 6.4625e+00 2.1367e+02 
1197.171539 9.7557e+00 2.2523e+02 
1197.653687 2.2305e+01 2.5257e+02 
1198.135834 3.4647e+01 2.7003e+02 
1198.617981 2.5301e+01 2.5743e+02 
1199.100128 1.1491e+01 2.3037e+02 
1199.582275 6.3068e+00 2.1335e+02 
1200.064423 4.7062e+00 2.0595e+02 
1200.546570 3.9450e+00 2.0176e+02 
1201.028717 4.5349e+00 2.0515e+02 
1201.510864 4.3733e+00 2.0432e+02 
1201.993011 3.8712e+00 2.0147e+02 
1202.475159 3.6118e+00 1.9991e+02 
1202.957306 3.7994e+00 2.0114e+02 
1203.439453 3.5703e+00 1.9975e+02 
1203.921600 3.5333e+00 1.9956e+02 
1204.403748 3.0295e+00 1.9614e+02 
1204.885895 3.8834e+00 2.0186e+02 
1205.368042 4.8895e+00 2.0748e+02 
1205.850189 1.0361e+01 2.2801e+02 
1206.332336 1.0932e+01 2.2968e+02 
1206.814484 5.5906e+00 2.1102e+02 
1207.296631 4.5022e+00 2.0566e+02 
1207.778778 4.2974e+00 2.0459e+02 
1208.260925 5.1896e+00 2.0929e+02 
1208.743073 7.6008e+00 2.1942e+02 
1209.225220 7.5345e+00 2.1923e+02 
1209.707367 7.6822e+00 2.1982e+02 
1210.189514 1.0059e+01 2.2762e+02 
1210.671661 1.8617e+01 2.4759e+02 
1211.153809 3.1306e+01 2.6737e+02 
1211.635956 3.5420e+01 2.7258e+02 
1212.118103 3.7835e+01 2.7547e+02 
1212.600250 3.3259e+01 2.7004e+02 
1213.082397 2.0178e+01 2.5073e+02 
1213.564545 1.0523e+01 2.2936e+02 
1214.046692 6.9213e+00 2.1745e+02 
1214.528839 9.0128e+00 2.2489e+02 
1215.010986 1.2749e+01 2.3545e+02 
1215.493134 1.0882e+01 2.3059e+02 
1215.975281 8.6232e+00 2.2379e+02 
1216.457428 7.6034e+00 2.2030e+02 
1216.939575 6.2850e+00 2.1520e+02 
1217.421722 9.1460e+00 2.2565e+02 
1217.903870 1.9040e+01 2.4923e+02 
1218.386017 3.1628e+01 2.6865e+02 
1218.868164 2.7134e+01 2.6255e+02 
1219.350311 1.5018e+01 2.4126e+02 
1219.832458 1.1565e+01 2.3296e+02 
1220.314606 1.2821e+01 2.3624e+02 
1220.796753 1.5672e+01 2.4286e+02 
1221.278900 1.4541e+01 2.4042e+02 
1221.761047 1.2602e+01 2.3586e+02 
1222.243195 1.2536e+01 2.3575e+02 
1222.725342 1.2216e+01 2.3499e+02 
1223.207489 1.0588e+01 2.3065e+02 
1223.689636 1.1688e+01 2.3373e+02 
1224.171783 1.8642e+01 2.4922e+02 
1224.653931 3.0437e+01 2.6783e+02 
1225.136078 3.7859e+01 2.7706e+02 
1225.618225 3.2906e+01 2.7115e+02 
1226.100372 2.2479e+01 2.5622e+02 
1226.582520 1.3818e+01 2.3937e+02 
1227.064667 1.0367e+01 2.3045e+02 
1227.546814 6.0971e+00 2.1558e+02 
1228.028961 5.1308e+00 2.1119e+02 
1228.511108 7.0591e+00 2.1961e+02 
1228.993256 1.2260e+01 2.3583e+02 
1229.475403 1.3537e+01 2.3904e+02 
1229.957550 1.2073e+01 2.3546e+02 
1230.439697 8.4994e+00 2.2501e+02 
1230.921844 4.2089e+00 2.0662e+02 
1231.403992 3.2478e+00 2.0061e+02 
1231.886139 3.5575e+00 2.0275e+02 
1232.368286 4.2858e+00 2.0721e+02 
1232.850433 6.2812e+00 2.1695e+02 
1233.332581 7.5463e+00 2.2199e+02 
1233.814728 5.8486e+00 2.1519e+02 
1234.296875 3.4494e+00 2.0230e+02 
1234.779022 4.0611e+00 2.0618e+02 
1235.261169 4.5426e+00 2.0895e+02 
1235.743317 1.1191e+01 2.3377e+02 
1236.225464 1.6526e+01 2.4645e+02 
1236.707611 1.8239e+01 2.4992e+02 
1237.189758 2.0485e+01 2.5411e+02 
1237.671906 1.3861e+01 2.4076e+02 
1238.154053 9.6853e+00 2.2969e+02 
1238.636200 1.4037e+01 2.4128e+02 
1239.118347 1.9790e+01 2.5309e+02 
1239.600494 1.7563e+01 2.4894e+02 
1240.082642 1.4250e+01 2.4194e+02 
1240.564789 1.4166e+01 2.4180e+02 
1241.046936 1.4320e+01 2.4221e+02 
1241.529083 1.2889e+01 2.3886e+02 
1242.011230 1.5013e+01 2.4389e+02 
1242.493378 2.0065e+01 2.5399e+02 
1242.975525 2.6340e+01 2.6425e+02 
1243.457672 3.0296e+01 2.6988e+02 
1243.939819 3.5193e+01 2.7617e+02 
1244.421967 3.5124e+01 2.7614e+02 
1244.904114 2.9212e+01 2.6857e+02 
1245.386261 2.2801e+01 2.5902e+02 
1245.868408 1.7640e+01 2.4982e+02 
1246.350555 1.6757e+01 2.4810e+02 
1246.832703 1.3751e+01 2.4156e+02 
1247.314850 1.3791e+01 2.4171e+02 
1247.796997 2.0812e+01 2.5593e+02 
1248.279144 1.9230e+01 2.5314e+02 
1248.761292 1.5954e+01 2.4671e+02 
1249.243439 1.6206e+01 2.4730e+02 
1249.725586 1.7768e+01 2.5052e+02 
1250.207733 1.4067e+01 2.4269e+02 
1250.689880 1.3590e+01 2.4162e+02 
1251.172028 1.9090e+01 2.5322e+02 
1251.654175 1.9730e+01 2.5446e+02 
1252.136322 2.0305e+01 2.5555e+02 
1252.618469 2.0604e+01 2.5614e+02 
1253.100616 2.0252e+01 2.5557e+02 
1253.582764 2.7822e+01 2.6766e+02 
1254.064911 2.4996e+01 2.6353e+02 
1254.547058 2.3970e+01 2.6199e+02 
1255.029205 2.2613e+01 2.5985e+02 
1255.511353 1.7914e+01 2.5148e+02 
1255.993500 1.6690e+01 2.4909e+02 
1256.475647 2.1983e+01 2.5897e+02 
1256.957794 2.3002e+01 2.6071e+02 
1257.439941 2.1869e+01 2.5889e+02 
1257.922089 2.1899e+01 2.5899e+02 
1258.404236 2.9815e+01 2.7100e+02 
1258.886383 3.2478e+01 2.7457e+02 
1259.368530 3.3420e+01 2.7582e+02 
1259.850677 3.5232e+01 2.7811e+02 
1260.332825 3.6326e+01 2.7948e+02 
1260.814972 3.5160e+01 2.7814e+02 
1261.297119 3.2391e+01 2.7475e+02 
1261.779266 3.0895e+01 2.7285e+02 
1262.261414 2.7945e+01 2.6886e+02 
1262.743561 2.5961e+01 2.6602e+02 
1263.225708 2.8274e+01 2.6944e+02 
1263.707855 2.9343e+01 2.7099e+02 
1264.190002 2.7783e+01 2.6886e+02 
1264.672150 2.7557e+01 2.6859e+02 
1265.154297 3.2416e+01 2.7524e+02 
1265.636444 3.4092e+01 2.7741e+02 
1266.118591 3.4271e+01 2.7769e+02 
1266.600739 3.2217e+01 2.7515e+02 
1267.082886 2.9944e+01 2.7221e+02 
1267.565033 3.2075e+01 2.7509e+02 
1268.047180 3.4811e+01 2.7858e+02 
1268.529327 3.4597e+01 2.7837e+02 
1269.011475 3.4183e+01 2.7792e+02 
1269.493622 3.4407e+01 2.7825e+02 
1269.975769 3.5083e+01 2.7914e+02 
1270.457916 3.4248e+01 2.7817e+02 
1270.940063 3.4315e+01 2.7831e+02 
1271.422211 3.4987e+01 2.7919e+02 
1271.904358 3.5254e+01 2.7958e+02 
1272.386505 3.4289e+01 2.7845e+02 
1272.868652 3.2836e+01 2.7669e+02 
1273.350800 3.1542e+01 2.7508e+02 
1273.832947 2.8640e+01 2.7121e+02 
1274.315094 2.5858e+01 2.6724e+02 
1274.797241 2.8465e+01 2.7108e+02 
1275.279388 2.9012e+01 2.7190e+02 
1275.761536 2.5669e+01 2.6712e+02 
1276.243683 2.5006e+01 2.6616e+02 
1276.725830 2.8418e+01 2.7124e+02 
1277.207977 2.8558e+01 2.7150e+02 
1277.690125 2.6337e+01 2.6835e+02 
1278.172272 2.2683e+01 2.6269e+02 
1278.654419 2.2110e+01 2.6179e+02 
1279.136566 2.3430e+01 2.6402e+02 
1279.618713 2.7876e+01 2.7082e+02 
1280.100861 3.1751e+01 2.7616e+02 
1280.583008 3.0167e+01 2.7411e+02 
1281.065155 2.8805e+01 2.7230e+02 
1281.547302 2.7814e+01 2.7096e+02 
1282.029449 2.4430e+01 2.6595e+02 
1282.511597 2.5990e+01 2.6840e+02 
1282.993744 2.8793e+01 2.7251e+02 
1283.475891 2.9389e+01 2.7340e+02 
1283.958038 2.9680e+01 2.7385e+02 
1284.440186 2.9055e+01 2.7305e+02 
1284.922333 2.3000e+01 2.6400e+02 
1285.404480 2.0644e+01 2.6005e+02 
1285.886627 2.5382e+01 2.6788e+02 
1286.368774 2.8368e+01 2.7232e+02 
1286.850922 3.0378e+01 2.7514e+02 
1287.333069 3.2909e+01 2.7851e+02 
1287.815216 3.3059e+01 2.7875e+02 
1288.297363 3.3085e+01 2.7884e+02 
1288.779510 3.1826e+01 2.7728e+02 
1289.261658 2.8384e+01 2.7268e+02 
1289.743805 2.6964e+01 2.7070e+02 
1290.225952 2.9624e+01 2.7452e+02 
1290.708099 2.9023e+01 2.7375e+02 
1291.190247 2.5729e+01 2.6903e+02 
1291.672394 2.3932e+01 2.6630e+02 
1292.154541 2.5338e+01 2.6855e+02 
1292.636688 2.8307e+01 2.7297e+02 
1293.118835 2.7943e+01 2.7251e+02 
1293.600983 2.6588e+01 2.7060e+02 
1294.083130 2.7225e+01 2.7159e+02 
1294.565277 2.8269e+01 2.7315e+02 
1295.047424 2.8796e+01 2.7394e+02 
1295.529572 2.8456e+01 2.7352e+02 
1296.011719 2.8688e+01 2.7391e+02 
1296.493866 3.1663e+01 2.7799e+02 
1296.976013 3.1975e+01 2.7845e+02 
1297.458160 3.0796e+01 2.7696e+02 
1297.940308 2.8928e+01 2.7447e+02 
1298.422455 2.6545e+01 2.7111e+02 
1298.904602 2.5059e+01 2.6892e+02 
1299.386749 2.7288e+01 2.7231e+02 
1299.868896 2.9689e+01 2.7575e+02 
1300.351044 2.7697e+01 2.7301e+02 
1300.833191 2.6893e+01 2.7190e+02 
1301.315338 2.8885e+01 2.7481e+02 
1301.797485 3.0095e+01 2.7653e+02 
1302.279633 2.9377e+01 2.7561e+02 
1302.761780 3.0018e+01 2.7654e+02 
1303.243927 3.0601e+01 2.7738e+02 
1303.726074 3.0843e+01 2.7776e+02 
1304.208221 3.0516e+01 2.7738e+02 
1304.690369 3.0828e+01 2.7786e+02 
1305.172516 3.0837e+01 2.7793e+02 
1305.654663 3.1242e+01 2.7852e+02 
1306.136810 3.0891e+01 2.7811e+02 
1306.618958 3.0018e+01 2.7700e+02 
1307.101105 2.8689e+01 2.7522e+02 
1307.583252 2.9695e+01 2.7667e+02 
1308.065399 3.1302e+01 2.7889e+02 
1308.547546 3.0533e+01 2.7792e+02 
1309.029694 2.8139e+01 2.7467e+02 
1309.511841 2.6895e+01 2.7293e+02 
1309.993988 2.6426e+01 2.7229e+02 
1310.476135 2.6329e+01 2.7221e+02 
1310.958282 2.6736e+01 2.7287e+02 
1311.440430 2.8612e+01 2.7563e+02 
1311.922577 3.0135e+01 2.7778e+02 
1312.404724 3.1302e+01 2.7940e+02 
1312.886871 3.1261e+01 2.7940e+02 
1313.369019 3.1331e+01 2.7955e+02 
1313.851166 3.0884e+01 2.7902e+02 
1314.333313 3.0539e+01 2.7861e+02 
1314.815460 3.0456e+01 2.7856e+02 
1315.297607 2.9584e+01 2.7743e+02 
1315.779755 2.9358e+01 2.7718e+02 
1316.261902 3.0106e+01 2.7826e+02 
1316.744049 3.0840e+01 2.7930e+02 
1317.226196 3.0928e+01 2.7948e+02 
1317.708344 3.0254e+01 2.7863e+02 
1318.190491 3.0427e+01 2.7892e+02 
1318.672638 3.0968e+01 2.7970e+02 
1319.154785 3.1129e+01 2.7997e+02 
1319.636932 3.0825e+01 2.7962e+02 
1320.119080 3.0802e+01 2.7965e+02 
1320.601227 3.0198e+01 2.7890e+02 
1321.083374 2.9283e+01 2.7770e+02 
1321.565521 2.8021e+01 2.7598e+02 
1322.047668 2.7864e+01 2.7582e+02 
1322.529816 2.6889e+01 2.7446e+02 
1323.011963 2.7920e+01 2.7601e+02 
1323.494110 2.8119e+01 2.7635e+02 
1323.976257 2.6153e+01 2.7353e+02 
1324.458405 2.4566e+01 2.7116e+02 
1324.940552 2.1980e+01 2.6699e+02 
1325.422699 2.0830e+01 2.6505e+02 
1325.904846 2.3666e+01 2.6989e+02 
1326.386993 2.3931e+01 2.7038e+02 
1326.869141 2.5353e+01 2.7266e+02 
1327.351288 2.7976e+01 2.7660e+02 
1327.833435 2.7599e+01 2.7612e+02 
1328.315582 2.3831e+01 2.7044e+02 
1328.797729 2.1761e+01 2.6707e+02 
1329.279877 2.5337e+01 2.7292e+02 
1329.762024 2.8215e+01 2.7723e+02 
1330.244171 2.6397e+01 2.7464e+02 
1330.726318 2.1402e+01 2.6667e+02 
1331.208466 1.9572e+01 2.6345e+02 
1331.690613 2.2611e+01 2.6884e+02 
1332.172760 2.6959e+01 2.7569e+02 
1332.654907 2.7545e+01 2.7661e+02 
1333.137054 2.6339e+01 2.7489e+02 
1333.619202 2.5870e+01 2.7424e+02 
1334.101349 2.5618e+01 2.7391e+02 
1334.583496 2.5589e+01 2.7393e+02 
1335.065643 2.6285e+01 2.7504e+02 
1335.547791 2.7738e+01 2.7723e+02 
1336.029938 2.8570e+01 2.7847e+02 
1336.512085 2.9358e+01 2.7963e+02 
1336.994232 2.9220e+01 2.7949e+02 
1337.476379 2.8840e+01 2.7902e+02 
1337.958527 2.9141e+01 2.7950e+02 
1338.440674 2.9500e+01 2.8005e+02 
1338.922821 2.9517e+01 2.8013e+02 
1339.404968 2.9478e+01 2.8013e+02 
1339.887115 2.9445e+01 2.8015e+02 
1340.369263 2.9436e+01 2.8019e+02 
1340.851410 2.9124e+01 2.7981e+02 
1341.333557 2.8502e+01 2.7900e+02 
1341.815704 2.7895e+01 2.7819e+02 
1342.297852 2.7446e+01 2.7760e+02 
1342.779999 2.7096e+01 2.7714e+02 
1343.262146 2.6299e+01 2.7602e+02 
1343.744293 2.5994e+01 2.7562e+02 
1344.226440 2.5814e+01 2.7540e+02 
1344.708588 2.5017e+01 2.7424e+02 
1345.190735 2.4371e+01 2.7328e+02 
1345.672882 2.4878e+01 2.7413e+02 
1346.155029 2.5671e+01 2.7541e+02 
1346.637177 2.6062e+01 2.7606e+02 
1347.119324 2.6257e+01 2.7641e+02 
1347.601471 2.5879e+01 2.7590e+02 
1348.083618 2.6179e+01 2.7641e+02 
1348.565765 2.6927e+01 2.7758e+02 
1349.047913 2.8033e+01 2.7924e+02 
1349.530060 2.8126e+01 2.7943e+02 
1350.012207 2.7219e+01 2.7818e+02 
1350.494354 2.6229e+01 2.7676e+02 
1350.976501 2.5841e+01 2.7624e+02 
1351.458649 2.5676e+01 2.7604e+02 
1351.940796 2.5461e+01 2.7577e+02 
1352.422943 2.5323e+01 2.7561e+02 
1352.905090 2.5366e+01 2.7574e+02 
1353.387238 2.5446e+01 2.7591e+02 
1353.869385 2.6027e+01 2.7686e+02 
1354.351532 2.7172e+01 2.7862e+02 
1354.833679 2.7889e+01 2.7971e+02 
1355.315826 2.7356e+01 2.7900e+02 
1355.797974 2.6519e+01 2.7782e+02 
1356.280121 2.5939e+01 2.7701e+02 
1356.762268 2.5798e+01 2.7685e+02 
1357.244415 2.5582e+01 2.7658e+02 
1357.726563 2.6040e+01 2.7733e+02 
1358.208710 2.6624e+01 2.7826e+02 
1358.690857 2.6415e+01 2.7801e+02 
1359.173004 2.6221e+01 2.7777e+02 
1359.655151 2.6205e+01 2.7780e+02 
1360.137299 2.6646e+01 2.7852e+02 
1360.619446 2.7294e+01 2.7953e+02 
1361.101593 2.7614e+01 2.8005e+02 
1361.583740 2.7442e+01 2.7986e+02 
1362.065887 2.7400e+01 2.7986e+02 
1362.548035 2.7559e+01 2.8014e+02 
1363.030182 2.7596e+01 2.8025e+02 
1363.512329 2.7453e+01 2.8010e+02 
1363.994476 2.7037e+01 2.7955e+02 
1364.476624 2.6471e+01 2.7877e+02 
1364.958771 2.6006e+01 2.7813e+02 
1365.440918 2.5749e+01 2.7779e+02 
1365.923065 2.5598e+01 2.7762e+02 
1366.405212 2.5434e+01 2.7742e+02 
1366.887360 2.5415e+01 2.7745e+02 
1367.369507 2.5712e+01 2.7796e+02 
1367.851654 2.6258e+01 2.7885e+02 
1368.333801 2.6864e+01 2.7981e+02 
1368.815948 2.6917e+01 2.7994e+02 
1369.298096 2.6492e+01 2.7937e+02 
1369.780243 2.6087e+01 2.7881e+02 
1370.262390 2.5635e+01 2.7818e+02 
1370.744537 2.5547e+01 2.7810e+02 
1371.226685 2.5660e+01 2.7834e+02 
1371.708832 2.5823e+01 2.7864e+02 
1372.190979 2.6293e+01 2.7941e+02 
1372.673126 2.6407e+01 2.7963e+02 
1373.155273 2.6567e+01 2.7993e+02 
1373.637421 2.6700e+01 2.8018e+02 
1374.119568 2.6672e+01 2.8020e+02 
1374.601715 2.6595e+01 2.8014e+02 
1375.083862 2.6605e+01 2.8021e+02 
1375.566010 2.6378e+01 2.7993e+02 
1376.048157 2.5959e+01 2.7936e+02 
1376.530304 2.5491e+01 2.7870e+02 
1377.012451 2.5240e+01 2.7837e+02 
1377.494598 2.5367e+01 2.7862e+02 
1377.976746 2.5875e+01 2.7945e+02 
1378.458893 2.5738e+01 2.7930e+02 
1378.941040 2.5341e+01 2.7875e+02 
1379.423187 2.5615e+01 2.7922e+02 
1379.905334 2.5697e+01 2.7941e+02 
1380.387482 2.5037e+01 2.7845e+02 
1380.869629 2.4378e+01 2.7746e+02 
1381.351776 2.4250e+01 2.7732e+02 
1381.833923 2.4678e+01 2.7805e+02 
1382.316071 2.4603e+01 2.7799e+02 
1382.798218 2.4351e+01 2.7765e+02 
1383.280365 2.4572e+01 2.7805e+02 
1383.762512 2.4490e+01 2.7798e+02 
1384.244659 2.4351e+01 2.7782e+02 
1384.726807 2.4476e+01 2.7807e+02 
1385.208954 2.4740e+01 2.7854e+02 
1385.691101 2.5124e+01 2.7920e+02 
1386.173248 2.5502e+01 2.7984e+02 
1386.655396 2.5675e+01 2.8016e+02 
1387.137543 2.5658e+01 2.8019e+02 
1387.619690 2.5657e+01 2.8025e+02 
1388.101837 2.5492e+01 2.8005e+02 
1388.583984 2.5217e+01 2.7968e+02 
1389.066132 2.4835e+01 2.7914e+02 
1389.548279 2.4657e+01 2.7892e+02 
1390.030426 2.4714e+01 2.7907e+02 
1390.512573 2.4935e+01 2.7947e+02 
1390.994720 2.4878e+01 2.7944e+02 
1391.476868 2.4525e+01 2.7894e+02 
1391.959015 2.4417e+01 2.7882e+02 
1392.441162 2.4550e+01 2.7909e+02 
1392.923309 2.4712e+01 2.7940e+02 
1393.405457 2.4946e+01 2.7982e+02 
1393.887604 2.5093e+01 2.8011e+02 
1394.369751 2.5158e+01 2.8027e+02 
1394.851898 2.5090e+01 2.8022e+02 
1395.334045 2.5051e+01 2.8021e+02 
1395.816193 2.5007e+01 2.8020e+02 
1396.298340 2.4870e+01 2.8004e+02 
1396.780487 2.4665e+01 2.7978e+02 
1397.262634 2.4697e+01 2.7988e+02 
1397.744781 2.4791e+01 2.8009e+02 
1398.226929 2.4770e+01 2.8011e+02 
1398.709076 2.4770e+01 2.8017e+02 
1399.191223 2.4801e+01 2.8027e+02 
1399.673370 2.4695e+01 2.8016e+02 
1400.155518 2.4518e+01 2.7994e+02 
1400.637665 2.4258e+01 2.7958e+02 
1401.119812 2.3996e+01 2.7922e+02 
1401.601959 2.3754e+01 2.7888e+02 
1402.084106 2.3649e+01 2.7877e+02 
1402.566254 2.3613e+01 2.7876e+02 
1403.048401 2.3754e+01 2.7905e+02 
1403.530548 2.3949e+01 2.7942e+02 
1404.012695 2.4115e+01 2.7975e+02 
1404.494843 2.4276e+01 2.8006e+02 
1404.976990 2.4357e+01 2.8024e+02 
1405.459137 2.4213e+01 2.8007e+02 
1405.941284 2.3932e+01 2.7967e+02 
1406.423431 2.3561e+01 2.7913e+02 
1406.905579 2.3298e+01 2.7875e+02 
1407.387726 2.3065e+01 2.7842e+02 
1407.869873 2.2933e+01 2.7826e+02 
1408.352020 2.2992e+01 2.7842e+02 
1408.834167 2.2937e+01 2.7838e+02 
1409.316315 2.2994e+01 2.7853e+02 
1409.798462 2.3466e+01 2.7937e+02 
1410.280609 2.3303e+01 2.7916e+02 
1410.762756 2.2986e+01 2.7869e+02 
1411.244904 2.3323e+01 2.7930e+02 
1411.727051 2.3683e+01 2.7995e+02 
1412.209198 2.3405e+01 2.7955e+02 
1412.691345 2.2875e+01 2.7873e+02 
1413.173492 2.2619e+01 2.7835e+02 
1413.655640 2.2633e+01 2.7843e+02 
1414.137787 2.2757e+01 2.7869e+02 
1414.619934 2.2982e+01 2.7913e+02 
1415.102081 2.3079e+01 2.7934e+02 
1415.584229 2.3192e+01 2.7959e+02 
1416.066376 2.3379e+01 2.7995e+02 
1416.548523 2.3350e+01 2.7996e+02 
1417.030670 2.3377e+01 2.8006e+02 
1417.512817 2.3435e+01 2.8021e+02 
1417.994965 2.3364e+01 2.8015e+02 
1418.477112 2.3366e+01 2.8021e+02 
1418.959259 2.3365e+01 2.8026e+02 
1419.441406 2.3348e+01 2.8029e+02 
1419.923553 2.3282e+01 2.8024e+02 
1420.405701 2.3191e+01 2.8015e+02 
1420.887848 2.3049e+01 2.7997e+02 
1421.369995 2.2926e+01 2.7982e+02 
1421.852142 2.2796e+01 2.7966e+02 
1422.334290 2.2758e+01 2.7965e+02 
1422.816437 2.2815e+01 2.7980e+02 
1423.298584 2.2959e+01 2.8010e+02 
1423.780731 2.3012e+01 2.8024e+02 
1424.262878 2.2945e+01 2.8019e+02 
1424.745026 2.2714e+01 2.7985e+02 
1425.227173 2.2457e+01 2.7948e+02 
1425.709320 2.2270e+01 2.7922e+02 
1426.191467 2.2197e+01 2.7915e+02 
1426.673615 2.2122e+01 2.7907e+02 
1427.155762 2.2090e+01 2.7907e+02 
1427.637909 2.2175e+01 2.7928e+02 
1428.120056 2.2424e+01 2.7976e+02 
1428.602203 2.2459e+01 2.7987e+02 
1429.084351 2.2475e+01 2.7995e+02 
1429.566498 2.2566e+01 2.8016e+02 
1430.048645 2.2583e+01 2.8025e+02 
1430.530792 2.2448e+01 2.8008e+02 
1431.012939 2.2269e+01 2.7983e+02 
1431.495087 2.2180e+01 2.7973e+02 
1431.977234 2.2203e+01 2.7983e+02 
1432.459381 2.2091e+01 2.7969e+02 
1432.941528 2.2168e+01 2.7988e+02 
1433.423676 2.2225e+01 2.8003e+02 
1433.905823 2.2088e+01 2.7985e+02 
1434.387970 2.2007e+01 2.7977e+02 
1434.870117 2.2056e+01 2.7991e+02 
1435.352264 2.2131e+01 2.8009e+02 
1435.834412 2.2181e+01 2.8024e+02 
1436.316559 2.2166e+01 2.8027e+02 
1436.798706 2.2148e+01 2.8029e+02 
1437.280853 2.2091e+01 2.8025e+02 
1437.763000 2.2010e+01 2.8017e+02 
1438.245148 2.1879e+01 2.8000e+02 
1438.727295 2.1745e+01 2.7982e+02 
1439.209442 2.1593e+01 2.7961e+02 
1439.691589 2.1467e+01 2.7944e+02 
1440.173737 2.1346e+01 2.7929e+02 
1440.655884 2.1272e+01 2.7921e+02 
1441.138031 2.1233e+01 2.7920e+02 
1441.620178 2.1153e+01 2.7911e+02 
1442.102325 2.1002e+01 2.7890e+02 
1442.584473 2.1016e+01 2.7898e+02 
1443.066620 2.0970e+01 2.7895e+02 
1443.548767 2.0881e+01 2.7885e+02 
1444.030914 2.0852e+01 2.7885e+02 
1444.513062 2.0928e+01 2.7905e+02 
1444.995209 2.1088e+01 2.7939e+02 
1445.477356 2.1100e+01 2.7946e+02 
1445.959503 2.1132e+01 2.7958e+02 
1446.441650 2.1295e+01 2.7992e+02 
1446.923798 2.1312e+01 2.8001e+02 
1447.405945 2.1368e+01 2.8016e+02 
1447.888092 2.1385e+01 2.8025e+02 
1448.370239 2.1327e+01 2.8020e+02 
1448.852386 2.1169e+01 2.7998e+02 
1449.334534 2.1023e+01 2.7977e+02 
1449.816681 2.0888e+01 2.7959e+02 
1450.298828 2.0864e+01 2.7960e+02 
1450.780975 2.0846e+01 2.7962e+02 
1451.263123 2.0879e+01 2.7974e+02 
1451.745270 2.1003e+01 2.8001e+02 
1452.227417 2.1030e+01 2.8012e+02 
1452.709564 2.0878e+01 2.7990e+02 
1453.191711 2.0822e+01 2.7986e+02 
1453.673859 2.0820e+01 2.7991e+02 
1454.156006 2.0873e+01 2.8006e+02 
1454.638153 2.0911e+01 2.8018e+02 
1455.120300 2.0920e+01 2.8026e+02 
1455.602448 2.0888e+01 2.8025e+02 
1456.084595 2.0870e+01 2.8028e+02 
1456.566742 2.0840e+01 2.8028e+02 
1457.048889 2.0817e+01 2.8029e+02 
1457.531036 2.0775e+01 2.8027e+02 
1458.013184 2.0752e+01 2.8029e+02 
1458.495331 2.0712e+01 2.8027e+02 
1458.977478 2.0687e+01 2.8028e+02 
1459.459625 2.0631e+01 2.8024e+02 
1459.941772 2.0546e+01 2.8014e+02 
1460.423920 2.0438e+01 2.8000e+02 
1460.906067 2.0367e+01 2.7992e+02 
1461.388214 2.0287e+01 2.7983e+02 
1461.870361 2.0249e+01 2.7982e+02 
1462.352509 2.0223e+01 2.7982e+02 
1462.834656 2.0232e+01 2.7989e+02 
1463.316803 2.0247e+01 2.7998e+02 
1463.798950 2.0294e+01 2.8012e+02 
1464.281097 2.0318e+01 2.8022e+02 
1464.763245 2.0324e+01 2.8029e+02 
1465.245392 2.0278e+01 2.8026e+02 
1465.727539 2.0211e+01 2.8019e+02 
1466.209686 2.0111e+01 2.8006e+02 
1466.691833 2.0037e+01 2.7998e+02 
1467.173981 1.9964e+01 2.7990e+02 
1467.656128 1.9924e+01 2.7988e+02 
1468.138275 1.9838e+01 2.7977e+02 
1468.620422 1.9795e+01 2.7975e+02 
1469.102570 1.9787e+01 2.7979e+02 
1469.584717 1.9809e+01 2.7989e+02 
1470.066864 1.9825e+01 2.7997e+02 
1470.549011 1.9857e+01 2.8009e+02 
1471.031158 1.9876e+01 2.8018e+02 
1471.513306 1.9897e+01 2.8027e+02 
1471.995453 1.9870e+01 2.8028e+02 
1472.477600 1.9844e+01 2.8028e+02 
1472.959747 1.9804e+01 2.8026e+02 
1473.441895 1.9787e+01 2.8029e+02 
1473.924042 1.9740e+01 2.8026e+02 
1474.406189 1.9684e+01 2.8021e+02 
1474.888336 1.9610e+01 2.8012e+02 
1475.370483 1.9598e+01 2.8015e+02 
1475.852631 1.9608e+01 2.8023e+02 
1476.334778 1.9605e+01 2.8028e+02 
1476.816925 1.9523e+01 2.8018e+02 
1477.299072 1.9412e+01 2.8002e+02 
1477.781219 1.9290e+01 2.7985e+02 
1478.263367 1.9201e+01 2.7973e+02 
1478.745514 1.9110e+01 2.7961e+02 
1479.227661 1.9064e+01 2.7958e+02 
1479.709808 1.9041e+01 2.7959e+02 
1480.191956 1.9095e+01 2.7975e+02 
1480.674103 1.9176e+01 2.7996e+02 
1481.156250 1.9261e+01 2.8018e+02 
1481.638397 1.9192e+01 2.8010e+02 
1482.120544 1.9043e+01 2.7987e+02 
1482.602692 1.8902e+01 2.7965e+02 
1483.084839 1.8829e+01 2.7957e+02 
1483.566986 1.8800e+01 2.7956e+02 
1484.049133 1.8816e+01 2.7965e+02 
1484.531281 1.8806e+01 2.7969e+02 
1485.013428 1.8832e+01 2.7979e+02 
1485.495575 1.8855e+01 2.7989e+02 
1485.977722 1.8933e+01 2.8010e+02 
1486.459869 1.8949e+01 2.8019e+02 
1486.942017 1.8953e+01 2.8025e+02 
1487.424164 1.8932e+01 2.8026e+02 
1487.906311 1.8883e+01 2.8022e+02 
1488.388458 1.8824e+01 2.8016e+02 
1488.870605 1.8829e+01 2.8023e+02 
1489.352753 1.8820e+01 2.8027e+02 
1489.834900 1.8801e+01 2.8028e+02 
1490.317047 1.8765e+01 2.8027e+02 
1490.799194 1.8744e+01 2.8028e+02 
1491.281342 1.8685e+01 2.8022e+02 
1491.763489 1.8604e+01 2.8012e+02 
1492.245636 1.8512e+01 2.7999e+02 
1492.727783 1.8465e+01 2.7996e+02 
1493.209930 1.8428e+01 2.7994e+02 
1493.692078 1.8408e+01 2.7995e+02 
1494.174225 1.8396e+01 2.7998e+02 
1494.656372 1.8416e+01 2.8008e+02 
1495.138519 1.8430e+01 2.8016e+02 
1495.620667 1.8449e+01 2.8025e+02 
1496.102814 1.8432e+01 2.8028e+02 
1496.584961 1.8407e+01 2.8028e+02 
1497.067108 1.8352e+01 2.8023e+02 
1497.549255 1.8312e+01 2.8020e+02 
1498.031403 1.8289e+01 2.8021e+02 
1498.513550 1.8292e+01 2.8027e+02 
1498.995697 1.8261e+01 2.8027e+02 
1499.477844 1.8212e+01 2.8022e+02 
1499.959991 1.8147e+01 2.8015e+02 
1500.442139 1.8110e+01 2.8013e+02 
1500.924286 1.8065e+01 2.8009e+02 
1501.406433 1.8068e+01 2.8016e+02 
1501.888580 1.8052e+01 2.8018e+02 
1502.370728 1.7992e+01 2.8011e+02 
1502.852875 1.7940e+01 2.8006e+02 
1503.335022 1.7934e+01 2.8011e+02 
1503.817169 1.7928e+01 2.8015e+02 
1504.299316 1.7934e+01 2.8022e+02 
1504.781464 1.7924e+01 2.8025e+02 
1505.263611 1.7916e+01 2.8029e+02 
1505.745758 1.7885e+01 2.8028e+02 
1506.227905 1.7864e+01 2.8029e+02 
1506.710052 1.7831e+01 2.8028e+02 
1507.192200 1.7810e+01 2.8029e+02 
1507.674347 1.7776e+01 2.8028e+02 
1508.156494 1.7754e+01 2.8029e+02 
1508.638641 1.7718e+01 2.8027e+02 
1509.120789 1.7690e+01 2.8027e+02 
1509.602936 1.7659e+01 2.8026e+02 
1510.085083 1.7631e+01 2.8026e+02 
1510.567230 1.7578e+01 2.8020e+02 
1511.049377 1.7531e+01 2.8016e+02 
1511.531525 1.7507e+01 2.8017e+02 
1512.013672 1.7523e+01 2.8026e+02 
1512.495819 1.7493e+01 2.8025e+02 
1512.977966 1.7431e+01 2.8017e+02 
1513.460114 1.7357e+01 2.8007e+02 
1513.942261 1.7331e+01 2.8008e+02 
1514.424408 1.7337e+01 2.8014e+02 
1514.906555 1.7360e+01 2.8025e+02 
1515.388702 1.7325e+01 2.8023e+02 
1515.870850 1.7305e+01 2.8024e+02 
1516.352997 1.7290e+01 2.8026e+02 
1516.835144 1.7276e+01 2.8029e+02 
1517.317291 1.7244e+01 2.8028e+02 
1517.799438 1.7217e+01 2.8028e+02 
1518.281586 1.7160e+01 2.8021e+02 
1518.763733 1.7123e+01 2.8019e+02 
1519.245880 1.7100e+01 2.8020e+02 
1519.728027 1.7104e+01 2.8026e+02 
1520.210175 1.7085e+01 2.8027e+02 
1520.692322 1.7067e+01 2.8029e+02 
1521.174469 1.7035e+01 2.8028e+02 
1521.656616 1.7014e+01 2.8029e+02 
1522.138763 1.6981e+01 2.8027e+02 
1522.620911 1.6962e+01 2.8029e+02 
1523.103058 1.6924e+01 2.8026e+02 
1523.585205 1.6891e+01 2.8025e+02 
1524.067352 1.6846e+01 2.8021e+02 
1524.549500 1.6837e+01 2.8024e+02 
1525.031647 1.6823e+01 2.8027e+02 
1525.513794 1.6806e+01 2.8029e+02 
1525.995941 1.6760e+01 2.8024e+02 
1526.478088 1.6723e+01 2.8022e+02 
1526.960236 1.6703e+01 2.8023e+02 
1527.442383 1.6692e+01 2.8026e+02 
1527.924530 1.6651e+01 2.8023e+02 
1528.406677 1.6640e+01 2.8026e+02 
1528.888824 1.6594e+01 2.8022e+02 
1529.370972 1.6524e+01 2.8012e+02 
1529.853119 1.6457e+01 2.8003e+02 
1530.335266 1.6432e+01 2.8003e+02 
1530.817413 1.6425e+01 2.8007e+02 
1531.299561 1.6455e+01 2.8019e+02 
1531.781708 1.6448e+01 2.8023e+02 
1532.263855 1.6420e+01 2.8022e+02 
1532.746002 1.6404e+01 2.8024e+02 
1533.228149 1.6400e+01 2.8029e+02 
1533.710297 1.6372e+01 2.8028e+02 
1534.192444 1.6345e+01 2.8028e+02 
1534.674591 1.6295e+01 2.8022e+02 
1535.156738 1.6267e+01 2.8022e+02 
1535.638885 1.6231e+01 2.8019e+02 
1536.121033 1.6194e+01 2.8016e+02 
1536.603180 1.6167e+01 2.8016e+02 
1537.085327 1.6159e+01 2.8020e+02 
1537.567474 1.6146e+01 2.8022e+02 
1538.049622 1.6144e+01 2.8027e+02 
1538.531769 1.6122e+01 2.8028e+02 
1539.013916 1.6103e+01 2.8029e+02 
1539.496063 1.6074e+01 2.8028e+02 
1539.978210 1.6054e+01 2.8029e+02 
1540.460358 1.6024e+01 2.8028e+02 
1540.942505 1.6002e+01 2.8029e+02 
1541.424652 1.5972e+01 2.8028e+02 
1541.906799 1.5955e+01 2.8029e+02 
1542.388947 1.5924e+01 2.8028e+02 
1542.871094 1.5901e+01 2.8028e+02 
1543.353241 1.5871e+01 2.8027e+02 
1543.835388 1.5845e+01 2.8026e+02 
1544.317535 1.5813e+01 2.8025e+02 
1544.799683 1.5803e+01 2.8028e+02 
1545.281830 1.5777e+01 2.8028e+02 
1545.763977 1.5742e+01 2.8025e+02 
1546.246124 1.5677e+01 2.8016e+02 
1546.728271 1.5626e+01 2.8010e+02 
1547.210419 1.5577e+01 2.8004e+02 
1547.692566 1.5554e+01 2.8004e+02 
1548.174713 1.5532e+01 2.8005e+02 
1548.656860 1.5525e+01 2.8009e+02 
1549.139008 1.5535e+01 2.8017e+02 
1549.621155 1.5555e+01 2.8026e+02 
1550.103302 1.5533e+01 2.8027e+02 
1550.585449 1.5490e+01 2.8023e+02 
1551.067596 1.5424e+01 2.8013e+02 
1551.549744 1.5390e+01 2.8011e+02 
1552.031891 1.5368e+01 2.8011e+02 
1552.514038 1.5355e+01 2.8014e+02 
1552.996185 1.5342e+01 2.8016e+02 
1553.478333 1.5349e+01 2.8023e+02 
1553.960480 1.5341e+01 2.8027e+02 
1554.442627 1.5327e+01 2.8029e+02 
1554.924774 1.5290e+01 2.8026e+02 
1555.406921 1.5258e+01 2.8024e+02 
1555.889069 1.5227e+01 2.8022e+02 
1556.371216 1.5214e+01 2.8025e+02 
1556.853363 1.5196e+01 2.8026e+02 
1557.335510 1.5186e+01 2.8029e+02 
1557.817657 1.5159e+01 2.8028e+02 
1558.299805 1.5140e+01 2.8029e+02 
1558.781952 1.5112e+01 2.8028e+02 
1559.264099 1.5093e+01 2.8029e+02 
1559.746246 1.5065e+01 2.8028e+02 
1560.228394 1.5047e+01 2.8029e+02 
1560.710541 1.5016e+01 2.8028e+02 
1561.192688 1.4987e+01 2.8026e+02 
1561.674835 1.4942e+01 2.8021e+02 
1562.156982 1.4906e+01 2.8018e+02 
1562.639130 1.4862e+01 2.8013e+02 
1563.121277 1.4836e+01 2.8012e+02 
1563.603424 1.4812e+01 2.8012e+02 
1564.085571 1.4813e+01 2.8018e+02 
1564.567719 1.4816e+01 2.8024e+02 
1565.049866 1.4803e+01 2.8026e+02 
1565.532013 1.4747e+01 2.8018e+02 
1566.014160 1.4698e+01 2.8012e+02 
1566.496307 1.4645e+01 2.8005e+02 
1566.978455 1.4618e+01 2.8004e+02 
1567.460602 1.4601e+01 2.8005e+02 
1567.942749 1.4608e+01 2.8013e+02 
1568.424896 1.4617e+01 2.8020e+02 
1568.907043 1.4625e+01 2.8028e+02 
1569.389191 1.4604e+01 2.8028e+02 
1569.871338 1.4585e+01 2.8029e+02 
1570.353485 1.4545e+01 2.8025e+02 
1570.835632 1.4499e+01 2.8019e+02 
1571.317780 1.4442e+01 2.8011e+02 
1571.799927 1.4402e+01 2.8006e+02 
1572.282074 1.4367e+01 2.8003e+02 
1572.764221 1.4361e+01 2.8008e+02 
1573.246368 1.4341e+01 2.8008e+02 
1573.728516 1.4329e+01 2.8010e+02 
1574.210663 1.4321e+01 2.8014e+02 
1574.692810 1.4327e+01 2.8021e+02 
1575.174957 1.4320e+01 2.8025e+02 
1575.657104 1.4314e+01 2.8029e+02 
1576.139252 1.4290e+01 2.8028e+02 
1576.621399 1.4271e+01 2.8029e+02 
1577.103546 1.4238e+01 2.8026e+02 
1577.585693 1.4208e+01 2.8024e+02 
1578.067841 1.4155e+01 2.8017e+02 
1578.549988 1.4104e+01 2.8010e+02 
1579.032135 1.4047e+01 2.8001e+02 
1579.514282 1.4000e+01 2.7995e+02 
1579.996429 1.3946e+01 2.7987e+02 
1580.478577 1.3905e+01 2.7982e+02 
1580.960724 1.3857e+01 2.7976e+02 
1581.442871 1.3822e+01 2.7972e+02 
1581.925018 1.3796e+01 2.7971e+02 
1582.407166 1.3799e+01 2.7977e+02 
1582.889313 1.3754e+01 2.7972e+02 
1583.371460 1.3717e+01 2.7968e+02 
1583.853607 1.3656e+01 2.7958e+02 
1584.335754 1.3610e+01 2.7952e+02 
1584.817902 1.3574e+01 2.7948e+02 
1585.300049 1.3548e+01 2.7947e+02 
1585.782196 1.3518e+01 2.7945e+02 
1586.264343 1.3495e+01 2.7944e+02 
1586.746490 1.3472e+01 2.7944e+02 
1587.228638 1.3455e+01 2.7945e+02 
1587.710785 1.3420e+01 2.7941e+02 
1588.192932 1.3399e+01 2.7941e+02 
1588.675079 1.3389e+01 2.7944e+02 
1589.157227 1.3446e+01 2.7964e+02 
1589.639374 1.3542e+01 2.7994e+02 
1590.121521 1.3520e+01 2.7993e+02 
1590.603668 1.3392e+01 2.7966e+02 
1591.085815 1.3371e+01 2.7966e+02 
1591.567963 1.3439e+01 2.7989e+02 
1592.050110 1.3387e+01 2.7981e+02 
1592.532257 1.3267e+01 2.7956e+02 
1593.014404 1.3227e+01 2.7951e+02 
1593.496552 1.3248e+01 2.7962e+02 
1593.978699 1.3344e+01 2.7992e+02 
1594.460846 1.3406e+01 2.8013e+02 
1594.942993 1.3328e+01 2.7998e+02 
1595.425140 1.3222e+01 2.7976e+02 
1595.907288 1.3259e+01 2.7991e+02 
1596.389435 1.3261e+01 2.7997e+02 
1596.871582 1.3124e+01 2.7967e+02 
1597.353729 1.3013e+01 2.7944e+02 
1597.835876 1.2968e+01 2.7937e+02 
1598.318024 1.2934e+01 2.7934e+02 
1598.800171 1.2917e+01 2.7934e+02 
1599.282318 1.2895e+01 2.7934e+02 
1599.764465 1.2889e+01 2.7938e+02 
1600.246613 1.2909e+01 2.7948e+02 
1600.728760 1.3003e+01 2.7978e+02 
1601.210907 1.3074e+01 2.8002e+02 
1601.693054 1.2990e+01 2.7986e+02 
1602.175201 1.2917e+01 2.7972e+02 
1602.657349 1.2988e+01 2.7996e+02 
1603.139496 1.3040e+01 2.8015e+02 
1603.621643 1.2966e+01 2.8001e+02 
1604.103790 1.2825e+01 2.7969e+02 
1604.585938 1.2744e+01 2.7953e+02 
1605.068085 1.2706e+01 2.7948e+02 
1605.550232 1.2702e+01 2.7953e+02 
1606.032379 1.2730e+01 2.7965e+02 
1606.514526 1.2822e+01 2.7995e+02 
1606.996674 1.2883e+01 2.8017e+02 
1607.478821 1.2831e+01 2.8008e+02 
1607.960968 1.2724e+01 2.7985e+02 
1608.443115 1.2702e+01 2.7985e+02 
1608.925262 1.2752e+01 2.8003e+02 
1609.407410 1.2798e+01 2.8021e+02 
1609.889557 1.2738e+01 2.8010e+02 
1610.371704 1.2637e+01 2.7989e+02 
1610.853851 1.2564e+01 2.7975e+02 
1611.335999 1.2537e+01 2.7973e+02 
1611.818146 1.2528e+01 2.7976e+02 
1612.300293 1.2533e+01 2.7982e+02 
1612.782440 1.2521e+01 2.7984e+02 
1613.264587 1.2524e+01 2.7991e+02 
1613.746735 1.2519e+01 2.7995e+02 
1614.228882 1.2530e+01 2.8003e+02 
1614.711029 1.2536e+01 2.8010e+02 
1615.193176 1.2548e+01 2.8018e+02 
1615.675323 1.2547e+01 2.8023e+02 
1616.157471 1.2545e+01 2.8028e+02 
1616.639618 1.2525e+01 2.8028e+02 
1617.121765 1.2507e+01 2.8029e+02 
1617.603912 1.2474e+01 2.8025e+02 
1618.086060 1.2438e+01 2.8021e+02 
1618.568207 1.2391e+01 2.8013e+02 
1619.050354 1.2355e+01 2.8009e+02 
1619.532501 1.2315e+01 2.8003e+02 
1620.014648 1.2291e+01 2.8002e+02 
1620.496796 1.2285e+01 2.8005e+02 
1620.978943 1.2276e+01 2.8008e+02 
1621.461090 1.2251e+01 2.8007e+02 
1621.943237 1.2256e+01 2.8014e+02 
1622.425385 1.2265e+01 2.8022e+02 
1622.907532 1.2267e+01 2.8027e+02 
1623.389679 1.2248e+01 2.8028e+02 
1623.871826 1.2229e+01 2.8028e+02 
1624.353973 1.2184e+01 2.8021e+02 
1624.836121 1.2139e+01 2.8013e+02 
1625.318268 1.2096e+01 2.8007e+02 
1625.800415 1.2070e+01 2.8005e+02 
1626.282562 1.2040e+01 2.8002e+02 
1626.764709 1.2047e+01 2.8009e+02 
1627.246857 1.2063e+01 2.8019e+02 
1627.729004 1.2074e+01 2.8027e+02 
1628.211151 1.2039e+01 2.8023e+02 
1628.693298 1.1990e+01 2.8015e+02 
1629.175446 1.1930e+01 2.8003e+02 
1629.657593 1.1878e+01 2.7994e+02 
1630.139740 1.1835e+01 2.7987e+02 
1630.621887 1.1815e+01 2.7987e+02 
1631.104034 1.1798e+01 2.7987e+02 
1631.586182 1.1797e+01 2.7992e+02 
1632.068329 1.1792e+01 2.7996e+02 
1632.550476 1.1791e+01 2.8001e+02 
1633.032623 1.1788e+01 2.8006e+02 
1633.514771 1.1798e+01 2.8014e+02 
1633.996918 1.1800e+01 2.8020e+02 
1634.479065 1.1806e+01 2.8027e+02 
1634.961212 1.1792e+01 2.8028e+02 
1635.443359 1.1778e+01 2.8029e+02 
1635.925507 1.1754e+01 2.8028e+02 
1636.407654 1.1733e+01 2.8027e+02 
1636.889801 1.1707e+01 2.8025e+02 
1637.371948 1.1698e+01 2.8028e+02 
1637.854095 1.1670e+01 2.8025e+02 
1638.336243 1.1633e+01 2.8020e+02 
1638.818390 1.1577e+01 2.8009e+02 
1639.300537 1.1540e+01 2.8004e+02 
1639.782684 1.1528e+01 2.8006e+02 
1640.264832 1.1541e+01 2.8015e+02 
1640.746979 1.1489e+01 2.8005e+02 
1641.229126 1.1440e+01 2.7996e+02 
1641.711273 1.1429e+01 2.7998e+02 
1642.193420 1.1454e+01 2.8011e+02 
1642.675568 1.1430e+01 2.8009e+02 
1643.157715 1.1392e+01 2.8003e+02 
1643.639862 1.1379e+01 2.8005e+02 
1644.122009 1.1383e+01 2.8011e+02 
1644.604156 1.1385e+01 2.8017e+02 
1645.086304 1.1391e+01 2.8024e+02 
1645.568451 1.1383e+01 2.8027e+02 
1646.050598 1.1371e+01 2.8029e+02 
1646.532745 1.1348e+01 2.8027e+02 
1647.014893 1.1332e+01 2.8028e+02 
1647.497040 1.1313e+01 2.8028e+02 
1647.979187 1.1297e+01 2.8029e+02 
1648.461334 1.1273e+01 2.8027e+02 
1648.943481 1.1244e+01 2.8024e+02 
1649.425629 1.1211e+01 2.8019e+02 
1649.907776 1.1193e+01 2.8019e+02 
1650.389923 1.1175e+01 2.8019e+02 
1650.872070 1.1170e+01 2.8023e+02 
1651.354218 1.1160e+01 2.8025e+02 
1651.836365 1.1153e+01 2.8028e+02 
1652.318512 1.1135e+01 2.8028e+02 
1652.800659 1.1120e+01 2.8029e+02 
1653.282806 1.1099e+01 2.8028e+02 
1653.764954 1.1084e+01 2.8029e+02 
1654.247101 1.1063e+01 2.8028e+02 
1654.729248 1.1047e+01 2.8029e+02 
1655.211395 1.1016e+01 2.8025e+02 
1655.693542 1.0987e+01 2.8021e+02 
1656.175690 1.0956e+01 2.8017e+02 
1656.657837 1.0935e+01 2.8016e+02 
1657.139984 1.0906e+01 2.8013e+02 
1657.622131 1.0866e+01 2.8006e+02 
1658.104279 1.0824e+01 2.7999e+02 
1658.586426 1.0801e+01 2.7997e+02 
1659.068573 1.0774e+01 2.7994e+02 
1659.550720 1.0757e+01 2.7994e+02 
1660.032867 1.0742e+01 2.7995e+02 
1660.515015 1.0744e+01 2.8000e+02 
1660.997162 1.0758e+01 2.8010e+02 
1661.479309 1.0772e+01 2.8019e+02 
1661.961456 1.0760e+01 2.8021e+02 
1662.443604 1.0762e+01 2.8027e+02 
1662.925751 1.0746e+01 2.8027e+02 
1663.407898 1.0718e+01 2.8024e+02 
1663.890045 1.0669e+01 2.8014e+02 
1664.372192 1.0626e+01 2.8006e+02 
1664.854340 1.0586e+01 2.7999e+02 
1665.336487 1.0561e+01 2.7997e+02 
1665.818634 1.0536e+01 2.7994e+02 
1666.300781 1.0527e+01 2.7997e+02 
1666.782928 1.0519e+01 2.8000e+02 
1667.265076 1.0527e+01 2.8007e+02 
1667.747223 1.0538e+01 2.8016e+02 
1668.229370 1.0552e+01 2.8026e+02 
1668.711517 1.0540e+01 2.8027e+02 
1669.193665 1.0529e+01 2.8029e+02 
1669.675812 1.0506e+01 2.8027e+02 
1670.157959 1.0482e+01 2.8025e+02 
1670.640106 1.0455e+01 2.8022e+02 
1671.122253 1.0452e+01 2.8026e+02 
1671.604401 1.0436e+01 2.8026e+02 
1672.086548 1.0410e+01 2.8023e+02 
1672.568695 1.0371e+01 2.8016e+02 
1673.050842 1.0339e+01 2.8012e+02 
1673.532990 1.0321e+01 2.8011e+02 
1674.015137 1.0325e+01 2.8018e+02 
1674.497284 1.0327e+01 2.8024e+02 
1674.979431 1.0326e+01 2.8028e+02 
1675.461578 1.0308e+01 2.8028e+02 
1675.943726 1.0285e+01 2.8026e+02 
1676.425873 1.0244e+01 2.8018e+02 
1676.908020 1.0208e+01 2.8012e+02 
1677.390167 1.0178e+01 2.8008e+02 
1677.872314 1.0158e+01 2.8007e+02 
1678.354462 1.0124e+01 2.8001e+02 
1678.836609 1.0121e+01 2.8005e+02 
1679.318756 1.0134e+01 2.8015e+02 
1679.800903 1.0149e+01 2.8025e+02 
1680.283051 1.0136e+01 2.8026e+02 
1680.765198 1.0112e+01 2.8023e+02 
1681.247345 1.0073e+01 2.8016e+02 
1681.729492 1.0059e+01 2.8017e+02 
1682.211639 1.0055e+01 2.8021e+02 
1682.693787 1.0056e+01 2.8026e+02 
1683.175934 1.0044e+01 2.8028e+02 
1683.658081 1.0032e+01 2.8029e+02 
1684.140228 1.0013e+01 2.8028e+02 
1684.622375 1.0000e+01 2.8029e+02 
1685.104523 9.9804e+00 2.8028e+02 
1685.586670 9.9633e+00 2.8028e+02 
1686.068817 9.9339e+00 2.8023e+02 
1686.550964 9.9074e+00 2.8020e+02 
1687.033112 9.8769e+00 2.8015e+02 
1687.515259 9.8670e+00 2.8017e+02 
1687.997406 9.8671e+00 2.8023e+02 
1688.479553 9.8565e+00 2.8024e+02 
1688.961700 9.8191e+00 2.8017e+02 
1689.443848 9.8032e+00 2.8017e+02 
1689.925995 9.8031e+00 2.8022e+02 
1690.408142 9.7848e+00 2.8022e+02 
1690.890289 9.7297e+00 2.8009e+02 
1691.372437 9.6934e+00 2.8002e+02 
1691.854584 9.6770e+00 2.8002e+02 
1692.336731 9.6742e+00 2.8006e+02 
1692.818878 9.6548e+00 2.8005e+02 
1693.301025 9.6526e+00 2.8009e+02 
1693.783173 9.6506e+00 2.8014e+02 
1694.265320 9.6541e+00 2.8020e+02 
1694.747467 9.6502e+00 2.8024e+02 
1695.229614 9.6476e+00 2.8028e+02 
1695.711761 9.6312e+00 2.8028e+02 
1696.193909 9.6182e+00 2.8029e+02 
1696.676056 9.5956e+00 2.8027e+02 
1697.158203 9.5813e+00 2.8027e+02 
1697.640350 9.5608e+00 2.8025e+02 
1698.122498 9.5409e+00 2.8024e+02 
1698.604645 9.5240e+00 2.8023e+02 
1699.086792 9.5200e+00 2.8027e+02 
1699.568939 9.5061e+00 2.8028e+02 
1700.051086 9.4947e+00 2.8029e+02 
1700.533234 9.4763e+00 2.8028e+02 
1701.015381 9.4631e+00 2.8029e+02 
1701.497528 9.4384e+00 2.8026e+02 
1701.979675 9.4142e+00 2.8023e+02 
1702.461823 9.3895e+00 2.8020e+02 
1702.943970 9.3723e+00 2.8019e+02 
1703.426117 9.3510e+00 2.8017e+02 
1703.908264 9.3537e+00 2.8023e+02 
1704.390411 9.3488e+00 2.8027e+02 
1704.872559 9.3306e+00 2.8025e+02 
1705.354706 9.3020e+00 2.8021e+02 
1705.836853 9.2987e+00 2.8025e+02 
1706.319000 9.2898e+00 2.8027e+02 
1706.801147 9.2746e+00 2.8027e+02 
1707.283295 9.2404e+00 2.8020e+02 
1707.765442 9.1942e+00 2.8010e+02 
1708.247589 9.1465e+00 2.7998e+02 
1708.729736 9.1167e+00 2.7993e+02 
1709.211884 9.1043e+00 2.7994e+02 
1709.694031 9.1350e+00 2.8010e+02 
1710.176178 9.1491e+00 2.8020e+02 
1710.658325 9.1090e+00 2.8011e+02 
1711.140472 9.0421e+00 2.7993e+02 
1711.622620 9.0174e+00 2.7989e+02 
1712.104767 9.0138e+00 2.7993e+02 
1712.586914 9.0314e+00 2.8005e+02 
1713.069061 9.0373e+00 2.8012e+02 
1713.551208 9.0416e+00 2.8019e+02 
1714.033356 9.0437e+00 2.8025e+02 
1714.515503 9.0343e+00 2.8026e+02 
1714.997650 9.0206e+00 2.8027e+02 
1715.479797 9.0073e+00 2.8027e+02 
1715.961945 8.9814e+00 2.8023e+02 
1716.444092 8.9703e+00 2.8025e+02 
1716.926239 8.9612e+00 2.8027e+02 
1717.408386 8.9537e+00 2.8029e+02 
1717.890533 8.9351e+00 2.8028e+02 
1718.372681 8.9240e+00 2.8029e+02 
1718.854828 8.9037e+00 2.8027e+02 
1719.336975 8.8774e+00 2.8023e+02 
1719.819122 8.8324e+00 2.8012e+02 
1720.301270 8.7926e+00 2.8003e+02 
1720.783417 8.7541e+00 2.7994e+02 
1721.265564 8.7506e+00 2.7998e+02 
1721.747711 8.7221e+00 2.7993e+02 
1722.229858 8.6815e+00 2.7983e+02 
1722.712006 8.6861e+00 2.7990e+02 
1723.194153 8.7298e+00 2.8011e+02 
1723.676300 8.7207e+00 2.8013e+02 
1724.158447 8.6477e+00 2.7992e+02 
1724.640594 8.5682e+00 2.7968e+02 
1725.122742 8.5189e+00 2.7955e+02 
1725.604889 8.4938e+00 2.7950e+02 
1726.087036 8.5148e+00 2.7963e+02 
1726.569183 8.5402e+00 2.7978e+02 
1727.051331 8.5184e+00 2.7975e+02 
1727.533478 8.4902e+00 2.7970e+02 
1728.015625 8.4727e+00 2.7968e+02 
1728.497772 8.4788e+00 2.7976e+02 
1728.979919 8.5141e+00 2.7994e+02 
1729.462067 8.5556e+00 2.8015e+02 
1729.944214 8.5741e+00 2.8027e+02 
1730.426361 8.5459e+00 2.8021e+02 
1730.908508 8.5014e+00 2.8010e+02 
1731.390656 8.4774e+00 2.8006e+02 
1731.872803 8.4894e+00 2.8016e+02 
1732.354950 8.4901e+00 2.8021e+02 
1732.837097 8.4866e+00 2.8025e+02 
1733.319244 8.4792e+00 2.8028e+02 
1733.801392 8.4679e+00 2.8029e+02 
1734.283539 8.4526e+00 2.8028e+02 
1734.765686 8.4402e+00 2.8029e+02 
1735.247833 8.4178e+00 2.8026e+02 
1735.729980 8.3894e+00 2.8020e+02 
1736.212128 8.3528e+00 2.8012e+02 
1736.694275 8.3257e+00 2.8006e+02 
1737.176422 8.3193e+00 2.8009e+02 
1737.658569 8.3230e+00 2.8016e+02 
1738.140717 8.2952e+00 2.8010e+02 
1738.622864 8.2895e+00 2.8013e+02 
1739.105011 8.2973e+00 2.8022e+02 
1739.587158 8.3010e+00 2.8028e+02 
1740.069305 8.2845e+00 2.8027e+02 
1740.551453 8.2581e+00 2.8022e+02 
1741.033600 8.2140e+00 2.8011e+02 
1741.515747 8.1770e+00 2.8002e+02 
1741.997894 8.1549e+00 2.7998e+02 
1742.480042 8.1716e+00 2.8010e+02 
1742.962189 8.1915e+00 2.8023e+02 
1743.444336 8.1876e+00 2.8026e+02 
1743.926483 8.1545e+00 2.8019e+02 
1744.408630 8.1323e+00 2.8015e+02 
1744.890778 8.0956e+00 2.8006e+02 
1745.372925 8.0823e+00 2.8006e+02 
1745.855072 8.0968e+00 2.8017e+02 
1746.337219 8.0847e+00 2.8018e+02 
1746.819366 8.0798e+00 2.8021e+02 
1747.301514 8.0773e+00 2.8025e+02 
1747.783661 8.0603e+00 2.8024e+02 
1748.265808 8.0505e+00 2.8025e+02 
1748.747955 8.0422e+00 2.8027e+02 
1749.230103 8.0260e+00 2.8026e+02 
1749.712250 7.9942e+00 2.8018e+02 
1750.194397 7.9714e+00 2.8015e+02 
1750.676544 7.9770e+00 2.8022e+02 
1751.158691 7.9788e+00 2.8028e+02 
1751.640839 7.9584e+00 2.8025e+02 
1752.122986 7.9195e+00 2.8015e+02 
1752.605133 7.8888e+00 2.8008e+02 
1753.087280 7.8395e+00 2.7994e+02 
1753.569427 7.7765e+00 2.7974e+02 
1754.051575 7.7342e+00 2.7962e+02 
1754.533722 7.6951e+00 2.7951e+02 
1755.015869 7.6967e+00 2.7957e+02 
1755.498016 7.7254e+00 2.7974e+02 
1755.980164 7.7765e+00 2.7999e+02 
1756.462311 7.8146e+00 2.8020e+02 
1756.944458 7.8148e+00 2.8025e+02 
1757.426605 7.7652e+00 2.8010e+02 
1757.908752 7.7166e+00 2.7996e+02 
1758.390900 7.7123e+00 2.7999e+02 
1758.873047 7.6737e+00 2.7989e+02 
1759.355194 7.6055e+00 2.7966e+02 
1759.837341 7.6013e+00 2.7970e+02 
1760.319489 7.6260e+00 2.7985e+02 
1760.801636 7.6683e+00 2.8007e+02 
1761.283783 7.6912e+00 2.8022e+02 
1761.765930 7.6942e+00 2.8028e+02 
1762.248077 7.6697e+00 2.8023e+02 
1762.730225 7.6250e+00 2.8010e+02 
1763.212372 7.5601e+00 2.7989e+02 
1763.694519 7.5171e+00 2.7976e+02 
1764.176666 7.4882e+00 2.7970e+02 
1764.658813 7.4312e+00 2.7951e+02 
1765.140961 7.4037e+00 2.7945e+02 
1765.623108 7.3893e+00 2.7944e+02 
1766.105255 7.3657e+00 2.7939e+02 
1766.587402 7.3990e+00 2.7958e+02 
1767.069550 7.4508e+00 2.7985e+02 
1767.551697 7.4978e+00 2.8009e+02 
1768.033844 7.5188e+00 2.8023e+02 
1768.515991 7.4972e+00 2.8019e+02 
1768.998138 7.4384e+00 2.8000e+02 
1769.480286 7.4090e+00 2.7993e+02 
1769.962433 7.4124e+00 2.8000e+02 
1770.444580 7.4381e+00 2.8016e+02 
1770.926727 7.4469e+00 2.8024e+02 
1771.408875 7.4438e+00 2.8028e+02 
1771.891022 7.4267e+00 2.8026e+02 
1772.373169 7.4198e+00 2.8028e+02 
1772.855316 7.4056e+00 2.8028e+02 
1773.337463 7.3871e+00 2.8025e+02 
1773.819611 7.3506e+00 2.8015e+02 
1774.301758 7.3162e+00 2.8006e+02 
1774.783905 7.2951e+00 2.8002e+02 
1775.266052 7.3143e+00 2.8015e+02 
1775.748199 7.3102e+00 2.8018e+02 
1776.230347 7.2466e+00 2.7997e+02 
1776.712494 7.1585e+00 2.7964e+02 
1777.194641 7.1021e+00 2.7945e+02 
1777.676788 7.0781e+00 2.7940e+02 
1778.158936 7.1017e+00 2.7955e+02 
1778.641083 7.1561e+00 2.7984e+02 
1779.123230 7.1826e+00 2.8000e+02 
1779.605377 7.1509e+00 2.7992e+02 
1780.087524 7.1688e+00 2.8004e+02 
1780.569672 7.1976e+00 2.8022e+02 
1781.051819 7.1656e+00 2.8013e+02 
1781.533966 7.1085e+00 2.7994e+02 
1782.016113 7.0598e+00 2.7978e+02 
1782.498260 6.9525e+00 2.7936e+02 
1782.980408 6.9044e+00 2.7920e+02 
1783.462555 6.9470e+00 2.7944e+02 
1783.944702 7.0070e+00 2.7975e+02 
1784.426849 7.0338e+00 2.7992e+02 
1784.908997 7.0701e+00 2.8013e+02 
1785.391144 6.9956e+00 2.7986e+02 
1785.873291 6.8616e+00 2.7932e+02 
1786.355438 6.7654e+00 2.7894e+02 
1786.837585 6.7289e+00 2.7883e+02 
1787.319733 6.7147e+00 2.7882e+02 
1787.801880 6.7633e+00 2.7908e+02 
1788.284027 6.8467e+00 2.7951e+02 
1788.766174 6.8374e+00 2.7952e+02 
1789.248322 6.8127e+00 2.7946e+02 
1789.730469 6.8768e+00 2.7979e+02 
1790.212616 6.9207e+00 2.8004e+02 
1790.694763 6.9465e+00 2.8020e+02 
1791.176910 6.9415e+00 2.8023e+02 
1791.659058 6.9254e+00 2.8021e+02 
1792.141205 6.9206e+00 2.8024e+02 
1792.623352 6.9193e+00 2.8029e+02 
1793.105499 6.8987e+00 2.8025e+02 
1793.587646 6.8647e+00 2.8015e+02 
1794.069794 6.8146e+00 2.7997e+02 
1794.551941 6.7864e+00 2.7990e+02 
1795.034088 6.7947e+00 2.7999e+02 
1795.516235 6.8137e+00 2.8012e+02 
1795.998383 6.8167e+00 2.8019e+02 
1796.480530 6.7799e+00 2.8007e+02 
1796.962677 6.7140e+00 2.7983e+02 
1797.444824 6.6310e+00 2.7950e+02 
1797.926971 6.6092e+00 2.7945e+02 
1798.409119 6.6591e+00 2.7973e+02 
1798.891266 6.7091e+00 2.8001e+02 
1799.373413 6.7448e+00 2.8022e+02 
1799.855560 6.7307e+00 2.8021e+02 
1800.337708 6.6787e+00 2.8002e+02 
1800.819855 6.6319e+00 2.7986e+02 
1801.302002 6.4881e+00 2.7925e+02 
1801.784149 5.9577e+00 2.7676e+02 
1802.266296 5.0837e+00 2.7220e+02 
1802.748444 3.9336e+00 2.6511e+02 
