   1.8650000e+03   4.2759295e-01   7.8802568e-01   1.4132000e+00
   1.8660000e+03   4.5427299e-01   8.4896786e-01   1.6069273e+00
   1.8670000e+03   4.8933563e-01   8.7396418e-01   1.5692855e+00
   1.8680000e+03   4.8239375e-01   8.0866254e-01   1.3572648e+00
   1.8690000e+03   5.1171164e-01   8.4795205e-01   1.3916487e+00
   1.8700000e+03   5.0916582e-01   8.7797709e-01   1.5143650e+00
   1.8710000e+03   5.0427904e-01   8.3662929e-01   1.4217453e+00
   1.8720000e+03   4.9948282e-01   8.2920010e-01   1.3991451e+00
   1.8730000e+03   4.8068106e-01   7.9607888e-01   1.3382633e+00
   1.8740000e+03   4.7573843e-01   7.7782238e-01   1.3102512e+00
   1.8750000e+03   4.7441808e-01   7.6824206e-01   1.2972524e+00
   1.8760000e+03   4.7353640e-01   8.2943047e-01   1.4609308e+00
   1.8770000e+03   4.9262561e-01   8.0658504e-01   1.3775795e+00
   1.8780000e+03   5.1082450e-01   8.1720421e-01   1.3491682e+00
   1.8790000e+03   5.1343448e-01   8.0888482e-01   1.2853751e+00
   1.8800000e+03   5.3807870e-01   8.3598748e-01   1.2831489e+00
   1.8810000e+03   5.6512033e-01   8.6730551e-01   1.2925731e+00
   1.8820000e+03   5.8467187e-01   8.9106977e-01   1.3078558e+00
   1.8830000e+03   5.8565306e-01   8.9561066e-01   1.3439992e+00
   1.8840000e+03   5.6948405e-01   8.7095619e-01   1.3235579e+00
   1.8850000e+03   5.8030740e-01   8.7629464e-01   1.2829967e+00
   1.8860000e+03   5.8749020e-01   8.8120511e-01   1.2651852e+00
   1.8870000e+03   5.7644935e-01   8.6924390e-01   1.2749776e+00
   1.8880000e+03   5.9111715e-01   8.8262257e-01   1.2781269e+00
   1.8890000e+03   6.1897867e-01   9.2255038e-01   1.3122644e+00
   1.8900000e+03   6.3100857e-01   9.3554238e-01   1.3149375e+00
   1.8910000e+03   6.6080121e-01   9.8535881e-01   1.4370843e+00
   1.8920000e+03   6.6330534e-01   9.9552678e-01   1.5017406e+00
   1.8930000e+03   6.4310759e-01   9.5708992e-01   1.4145910e+00
   1.8940000e+03   6.3917335e-01   9.4747385e-01   1.3780420e+00
   1.8950000e+03   6.5002875e-01   9.6722382e-01   1.4160677e+00
   1.8960000e+03   6.5655282e-01   9.8363314e-01   1.4704221e+00
   1.8970000e+03   6.5396998e-01   9.7375034e-01   1.4382688e+00
   1.8980000e+03   6.6172805e-01   9.8607281e-01   1.4569351e+00
   1.8990000e+03   6.8032756e-01   1.0162921e+00   1.4726600e+00
   1.9000000e+03   6.7758595e-01   1.0049639e+00   1.4340091e+00
   1.9010000e+03   6.6668141e-01   9.8844109e-01   1.4158167e+00
   1.9020000e+03   6.5857626e-01   9.7359913e-01   1.3883987e+00
   1.9030000e+03   6.5401097e-01   9.6253569e-01   1.3618192e+00
   1.9040000e+03   6.5572108e-01   9.6556745e-01   1.3657135e+00
   1.9050000e+03   6.6698373e-01   9.9485412e-01   1.4534821e+00
   1.9060000e+03   6.5377421e-01   9.8045546e-01   1.4266883e+00
   1.9070000e+03   6.1445218e-01   9.2332682e-01   1.3668975e+00
   1.9080000e+03   6.0872205e-01   9.1887650e-01   1.3649727e+00
   1.9090000e+03   5.8160421e-01   8.9122218e-01   1.3371921e+00
   1.9100000e+03   5.4261402e-01   8.5760647e-01   1.3358600e+00
   1.9110000e+03   5.3564728e-01   8.5903836e-01   1.3582753e+00
   1.9120000e+03   5.7414554e-01   9.0136973e-01   1.4060896e+00
   1.9130000e+03   6.1800935e-01   9.4997417e-01   1.4789709e+00
   1.9140000e+03   6.4602654e-01   9.8764093e-01   1.4948987e+00
   1.9150000e+03   0.0000000e+00   1.0235388e+00   1.4733922e+00
   1.9160000e+03   0.0000000e+00   1.0397403e+00   1.4533255e+00
   1.9170000e+03   0.0000000e+00   1.0030495e+00   1.3589517e+00
   1.9180000e+03   0.0000000e+00   1.0199287e+00   1.3923171e+00
   1.9190000e+03   0.0000000e+00   1.0440203e+00   1.4340205e+00
   1.9200000e+03   0.0000000e+00   1.0128972e+00   1.2984768e+00
   1.9210000e+03   0.0000000e+00   9.9647045e-01   1.2939114e+00
   1.9220000e+03   0.0000000e+00   9.9773754e-01   1.2902311e+00
   1.9230000e+03   0.0000000e+00   1.0059988e+00   1.3173960e+00
   1.9240000e+03   0.0000000e+00   1.0157295e+00   1.3199964e+00
   1.9250000e+03   0.0000000e+00   1.0179655e+00   1.3173631e+00
   1.9260000e+03   0.0000000e+00   1.0480052e+00   1.3773605e+00
   1.9270000e+03   0.0000000e+00   1.0469394e+00   1.3576538e+00
   1.9280000e+03   0.0000000e+00   1.0405564e+00   1.3367073e+00
   1.9290000e+03   0.0000000e+00   1.0415027e+00   1.3458006e+00
   1.9300000e+03   0.0000000e+00   1.0450570e+00   1.3659210e+00
   1.9310000e+03   0.0000000e+00   1.0149426e+00   1.3023576e+00
   1.9320000e+03   0.0000000e+00   1.0250151e+00   1.3303154e+00
   1.9330000e+03   0.0000000e+00   1.0251708e+00   1.3410211e+00
   1.9340000e+03   0.0000000e+00   1.0301293e+00   1.3447123e+00
   1.9350000e+03   0.0000000e+00   1.0333392e+00   1.3424618e+00
   1.9360000e+03   0.0000000e+00   1.0310480e+00   1.3481576e+00
   1.9370000e+03   0.0000000e+00   1.0324628e+00   1.3399145e+00
   1.9380000e+03   0.0000000e+00   1.0305939e+00   1.3435942e+00
   1.9390000e+03   0.0000000e+00   1.0393558e+00   1.3657059e+00
   1.9400000e+03   0.0000000e+00   1.0275770e+00   1.3716628e+00
   1.9410000e+03   0.0000000e+00   9.6003817e-01   1.0085353e+00
   1.9420000e+03   0.0000000e+00   9.6160186e-01   1.0101967e+00
   1.9430000e+03   0.0000000e+00   9.5978560e-01   1.0086176e+00
   1.9440000e+03   0.0000000e+00   0.0000000e+00   0.0000000e+00
   1.9450000e+03   0.0000000e+00   0.0000000e+00   0.0000000e+00
   1.9460000e+03   0.0000000e+00   0.0000000e+00   0.0000000e+00
   1.9470000e+03   0.0000000e+00   0.0000000e+00   0.0000000e+00
   1.9480000e+03   0.0000000e+00   0.0000000e+00   0.0000000e+00
   1.9490000e+03   0.0000000e+00   0.0000000e+00   0.0000000e+00
   1.9500000e+03   0.0000000e+00   0.0000000e+00   0.0000000e+00
   1.9510000e+03   0.0000000e+00   0.0000000e+00   0.0000000e+00
   1.9520000e+03   0.0000000e+00   0.0000000e+00   0.0000000e+00
   1.9530000e+03   0.0000000e+00   0.0000000e+00   0.0000000e+00
   1.9540000e+03   0.0000000e+00   0.0000000e+00   0.0000000e+00
   1.9550000e+03   0.0000000e+00   0.0000000e+00   0.0000000e+00
   1.9560000e+03   0.0000000e+00   0.0000000e+00   0.0000000e+00
   1.9570000e+03   0.0000000e+00   0.0000000e+00   0.0000000e+00
   1.9580000e+03   0.0000000e+00   0.0000000e+00   0.0000000e+00
   1.9590000e+03   0.0000000e+00   0.0000000e+00   0.0000000e+00
   1.9600000e+03   0.0000000e+00   0.0000000e+00   0.0000000e+00
   1.9610000e+03   0.0000000e+00   0.0000000e+00   0.0000000e+00
   1.9620000e+03   0.0000000e+00   0.0000000e+00   0.0000000e+00
   1.9630000e+03   0.0000000e+00   0.0000000e+00   0.0000000e+00
   1.9640000e+03   0.0000000e+00   0.0000000e+00   0.0000000e+00
   1.9650000e+03   0.0000000e+00   0.0000000e+00   0.0000000e+00
   1.9660000e+03   0.0000000e+00   0.0000000e+00   0.0000000e+00
   1.9670000e+03   0.0000000e+00   0.0000000e+00   0.0000000e+00
   1.9680000e+03   0.0000000e+00   0.0000000e+00   0.0000000e+00
   1.9690000e+03   0.0000000e+00   0.0000000e+00   0.0000000e+00
   1.9700000e+03   0.0000000e+00   0.0000000e+00   0.0000000e+00
   1.9710000e+03   0.0000000e+00   0.0000000e+00   0.0000000e+00
   1.9720000e+03   0.0000000e+00   0.0000000e+00   0.0000000e+00
   1.9730000e+03   0.0000000e+00   0.0000000e+00   0.0000000e+00
   1.9740000e+03   0.0000000e+00   0.0000000e+00   0.0000000e+00
   1.9750000e+03   0.0000000e+00   0.0000000e+00   0.0000000e+00
   1.9760000e+03   0.0000000e+00   0.0000000e+00   0.0000000e+00
   1.9770000e+03   0.0000000e+00   0.0000000e+00   0.0000000e+00
   1.9780000e+03   0.0000000e+00   0.0000000e+00   0.0000000e+00
   1.9790000e+03   0.0000000e+00   0.0000000e+00   0.0000000e+00
   1.9800000e+03   0.0000000e+00   0.0000000e+00   0.0000000e+00
   1.9810000e+03   0.0000000e+00   0.0000000e+00   0.0000000e+00
   1.9820000e+03   0.0000000e+00   0.0000000e+00   0.0000000e+00
   1.9830000e+03   0.0000000e+00   0.0000000e+00   0.0000000e+00
   1.9840000e+03   0.0000000e+00   0.0000000e+00   0.0000000e+00
   1.9850000e+03   0.0000000e+00   0.0000000e+00   0.0000000e+00
   1.9860000e+03   0.0000000e+00   0.0000000e+00   0.0000000e+00
   1.9870000e+03   0.0000000e+00   0.0000000e+00   0.0000000e+00
   1.9880000e+03   0.0000000e+00   0.0000000e+00   0.0000000e+00
   1.9890000e+03   0.0000000e+00   0.0000000e+00   0.0000000e+00
   1.9900000e+03   0.0000000e+00   0.0000000e+00   0.0000000e+00
   1.9910000e+03   0.0000000e+00   0.0000000e+00   0.0000000e+00
   1.9920000e+03   0.0000000e+00   0.0000000e+00   0.0000000e+00
   1.9930000e+03   0.0000000e+00   0.0000000e+00   0.0000000e+00
   1.9940000e+03   0.0000000e+00   0.0000000e+00   0.0000000e+00
   1.9950000e+03   0.0000000e+00   0.0000000e+00   0.0000000e+00
   1.9960000e+03   0.0000000e+00   0.0000000e+00   0.0000000e+00
   1.9970000e+03   0.0000000e+00   0.0000000e+00   0.0000000e+00
   1.9980000e+03   0.0000000e+00   0.0000000e+00   0.0000000e+00
   1.9990000e+03   0.0000000e+00   0.0000000e+00   0.0000000e+00
   2.0000000e+03   0.0000000e+00   0.0000000e+00   0.0000000e+00
   2.0010000e+03   0.0000000e+00   0.0000000e+00   0.0000000e+00
   2.0020000e+03   0.0000000e+00   0.0000000e+00   0.0000000e+00
   2.0030000e+03   0.0000000e+00   0.0000000e+00   0.0000000e+00
   2.0040000e+03   0.0000000e+00   0.0000000e+00   0.0000000e+00
   2.0050000e+03   0.0000000e+00   0.0000000e+00   0.0000000e+00
   2.0060000e+03   0.0000000e+00   0.0000000e+00   0.0000000e+00
   2.0070000e+03   0.0000000e+00   0.0000000e+00   0.0000000e+00
   2.0080000e+03   0.0000000e+00   0.0000000e+00   0.0000000e+00
   2.0090000e+03   0.0000000e+00   0.0000000e+00   0.0000000e+00
   2.0100000e+03   0.0000000e+00   0.0000000e+00   0.0000000e+00
   2.0110000e+03   0.0000000e+00   0.0000000e+00   0.0000000e+00
   2.0120000e+03   0.0000000e+00   0.0000000e+00   0.0000000e+00
   2.0130000e+03   0.0000000e+00   0.0000000e+00   0.0000000e+00
   2.0140000e+03   0.0000000e+00   0.0000000e+00   0.0000000e+00
   2.0150000e+03   0.0000000e+00   0.0000000e+00   0.0000000e+00
   2.0160000e+03   0.0000000e+00   0.0000000e+00   0.0000000e+00
   2.0170000e+03   0.0000000e+00   0.0000000e+00   0.0000000e+00
   2.0180000e+03   0.0000000e+00   0.0000000e+00   0.0000000e+00
   2.0190000e+03   0.0000000e+00   0.0000000e+00   0.0000000e+00
   2.0200000e+03   0.0000000e+00   0.0000000e+00   0.0000000e+00
   2.0210000e+03   0.0000000e+00   0.0000000e+00   0.0000000e+00
   2.0220000e+03   0.0000000e+00   0.0000000e+00   0.0000000e+00
   2.0230000e+03   0.0000000e+00   0.0000000e+00   0.0000000e+00
   2.0240000e+03   0.0000000e+00   0.0000000e+00   0.0000000e+00
   2.0250000e+03   0.0000000e+00   0.0000000e+00   0.0000000e+00
   2.0260000e+03   0.0000000e+00   0.0000000e+00   0.0000000e+00
   2.0270000e+03   0.0000000e+00   0.0000000e+00   0.0000000e+00
   2.0280000e+03   0.0000000e+00   0.0000000e+00   0.0000000e+00
   2.0290000e+03   0.0000000e+00   0.0000000e+00   0.0000000e+00
   2.0300000e+03   0.0000000e+00   0.0000000e+00   0.0000000e+00
   2.0310000e+03   0.0000000e+00   0.0000000e+00   0.0000000e+00
   2.0320000e+03   0.0000000e+00   0.0000000e+00   0.0000000e+00
   2.0330000e+03   0.0000000e+00   0.0000000e+00   0.0000000e+00
   2.0340000e+03   0.0000000e+00   0.0000000e+00   0.0000000e+00
   2.0350000e+03   0.0000000e+00   0.0000000e+00   0.0000000e+00
   2.0360000e+03   0.0000000e+00   0.0000000e+00   0.0000000e+00
   2.0370000e+03   0.0000000e+00   0.0000000e+00   0.0000000e+00
   2.0380000e+03   0.0000000e+00   0.0000000e+00   0.0000000e+00
   2.0390000e+03   0.0000000e+00   0.0000000e+00   0.0000000e+00
   2.0400000e+03   0.0000000e+00   0.0000000e+00   0.0000000e+00
   2.0410000e+03   0.0000000e+00   0.0000000e+00   0.0000000e+00
   2.0420000e+03   0.0000000e+00   0.0000000e+00   0.0000000e+00
   2.0430000e+03   0.0000000e+00   0.0000000e+00   0.0000000e+00
   2.0440000e+03   0.0000000e+00   0.0000000e+00   0.0000000e+00
   2.0450000e+03   0.0000000e+00   0.0000000e+00   0.0000000e+00
   2.0460000e+03   0.0000000e+00   0.0000000e+00   0.0000000e+00
   2.0470000e+03   0.0000000e+00   0.0000000e+00   0.0000000e+00
   2.0480000e+03   0.0000000e+00   0.0000000e+00   0.0000000e+00
   2.0490000e+03   0.0000000e+00   0.0000000e+00   0.0000000e+00
   2.0500000e+03   0.0000000e+00   0.0000000e+00   0.0000000e+00
   2.0510000e+03   0.0000000e+00   0.0000000e+00   0.0000000e+00
   2.0520000e+03   0.0000000e+00   0.0000000e+00   0.0000000e+00
   2.0530000e+03   0.0000000e+00   0.0000000e+00   0.0000000e+00
   2.0540000e+03   0.0000000e+00   0.0000000e+00   0.0000000e+00
   2.0550000e+03   0.0000000e+00   0.0000000e+00   0.0000000e+00
   2.0560000e+03   0.0000000e+00   0.0000000e+00   0.0000000e+00
   2.0570000e+03   0.0000000e+00   0.0000000e+00   0.0000000e+00
   2.0580000e+03   0.0000000e+00   0.0000000e+00   0.0000000e+00
   2.0590000e+03   0.0000000e+00   0.0000000e+00   0.0000000e+00
   2.0600000e+03   0.0000000e+00   0.0000000e+00   0.0000000e+00
   2.0610000e+03   0.0000000e+00   0.0000000e+00   0.0000000e+00
   2.0620000e+03   0.0000000e+00   0.0000000e+00   0.0000000e+00
   2.0630000e+03   0.0000000e+00   0.0000000e+00   0.0000000e+00
   2.0640000e+03   0.0000000e+00   0.0000000e+00   0.0000000e+00
   2.0650000e+03   0.0000000e+00   0.0000000e+00   0.0000000e+00
   2.0660000e+03   0.0000000e+00   0.0000000e+00   0.0000000e+00
   2.0670000e+03   0.0000000e+00   0.0000000e+00   0.0000000e+00
   2.0680000e+03   0.0000000e+00   0.0000000e+00   0.0000000e+00
   2.0690000e+03   0.0000000e+00   0.0000000e+00   0.0000000e+00
   2.0700000e+03   0.0000000e+00   0.0000000e+00   0.0000000e+00
   2.0710000e+03   0.0000000e+00   0.0000000e+00   0.0000000e+00
   2.0720000e+03   0.0000000e+00   0.0000000e+00   0.0000000e+00
   2.0730000e+03   0.0000000e+00   0.0000000e+00   0.0000000e+00
   2.0740000e+03   0.0000000e+00   0.0000000e+00   0.0000000e+00
   2.0750000e+03   0.0000000e+00   0.0000000e+00   0.0000000e+00
   2.0760000e+03   0.0000000e+00   0.0000000e+00   0.0000000e+00
   2.0770000e+03   0.0000000e+00   0.0000000e+00   0.0000000e+00
   2.0780000e+03   0.0000000e+00   0.0000000e+00   0.0000000e+00
   2.0790000e+03   0.0000000e+00   0.0000000e+00   0.0000000e+00
   2.0800000e+03   0.0000000e+00   0.0000000e+00   0.0000000e+00
   2.0810000e+03   0.0000000e+00   0.0000000e+00   0.0000000e+00
   2.0820000e+03   0.0000000e+00   0.0000000e+00   0.0000000e+00
   2.0830000e+03   0.0000000e+00   0.0000000e+00   0.0000000e+00
   2.0840000e+03   0.0000000e+00   0.0000000e+00   0.0000000e+00
   2.0850000e+03   0.0000000e+00   0.0000000e+00   0.0000000e+00
   2.0860000e+03   0.0000000e+00   0.0000000e+00   0.0000000e+00
   2.0870000e+03   0.0000000e+00   0.0000000e+00   0.0000000e+00
   2.0880000e+03   0.0000000e+00   0.0000000e+00   0.0000000e+00
   2.0890000e+03   0.0000000e+00   0.0000000e+00   0.0000000e+00
   2.0900000e+03   0.0000000e+00   0.0000000e+00   0.0000000e+00
   2.0910000e+03   0.0000000e+00   0.0000000e+00   0.0000000e+00
   2.0920000e+03   0.0000000e+00   0.0000000e+00   0.0000000e+00
   2.0930000e+03   0.0000000e+00   0.0000000e+00   0.0000000e+00
   2.0940000e+03   0.0000000e+00   0.0000000e+00   0.0000000e+00
   2.0950000e+03   0.0000000e+00   0.0000000e+00   0.0000000e+00
   2.0960000e+03   0.0000000e+00   0.0000000e+00   0.0000000e+00
   2.0970000e+03   0.0000000e+00   0.0000000e+00   0.0000000e+00
   2.0980000e+03   0.0000000e+00   0.0000000e+00   0.0000000e+00
   2.0990000e+03   0.0000000e+00   0.0000000e+00   0.0000000e+00
   2.1000000e+03   0.0000000e+00   0.0000000e+00   0.0000000e+00
   2.1010000e+03   0.0000000e+00   0.0000000e+00   0.0000000e+00
   2.1020000e+03   0.0000000e+00   0.0000000e+00   0.0000000e+00
   2.1030000e+03   0.0000000e+00   0.0000000e+00   0.0000000e+00
   2.1040000e+03   0.0000000e+00   0.0000000e+00   0.0000000e+00
   2.1050000e+03   0.0000000e+00   0.0000000e+00   0.0000000e+00
   2.1060000e+03   0.0000000e+00   0.0000000e+00   0.0000000e+00
   2.1070000e+03   0.0000000e+00   8.6101641e-01   1.3541859e+00
   2.1080000e+03   0.0000000e+00   8.9200217e-01   1.3698117e+00
   2.1090000e+03   0.0000000e+00   9.7211471e-01   1.4010583e+00
   2.1100000e+03   0.0000000e+00   9.8304650e-01   1.3552103e+00
   2.1110000e+03   6.8933381e-01   1.0124630e+00   1.4295785e+00
   2.1120000e+03   6.7188929e-01   9.8394329e-01   1.3858119e+00
   2.1130000e+03   6.4180937e-01   1.0138315e+00   1.4881091e+00
   2.1140000e+03   6.2781748e-01   9.9753028e-01   1.4933383e+00
   2.1150000e+03   6.1527985e-01   9.8281251e-01   1.4901540e+00
   2.1160000e+03   6.0540208e-01   9.7120309e-01   1.4815519e+00
   2.1170000e+03   5.9774462e-01   9.6261805e-01   1.4743442e+00
   2.1180000e+03   5.9082721e-01   9.5585135e-01   1.4719986e+00
   2.1190000e+03   5.8309343e-01   9.4884214e-01   1.4725413e+00
   2.1200000e+03   5.7571521e-01   9.4261973e-01   1.4753753e+00
   2.1210000e+03   5.6932919e-01   9.3775176e-01   1.4809757e+00
   2.1220000e+03   5.6410567e-01   9.3380785e-01   1.4847067e+00
   2.1230000e+03   5.5978101e-01   9.3042777e-01   1.4861607e+00
   2.1240000e+03   5.5643756e-01   9.2790307e-01   1.4884992e+00
   2.1250000e+03   5.5384330e-01   9.2625684e-01   1.4916455e+00
   2.1260000e+03   5.5172927e-01   9.2595981e-01   1.4997062e+00
   2.1270000e+03   5.4974455e-01   9.2571718e-01   1.5082286e+00
   2.1280000e+03   5.4795567e-01   9.2531839e-01   1.5151941e+00
   2.1290000e+03   5.4544779e-01   9.2286971e-01   1.5112744e+00
   2.1300000e+03   5.4259575e-01   9.2033556e-01   1.5069919e+00
   2.1310000e+03   5.4086718e-01   9.2115157e-01   1.5217362e+00
   2.1320000e+03   5.3884834e-01   9.2025595e-01   1.5268035e+00
   2.1330000e+03   5.3636127e-01   9.1751286e-01   1.5180866e+00
   2.1340000e+03   5.3432572e-01   9.1625993e-01   1.5179638e+00
   2.1350000e+03   5.3262349e-01   9.1551728e-01   1.5207500e+00
   2.1360000e+03   5.3080845e-01   9.1479020e-01   1.5243041e+00
   2.1370000e+03   5.2902558e-01   9.1429320e-01   1.5291921e+00
   2.1380000e+03   5.2730789e-01   9.1386840e-01   1.5336913e+00
   2.1390000e+03   5.2554338e-01   9.1316642e-01   1.5367432e+00
   2.1400000e+03   5.2386435e-01   9.1252088e-01   1.5385461e+00
   2.1410000e+03   5.2225968e-01   9.1279073e-01   1.5446908e+00
   2.1420000e+03   5.2098775e-01   9.1343239e-01   1.5526237e+00
   2.1430000e+03   5.1989745e-01   9.1489118e-01   1.5666612e+00
   2.1440000e+03   5.1873514e-01   9.1538198e-01   1.5749652e+00
   2.1450000e+03   4.8636171e-01   9.5460459e-01   1.7493289e+00
   2.1460000e+03   4.8522511e-01   9.5363477e-01   1.7502455e+00
   2.1470000e+03   4.8392662e-01   9.5170753e-01   1.7466159e+00
   2.1480000e+03   4.8278345e-01   9.5149699e-01   1.7506443e+00
   2.1490000e+03   4.8159120e-01   9.5053615e-01   1.7537140e+00
   2.1500000e+03   4.8018640e-01   9.4934715e-01   1.7578817e+00
   2.1510000e+03   4.7924111e-01   9.5015496e-01   1.7647875e+00
   2.1520000e+03   4.7862164e-01   9.5248753e-01   1.7724335e+00
   2.1530000e+03   4.7825002e-01   9.5542694e-01   1.7828459e+00
   2.1540000e+03   4.7783495e-01   9.5757763e-01   1.7927332e+00
   2.1550000e+03   4.7804142e-01   9.6148853e-01   1.8063623e+00
   2.1560000e+03   4.7853692e-01   9.6592673e-01   1.8196953e+00
   2.1570000e+03   4.7891819e-01   9.6933117e-01   1.8291203e+00
   2.1580000e+03   4.7937815e-01   9.7261669e-01   1.8386953e+00
   2.1590000e+03   4.8105561e-01   9.8092323e-01   1.8606428e+00
   2.1600000e+03   4.8292340e-01   9.8946217e-01   1.8823886e+00
   2.1610000e+03   4.8228484e-01   9.9040560e-01   1.8932502e+00
   2.1620000e+03   4.7948755e-01   9.8511050e-01   1.8914517e+00
   2.1630000e+03   5.1039404e-01   1.0325531e+00   1.9967700e+00
   2.1640000e+03   5.0712650e-01   1.0247115e+00   1.9804371e+00
   2.1650000e+03   5.0439336e-01   1.0189355e+00   1.9705289e+00
   2.1660000e+03   5.0186847e-01   1.0143363e+00   1.9661159e+00
   2.1670000e+03   4.9945978e-01   1.0111530e+00   1.9727282e+00
   2.1680000e+03   4.9709253e-01   1.0065637e+00   1.9660827e+00
   2.1690000e+03   4.9535776e-01   1.0027895e+00   1.9564311e+00
   2.1700000e+03   4.9314839e-01   9.9708356e-01   1.9450677e+00
   2.1710000e+03   4.8989774e-01   9.8825882e-01   1.9278185e+00
   2.1720000e+03   4.8912600e-01   9.8912223e-01   1.9332417e+00
   2.1730000e+03   4.9048748e-01   9.9699243e-01   1.9542071e+00
   2.1740000e+03   4.8994981e-01   9.9764063e-01   1.9619162e+00
   2.1750000e+03   4.8838906e-01   9.9279540e-01   1.9548415e+00
   2.1760000e+03   4.8922395e-01   9.9770417e-01   1.9702984e+00
   2.1770000e+03   4.9144384e-01   1.0082570e+00   2.0017372e+00
   2.1780000e+03   4.9176819e-01   1.0118645e+00   2.0164218e+00
   2.1790000e+03   4.9285978e-01   1.0176054e+00   2.0380334e+00
   2.1800000e+03   4.9357209e-01   1.0232138e+00   2.0671820e+00
   2.1810000e+03   4.9385944e-01   1.0258550e+00   2.0752147e+00
   2.1820000e+03   4.9559900e-01   1.0325764e+00   2.0943371e+00
   2.1830000e+03   4.9771752e-01   1.0421819e+00   2.1358789e+00
   2.1840000e+03   4.9897809e-01   1.0477623e+00   2.1558400e+00
   2.1850000e+03   4.9975715e-01   1.0498874e+00   2.1537263e+00
   2.1860000e+03   5.0069221e-01   1.0533387e+00   2.1627121e+00
   2.1870000e+03   5.0143493e-01   1.0567944e+00   2.1761687e+00
   2.1880000e+03   5.0188710e-01   1.0597468e+00   2.1880598e+00
   2.1890000e+03   5.0255226e-01   1.0634129e+00   2.2024166e+00
   2.1900000e+03   4.9653535e-01   1.0474447e+00   2.1773513e+00
   2.1910000e+03   4.8736091e-01   1.0223027e+00   2.1310525e+00
   2.1920000e+03   4.9130918e-01   1.0372222e+00   2.1771175e+00
   2.1930000e+03   5.0368031e-01   1.0757367e+00   2.2747823e+00
   2.1940000e+03   5.0824322e-01   1.0914342e+00   2.3248585e+00
   2.1950000e+03   5.0827414e-01   1.0923127e+00   2.3292826e+00
   2.1960000e+03   5.0782874e-01   1.0922650e+00   2.3324336e+00
   2.1970000e+03   5.0849593e-01   1.0955241e+00   2.3444694e+00
   2.1980000e+03   5.0856192e-01   1.0967731e+00   2.3517042e+00
   2.1990000e+03   5.0725819e-01   1.0951185e+00   2.3597025e+00
   2.2000000e+03   5.0591612e-01   1.0921424e+00   2.3594790e+00
   2.2010000e+03   5.0578468e-01   1.0940696e+00   2.3740242e+00
   2.2020000e+03   5.0578667e-01   1.0966395e+00   2.3871470e+00
   2.2030000e+03   5.0470581e-01   1.0949295e+00   2.3860861e+00
   2.2040000e+03   5.0397349e-01   1.0948359e+00   2.3940285e+00
   2.2050000e+03   5.0331907e-01   1.0947369e+00   2.4018264e+00
   2.2060000e+03   4.9972133e-01   1.0873214e+00   2.4010565e+00
   2.2070000e+03   4.8640256e-01   1.0513117e+00   2.3326768e+00
   2.2080000e+03   4.8351967e-01   1.0419960e+00   2.3037493e+00
   2.2090000e+03   4.9479269e-01   1.0748323e+00   2.3828588e+00
   2.2100000e+03   4.9208202e-01   1.0683733e+00   2.3833629e+00
   2.2110000e+03   4.8775898e-01   1.0586203e+00   2.3709122e+00
   2.2120000e+03   4.9786263e-01   1.0866620e+00   2.4201148e+00
   2.2130000e+03   5.0587319e-01   1.1063493e+00   2.4454371e+00
   2.2140000e+03   5.0543403e-01   1.1079450e+00   2.4645898e+00
   2.2150000e+03   5.0254210e-01   1.1026277e+00   2.4663171e+00
   2.2160000e+03   5.0083163e-01   1.0981847e+00   2.4550109e+00
   2.2170000e+03   5.0005105e-01   1.0972143e+00   2.4564019e+00
   2.2180000e+03   4.9895208e-01   1.0954767e+00   2.4574402e+00
   2.2190000e+03   4.9571599e-01   1.0873866e+00   2.4417980e+00
   2.2200000e+03   4.8019808e-01   1.0459712e+00   2.3540201e+00
   2.2210000e+03   4.7495452e-01   1.0328338e+00   2.3205739e+00
   2.2220000e+03   4.7705539e-01   1.0417906e+00   2.3442259e+00
   2.2230000e+03   5.9387213e-01   1.4512335e+00   3.2077884e+00
   2.2240000e+03   4.6775376e-01   1.0229816e+00   2.3320744e+00
   2.2250000e+03   4.6936130e-01   1.0299486e+00   2.3464508e+00
   2.2260000e+03   4.6256994e-01   1.0131388e+00   2.2946965e+00
   2.2270000e+03   4.6229782e-01   1.0114571e+00   2.2872726e+00
   2.2280000e+03   4.5684699e-01   1.0031628e+00   2.2993325e+00
   2.2290000e+03   5.5468905e-01   1.3689064e+00   3.0818016e+00
   2.2300000e+03   5.3733404e-01   1.3006021e+00   2.8888834e+00
   2.2310000e+03   5.3202893e-01   1.2821116e+00   2.8394412e+00
   2.2320000e+03   5.2837181e-01   1.2827892e+00   2.8701216e+00
   2.2330000e+03   5.2142960e-01   1.2632582e+00   2.8275178e+00
   2.2340000e+03   5.1419527e-01   1.2352923e+00   2.7474252e+00
   2.2350000e+03   5.0758702e-01   1.2147770e+00   2.6944054e+00
   2.2360000e+03   5.4794612e-01   1.3090434e+00   2.8211951e+00
   2.2370000e+03   5.4169273e-01   1.3132223e+00   2.8782739e+00
   2.2380000e+03   5.3239843e-01   1.2903451e+00   2.8308390e+00
   2.2390000e+03   5.3121869e-01   1.2805255e+00   2.7915266e+00
   2.2400000e+03   5.3574937e-01   1.3161803e+00   2.9077907e+00
   2.2410000e+03   5.3251626e-01   1.3091347e+00   2.8649519e+00
   2.2420000e+03   5.2504587e-01   1.2812879e+00   2.8200022e+00
   2.2430000e+03   5.2029414e-01   1.2527402e+00   2.7666441e+00
   2.2440000e+03   5.2069449e-01   1.2517390e+00   2.7684073e+00
   2.2450000e+03   5.2527942e-01   1.2662641e+00   2.8117541e+00
   2.2460000e+03   5.2360088e-01   1.2350661e+00   2.6761253e+00
   2.2470000e+03   5.2121265e-01   1.2291445e+00   2.6643751e+00
   2.2480000e+03   5.1807555e-01   1.2372641e+00   2.7188838e+00
   2.2490000e+03   5.0978184e-01   1.2175802e+00   2.6807510e+00
   2.2500000e+03   5.1510356e-01   1.2344684e+00   2.7484857e+00
   2.2510000e+03   5.3024045e-01   1.2773935e+00   2.8654790e+00
   2.2520000e+03   5.5112222e-01   1.3433884e+00   3.0341719e+00
   2.2530000e+03   4.3219722e-01   9.4014649e-01   2.2140972e+00
   2.2540000e+03   4.4379055e-01   9.5769541e-01   2.0541500e+00
   2.2550000e+03   4.5920940e-01   9.1897019e-01   1.9235458e+00
   2.2560000e+03   4.1934886e-01   9.0832075e-01   2.0502222e+00
   2.2570000e+03   5.4187207e-01   1.3482649e+00   3.0250584e+00
   2.2580000e+03   5.2297442e-01   1.2560815e+00   2.8071191e+00
   2.2590000e+03   5.1972017e-01   1.2290030e+00   2.6882422e+00
   2.2600000e+03   5.2362445e-01   1.2542416e+00   2.7761468e+00
   2.2610000e+03   5.0687757e-01   1.2127542e+00   2.6890752e+00
   2.2620000e+03   5.4853683e-01   1.3093421e+00   2.8181544e+00
   2.2630000e+03   5.4471934e-01   1.3178305e+00   2.8817145e+00
   2.2640000e+03   5.3455492e-01   1.3009198e+00   2.8649979e+00
   2.2650000e+03   5.2888296e-01   1.2707825e+00   2.7617140e+00
   2.2660000e+03   5.3322820e-01   1.2976895e+00   2.8578816e+00
   2.2670000e+03   5.3503255e-01   1.3211506e+00   2.9103406e+00
   2.2680000e+03   3.9348202e-01   8.3366388e-01   1.9157682e+00
   2.2690000e+03   5.2414261e-01   1.2749499e+00   2.8257509e+00
   2.2700000e+03   5.1998814e-01   1.2490615e+00   2.7535699e+00
   2.2710000e+03   5.2049578e-01   1.2515519e+00   2.7693337e+00
   2.2720000e+03   5.2498017e-01   1.2678128e+00   2.8210845e+00
   2.2730000e+03   5.2433109e-01   1.2362105e+00   2.6765719e+00
   2.2740000e+03   5.2147100e-01   1.2260127e+00   2.6482459e+00
   2.2750000e+03   5.2169053e-01   1.2448876e+00   2.7333793e+00
   2.2760000e+03   5.1025183e-01   1.2188492e+00   2.6793598e+00
   2.2770000e+03   5.0843933e-01   1.2156647e+00   2.6918818e+00
   2.2780000e+03   5.2567320e-01   1.2637345e+00   2.8283512e+00
   2.2790000e+03   5.3729423e-01   1.2978426e+00   2.9180427e+00
   2.2800000e+03   5.6067564e-01   1.3764744e+00   3.1043302e+00
   2.2810000e+03   4.3848490e-01   9.5922166e-01   2.2538127e+00
   2.2820000e+03   4.5748706e-01   9.1810697e-01   1.9051865e+00
   2.2830000e+03   4.6147366e-01   9.2245320e-01   1.9274811e+00
   2.2840000e+03   4.2197098e-01   9.1499600e-01   2.0686096e+00
   2.2850000e+03   5.4503475e-01   1.3609796e+00   3.0478068e+00
   2.2860000e+03   5.2402109e-01   1.2644016e+00   2.8423099e+00
   2.2870000e+03   5.2119340e-01   1.2350532e+00   2.7096833e+00
   2.2880000e+03   5.2139928e-01   1.2371152e+00   2.7126137e+00
   2.2890000e+03   5.2436161e-01   1.2729562e+00   2.8535238e+00
   2.2900000e+03   5.1638111e-01   1.2603494e+00   2.8380719e+00
   2.2910000e+03   5.0401978e-01   1.2027695e+00   2.6383063e+00
   2.2920000e+03   5.0223713e-01   1.1869287e+00   2.5561045e+00
   2.2930000e+03   5.0291262e-01   1.1766243e+00   2.5017063e+00
   2.2940000e+03   5.0435048e-01   1.1784317e+00   2.4812830e+00
   2.2950000e+03   3.7189313e-01   7.7736637e-01   1.7320465e+00
   2.2960000e+03   3.7452211e-01   7.8257740e-01   1.7253980e+00
   2.2970000e+03   3.8075344e-01   7.8985435e-01   1.6904785e+00
   2.2980000e+03   3.8021028e-01   7.9237877e-01   1.7146060e+00
   2.2990000e+03   3.9450595e-01   8.2421818e-01   1.8350181e+00
   2.3000000e+03   3.8406143e-01   8.0553136e-01   1.7562764e+00
   2.3010000e+03   3.7165271e-01   7.8874974e-01   1.7101470e+00
   2.3020000e+03   4.8866603e-01   1.1918672e+00   2.6277216e+00
   2.3030000e+03   4.0379429e-01   8.5925460e-01   1.9179184e+00
   2.3040000e+03   4.1167842e-01   8.8259898e-01   1.9749601e+00
   2.3050000e+03   4.2469540e-01   9.5366183e-01   2.2200303e+00
   2.3060000e+03   4.2968706e-01   9.3308226e-01   2.1195468e+00
   2.3070000e+03   4.2815039e-01   9.3324521e-01   2.0398904e+00
   2.3080000e+03   4.5836762e-01   9.1847159e-01   1.8718762e+00
   2.3090000e+03   4.6598587e-01   9.2449005e-01   1.7722480e+00
   2.3100000e+03   4.5880536e-01   9.1991924e-01   1.7551261e+00
   2.3110000e+03   4.5674177e-01   9.2005080e-01   1.6677804e+00
   2.3120000e+03   4.4459871e-01   9.1300229e-01   1.6456614e+00
   2.3130000e+03   4.6203339e-01   9.6152439e-01   2.0925215e+00
   2.3140000e+03   4.6419610e-01   9.3257913e-01   1.7986771e+00
   2.3150000e+03   4.5890451e-01   9.2258516e-01   1.8207108e+00
   2.3160000e+03   4.4854225e-01   9.9141469e-01   2.3948771e+00
   2.3170000e+03   4.3404927e-01   9.4469123e-01   2.2242436e+00
   2.3180000e+03   4.3926497e-01   8.6880228e-01   1.7171472e+00
   2.3190000e+03   4.3700079e-01   8.7407157e-01   1.7461385e+00
   2.3200000e+03   5.8324242e-01   1.5732101e+00   3.7889559e+00
   2.3210000e+03   4.2929052e-01   9.0543219e-01   2.2025551e+00
   2.3220000e+03   4.5919398e-01   9.4011952e-01   1.9338015e+00
   2.3230000e+03   4.8830013e-01   9.9228674e-01   1.8886074e+00
   2.3240000e+03   4.9159969e-01   1.0016961e+00   1.9202253e+00
   2.3250000e+03   4.6639714e-01   9.7329418e-01   1.8859440e+00
   2.3260000e+03   4.0051101e-01   8.8811633e-01   1.7290428e+00
   2.3270000e+03   4.6413134e-01   1.0049948e+00   2.3930598e+00
   2.3280000e+03   5.0616800e-01   1.0637523e+00   2.3374466e+00
   2.3290000e+03   4.6241067e-01   1.0138689e+00   1.9480018e+00
   2.3300000e+03   4.5591161e-01   9.7519061e-01   1.8654069e+00
   2.3310000e+03   4.3368571e-01   9.5570302e-01   2.4027002e+00
   2.3320000e+03   6.0519782e-01   1.7387318e+00   4.3956882e+00
   2.3330000e+03   5.1233575e-01   1.1003114e+00   2.6517170e+00
   2.3340000e+03   5.4880428e-01   1.6209432e+00   4.1994251e+00
   2.3350000e+03   4.0124433e-01   8.4816444e-01   1.9396306e+00
   2.3360000e+03   4.3558154e-01   9.0657102e-01   1.7238175e+00
   2.3370000e+03   4.3004286e-01   9.3984372e-01   1.7982094e+00
   2.3380000e+03   4.0505016e-01   9.0858539e-01   1.7727427e+00
   2.3390000e+03   4.4907619e-01   9.4550487e-01   1.7948464e+00
   2.3400000e+03   4.7481646e-01   1.0115423e+00   1.9202903e+00
   2.3410000e+03   4.8954165e-01   1.0198991e+00   1.9766982e+00
   2.3420000e+03   4.4307467e-01   9.2051828e-01   1.7951039e+00
   2.3430000e+03   4.4720606e-01   9.4487968e-01   2.0593157e+00
   2.3440000e+03   4.1677825e-01   8.8867006e-01   1.6965278e+00
   2.3450000e+03   4.3168375e-01   9.0675159e-01   1.7610861e+00
   2.3460000e+03   4.4845964e-01   9.8772290e-01   2.4137180e+00
   2.3470000e+03   5.8104839e-01   1.6711317e+00   4.2483207e+00
   2.3480000e+03   5.1884481e-01   1.5091778e+00   4.0063338e+00
   2.3490000e+03   5.3638717e-01   1.5647107e+00   4.0399638e+00
   2.3500000e+03   3.8927306e-01   8.5656000e-01   1.6395887e+00
   2.3510000e+03   3.9977176e-01   8.8708044e-01   1.6504817e+00
   2.3520000e+03   4.1414722e-01   9.1855598e-01   1.7035544e+00
   2.3530000e+03   4.0496619e-01   9.0969015e-01   1.7417209e+00
   2.3540000e+03   3.6972658e-01   8.5003792e-01   1.6602654e+00
   2.3550000e+03   4.1913549e-01   9.2514999e-01   1.9231926e+00
   2.3560000e+03   4.2681009e-01   9.3570642e-01   1.8072068e+00
   2.3570000e+03   4.3020459e-01   9.5393874e-01   1.8900082e+00
   2.3580000e+03   4.4324385e-01   9.7711034e-01   1.8897264e+00
   2.3590000e+03   4.2580157e-01   9.4078280e-01   1.7856775e+00
   2.3600000e+03   4.1684932e-01   9.0338594e-01   1.8042105e+00
   2.3610000e+03   4.2406446e-01   1.0081101e+00   2.5114370e+00
   2.3620000e+03   4.6238818e-01   1.0399780e+00   2.3518372e+00
   2.3630000e+03   3.5988571e-01   8.3434275e-01   1.7008815e+00
   2.3640000e+03   3.7702173e-01   8.7216196e-01   1.7154941e+00
   2.3650000e+03   3.9333472e-01   8.8043837e-01   1.6731467e+00
   2.3660000e+03   3.9152330e-01   8.8057457e-01   1.6443060e+00
   2.3670000e+03   4.2996878e-01   9.7484616e-01   1.9981051e+00
   2.3680000e+03   4.0675365e-01   9.3295649e-01   1.9323919e+00
   2.3690000e+03   3.8556866e-01   8.5422204e-01   1.6029209e+00
   2.3700000e+03   4.0690654e-01   8.8546981e-01   1.6435774e+00
   2.3710000e+03   4.2373269e-01   9.4193493e-01   1.7793986e+00
   2.3720000e+03   4.3987691e-01   9.8098644e-01   1.9034902e+00
   2.3730000e+03   4.0994242e-01   9.6250438e-01   2.0033355e+00
   2.3740000e+03   3.9230867e-01   9.4222389e-01   2.0279359e+00
   2.3750000e+03   3.8086714e-01   9.4111943e-01   1.8526889e+00
   2.3760000e+03   3.3667168e-01   8.3438647e-01   1.7557686e+00
   2.3770000e+03   3.7784597e-01   8.7103166e-01   1.7097902e+00
   2.3780000e+03   3.8575594e-01   8.7157384e-01   1.7642807e+00
