   7.2900000e+02   1.2287500e+03   6.4992344e-05
   7.3000000e+02   1.2300000e+03   9.6392744e-05
   7.3100000e+02   1.2312500e+03   1.0398262e-04
   7.3200000e+02   1.2325000e+03   1.2046535e-04
   7.3300000e+02   1.2337500e+03   1.5072618e-04
   7.3400000e+02   1.2350000e+03   1.7367708e-04
   7.3500000e+02   1.2362500e+03   2.3784433e-04
   7.3600000e+02   1.2375000e+03   2.8635547e-04
   7.3700000e+02   1.2387500e+03   2.9725818e-04
   7.3800000e+02   1.2400000e+03   3.3776731e-04
   7.3900000e+02   1.2412500e+03   3.7039503e-04
   7.4000000e+02   1.2425000e+03   4.8940636e-04
   7.4100000e+02   1.2437500e+03   6.6524452e-04
   7.4200000e+02   1.2450000e+03   7.3497447e-04
   7.4300000e+02   1.2462500e+03   7.7127566e-04
   7.4400000e+02   1.2475000e+03   8.1117805e-04
   7.4500000e+02   1.2487500e+03   9.3856537e-04
   7.4600000e+02   1.2500000e+03   1.1209068e-03
   7.4700000e+02   1.2512500e+03   1.3108645e-03
   7.4800000e+02   1.2525000e+03   1.3058613e-03
   7.4900000e+02   1.2537500e+03   1.5296567e-03
   7.5000000e+02   1.2550000e+03   1.9187136e-03
   7.5100000e+02   1.2562500e+03   1.8563675e-03
   7.5200000e+02   1.2575000e+03   1.9081453e-03
   7.5300000e+02   1.2587500e+03   2.0812987e-03
   7.5400000e+02   1.2600000e+03   2.5281238e-03
   7.5500000e+02   1.2612500e+03   2.7681914e-03
   7.5600000e+02   1.2625000e+03   3.1843431e-03
   7.5700000e+02   1.2637500e+03   3.4950759e-03
   7.5800000e+02   1.2650000e+03   3.4232455e-03
   7.5900000e+02   1.2662500e+03   3.5101727e-03
   7.6000000e+02   1.2675000e+03   3.7592051e-03
   7.6100000e+02   1.2687500e+03   4.5154740e-03
   7.6200000e+02   1.2700000e+03   4.7708895e-03
   7.6300000e+02   1.2712500e+03   5.2941435e-03
   7.6400000e+02   1.2725000e+03   5.2586425e-03
   7.6500000e+02   1.2737500e+03   5.3708765e-03
   7.6600000e+02   1.2750000e+03   5.5975918e-03
   7.6700000e+02   1.2762500e+03   5.7407746e-03
   7.6800000e+02   1.2775000e+03   5.3667911e-03
   7.6900000e+02   1.2787500e+03   4.9203163e-03
   7.7000000e+02   1.2800000e+03   4.5005077e-03
   7.7100000e+02   1.2812500e+03   3.9757516e-03
   7.7200000e+02   1.2825000e+03   3.1314724e-03
   7.7300000e+02   1.2837500e+03   1.5953080e-03
   7.7400000e+02   1.2850000e+03   1.4394935e-03
   7.7500000e+02   1.2862500e+03   1.7111745e-03
   7.7600000e+02   1.2875000e+03   2.3274864e-03
   7.7700000e+02   1.2887500e+03   3.6443513e-03
   7.7800000e+02   1.2900000e+03   4.2046676e-03
   7.7900000e+02   1.2912500e+03   4.7986823e-03
   7.8000000e+02   1.2925000e+03   5.4433429e-03
   7.8100000e+02   1.2937500e+03   6.1634583e-03
   7.8200000e+02   1.2950000e+03   5.7867122e-03
   7.8300000e+02   1.2962500e+03   6.0949183e-03
   7.8400000e+02   1.2975000e+03   6.3102681e-03
   7.8500000e+02   1.2987500e+03   6.5241197e-03
   7.8600000e+02   1.3000000e+03   6.1549268e-03
   7.8700000e+02   1.3012500e+03   7.6848030e-03
   7.8800000e+02   1.3025000e+03   6.4138241e-03
   7.8900000e+02   1.3037500e+03   5.7783346e-03
   7.9000000e+02   1.3050000e+03   5.1428451e-03
   7.9100000e+02   1.3062500e+03   3.8718661e-03
   7.9200000e+02   1.3075000e+03   3.4179831e-03
   7.9300000e+02   1.3087500e+03   3.2621432e-03
   7.9400000e+02   1.3100000e+03   3.1156418e-03
   7.9500000e+02   1.3112500e+03   3.0529734e-03
   7.9600000e+02   1.3125000e+03   3.1154986e-03
   7.9700000e+02   1.3137500e+03   3.0449009e-03
   7.9800000e+02   1.3150000e+03   2.7585033e-03
   7.9900000e+02   1.3162500e+03   2.3965555e-03
   8.0000000e+02   1.3175000e+03   1.9353365e-03
   8.0100000e+02   1.3187500e+03   1.6202821e-03
   8.0200000e+02   1.3200000e+03   1.3315875e-03
   8.0300000e+02   1.3212500e+03   1.1306062e-03
   8.0400000e+02   1.3225000e+03   8.1863680e-04
   8.0500000e+02   1.3237500e+03   6.3115895e-04
   8.0600000e+02   1.3250000e+03   5.0408778e-04
   8.0700000e+02   1.3262500e+03   4.1861395e-04
   8.0800000e+02   1.3275000e+03   2.6703680e-04
   8.0900000e+02   1.3287500e+03   1.9364439e-04
   8.1000000e+02   1.3300000e+03   1.5059217e-04
   8.1100000e+02   1.3312500e+03   1.3178667e-04
   1.1470000e+03   2.1550000e+03   4.6122567e-04
   1.1480000e+03   2.1575000e+03   6.2801604e-04
   1.1490000e+03   2.1600000e+03   8.4445281e-04
   1.1500000e+03   2.1625000e+03   1.1029828e-03
   1.1510000e+03   2.1650000e+03   1.4253629e-03
   1.1520000e+03   2.1675000e+03   1.8740855e-03
   1.1530000e+03   2.1700000e+03   2.4078792e-03
   1.1540000e+03   2.1725000e+03   2.9151040e-03
   1.1550000e+03   2.1750000e+03   3.3680602e-03
   1.1560000e+03   2.1775000e+03   3.4650519e-03
   1.1570000e+03   2.1800000e+03   3.7547109e-03
   1.1580000e+03   2.1825000e+03   4.9620043e-03
   1.1590000e+03   2.1850000e+03   6.7298519e-03
   1.1600000e+03   2.1875000e+03   7.3832024e-03
   1.1610000e+03   2.1900000e+03   6.8710255e-03
   1.1620000e+03   2.1925000e+03   7.0432222e-03
   1.1630000e+03   2.1950000e+03   8.9911397e-03
   1.1640000e+03   2.1975000e+03   1.2691648e-02
   1.1650000e+03   2.2000000e+03   1.1769910e-02
   1.1660000e+03   2.2025000e+03   1.3891808e-02
   1.1670000e+03   2.2050000e+03   1.6159077e-02
   1.1680000e+03   2.2075000e+03   2.1881034e-02
   1.1690000e+03   2.2100000e+03   1.9659468e-02
   1.1700000e+03   2.2125000e+03   2.3242851e-02
   1.1710000e+03   2.2150000e+03   2.1639488e-02
   1.1720000e+03   2.2175000e+03   2.4015823e-02
   1.1730000e+03   2.2200000e+03   1.2029424e-02
   1.1740000e+03   2.2225000e+03   8.5471543e-03
   1.1750000e+03   2.2250000e+03   8.3942348e-03
   1.1760000e+03   2.2275000e+03   1.1764855e-02
   1.1770000e+03   2.2300000e+03   2.0752077e-02
   1.1780000e+03   2.2325000e+03   4.4479252e-02
   1.1790000e+03   2.2350000e+03   2.7497639e-02
   1.1800000e+03   2.2375000e+03   4.1484228e-02
   1.1810000e+03   2.2400000e+03   2.3332308e-02
   1.1820000e+03   2.2425000e+03   3.5728138e-02
   1.1830000e+03   2.2450000e+03   1.7647528e-02
   1.1840000e+03   2.2475000e+03   2.2987225e-02
   1.1850000e+03   2.2500000e+03   7.6927910e-03
   1.1860000e+03   2.2525000e+03   1.0749809e-02
   1.2560000e+03   2.4275000e+03   8.2548125e-05
   1.2570000e+03   2.4300000e+03   1.0822471e-04
   1.2580000e+03   2.4325000e+03   1.4016714e-04
   1.2590000e+03   2.4350000e+03   1.7335648e-04
   1.2600000e+03   2.4375000e+03   2.1037426e-04
   1.2610000e+03   2.4400000e+03   2.4585353e-04
   1.2620000e+03   2.4425000e+03   2.7727989e-04
   1.2630000e+03   2.4450000e+03   2.9703253e-04
   1.2640000e+03   2.4475000e+03   3.2450549e-04
   1.2650000e+03   2.4500000e+03   3.3354339e-04
   1.2660000e+03   2.4525000e+03   3.1717512e-04
   1.2670000e+03   2.4550000e+03   2.7054998e-04
   1.2680000e+03   2.4575000e+03   1.9760905e-04
   1.2690000e+03   2.4600000e+03   1.1569469e-04
   1.2700000e+03   2.4625000e+03   9.7624597e-05
   1.2710000e+03   2.4650000e+03   1.7554264e-04
   1.2720000e+03   2.4675000e+03   2.7346495e-04
   1.2730000e+03   2.4700000e+03   3.4251249e-04
   1.2740000e+03   2.4725000e+03   3.7648528e-04
   1.2750000e+03   2.4750000e+03   3.7770952e-04
   1.2760000e+03   2.4775000e+03   3.5276071e-04
   1.2770000e+03   2.4800000e+03   3.1171722e-04
   1.2780000e+03   2.4825000e+03   2.7462937e-04
   1.2790000e+03   2.4850000e+03   2.2914508e-04
   1.2800000e+03   2.4875000e+03   1.8357538e-04
   1.2810000e+03   2.4900000e+03   1.3996051e-04
   1.2820000e+03   2.4925000e+03   1.0244284e-04
   1.2830000e+03   2.4950000e+03   7.2235823e-05
   1.2840000e+03   2.4975000e+03   5.1613277e-05
   1.2850000e+03   2.5000000e+03   3.7700795e-05
   1.2860000e+03   2.5025000e+03   2.9775817e-05
   1.2870000e+03   2.5050000e+03   2.6806873e-05
   1.2880000e+03   2.5075000e+03   2.8078019e-05
   1.2890000e+03   2.5100000e+03   3.3592257e-05
   1.2900000e+03   2.5125000e+03   4.3223858e-05
   1.2910000e+03   2.5150000e+03   5.7484718e-05
   1.2920000e+03   2.5175000e+03   7.8563363e-05
   1.2930000e+03   2.5200000e+03   1.0652324e-04
   1.2940000e+03   2.5225000e+03   1.4295040e-04
   1.2950000e+03   2.5250000e+03   1.8874648e-04
   1.2960000e+03   2.5275000e+03   2.4351577e-04
   1.2970000e+03   2.5300000e+03   3.0568185e-04
   1.2980000e+03   2.5325000e+03   3.7523352e-04
   1.2990000e+03   2.5350000e+03   4.4848615e-04
   1.3000000e+03   2.5375000e+03   5.2693687e-04
   1.3010000e+03   2.5400000e+03   6.1513088e-04
   1.3020000e+03   2.5425000e+03   7.1874715e-04
   1.3030000e+03   2.5450000e+03   8.2959968e-04
   1.3040000e+03   2.5475000e+03   9.2969460e-04
   1.3050000e+03   2.5500000e+03   1.0065203e-03
