   7.1430000e+03   2.4305000e+03   1.1848281e-04
   7.1440000e+03   2.4307500e+03   1.4421565e-04
   7.1450000e+03   2.4310000e+03   1.0304387e-04
   7.1460000e+03   2.4312500e+03   9.7958312e-05
   7.1470000e+03   2.4315000e+03   1.4820437e-04
   7.1480000e+03   2.4317500e+03   1.4263228e-04
   7.1490000e+03   2.4320000e+03   9.9151746e-05
   7.1500000e+03   2.4322500e+03   1.2997155e-04
   7.1510000e+03   2.4325000e+03   1.7401484e-04
   7.1520000e+03   2.4327500e+03   1.3458620e-04
   7.1530000e+03   2.4330000e+03   1.1096694e-04
   7.1540000e+03   2.4332500e+03   1.7163856e-04
   7.1550000e+03   2.4335000e+03   1.8245873e-04
   7.1560000e+03   2.4337500e+03   1.2326532e-04
   7.1570000e+03   2.4340000e+03   1.4114733e-04
   7.1580000e+03   2.4342500e+03   2.0577994e-04
   7.1590000e+03   2.4345000e+03   1.7108663e-04
   7.1600000e+03   2.4347500e+03   1.2685765e-04
   7.1610000e+03   2.4350000e+03   1.8879246e-04
   7.1620000e+03   2.4352500e+03   2.1888268e-04
   7.1630000e+03   2.4355000e+03   1.4953525e-04
   7.1640000e+03   2.4357500e+03   1.5040506e-04
   7.1650000e+03   2.4360000e+03   2.2382742e-04
   7.1660000e+03   2.4362500e+03   1.9860293e-04
   7.1670000e+03   2.4365000e+03   1.4206452e-04
   7.1680000e+03   2.4367500e+03   2.0455458e-04
   7.1690000e+03   2.4370000e+03   2.5533548e-04
   7.1700000e+03   2.4372500e+03   1.8088781e-04
   7.1710000e+03   2.4375000e+03   1.6948180e-04
   7.1720000e+03   2.4377500e+03   2.6392235e-04
   7.1730000e+03   2.4380000e+03   2.4258170e-04
   7.1740000e+03   2.4382500e+03   1.6336717e-04
   7.1750000e+03   2.4385000e+03   2.2053813e-04
   7.1760000e+03   2.4387500e+03   2.9226998e-04
   7.1770000e+03   2.4390000e+03   2.0925812e-04
   7.1780000e+03   2.4392500e+03   1.8380521e-04
   7.1790000e+03   2.4395000e+03   2.8573411e-04
   7.1800000e+03   2.4397500e+03   2.7851603e-04
   7.1810000e+03   2.4400000e+03   1.8544119e-04
   7.1820000e+03   2.4402500e+03   2.4413068e-04
   7.1830000e+03   2.4405000e+03   3.2661974e-04
   7.1840000e+03   2.4407500e+03   2.3624491e-04
   7.1850000e+03   2.4410000e+03   1.9744423e-04
   7.1860000e+03   2.4412500e+03   3.0850759e-04
   7.1870000e+03   2.4415000e+03   3.1614028e-04
   7.1880000e+03   2.4417500e+03   2.0608385e-04
   7.1890000e+03   2.4420000e+03   2.6010389e-04
   7.1900000e+03   2.4422500e+03   3.5202939e-04
   7.1910000e+03   2.4425000e+03   2.6153248e-04
   7.1920000e+03   2.4427500e+03   2.1626838e-04
   7.1930000e+03   2.4430000e+03   3.3759380e-04
   7.1940000e+03   2.4432500e+03   3.3481219e-04
   7.1950000e+03   2.4435000e+03   2.1948691e-04
   7.1960000e+03   2.4437500e+03   2.7071685e-04
   7.1970000e+03   2.4440000e+03   3.7212777e-04
   7.1980000e+03   2.4442500e+03   2.7938103e-04
   7.1990000e+03   2.4445000e+03   2.2794398e-04
   7.2000000e+03   2.4447500e+03   3.4701673e-04
   7.2010000e+03   2.4450000e+03   3.5553221e-04
   7.2020000e+03   2.4452500e+03   2.3408199e-04
   7.2030000e+03   2.4455000e+03   2.8867932e-04
   7.2040000e+03   2.4457500e+03   3.9392702e-04
   7.2050000e+03   2.4460000e+03   2.9809375e-04
   7.2060000e+03   2.4462500e+03   2.3883293e-04
   7.2070000e+03   2.4465000e+03   3.6586093e-04
   7.2080000e+03   2.4467500e+03   3.7629118e-04
   7.2090000e+03   2.4470000e+03   2.4843596e-04
   7.2100000e+03   2.4472500e+03   3.0616226e-04
   7.2110000e+03   2.4475000e+03   4.1975971e-04
   7.2120000e+03   2.4477500e+03   3.1219057e-04
   7.2130000e+03   2.4480000e+03   2.5685261e-04
   7.2140000e+03   2.4482500e+03   3.9282713e-04
   7.2150000e+03   2.4485000e+03   3.8591944e-04
   7.2160000e+03   2.4487500e+03   2.5699634e-04
   7.2170000e+03   2.4490000e+03   3.2879100e-04
   7.2180000e+03   2.4492500e+03   4.3219843e-04
   7.2190000e+03   2.4495000e+03   3.0778474e-04
   7.2200000e+03   2.4497500e+03   2.6984065e-04
   7.2210000e+03   2.4500000e+03   4.0840241e-04
   7.2220000e+03   2.4502500e+03   3.7769961e-04
   7.2230000e+03   2.4505000e+03   2.5430769e-04
   7.2240000e+03   2.4507500e+03   3.4073650e-04
   7.2250000e+03   2.4510000e+03   4.2043387e-04
   7.2260000e+03   2.4512500e+03   2.8851365e-04
   7.2270000e+03   2.4515000e+03   2.7742247e-04
   7.2280000e+03   2.4517500e+03   4.1078659e-04
   7.2290000e+03   2.4520000e+03   3.5240071e-04
   7.2300000e+03   2.4522500e+03   2.4888791e-04
   7.2310000e+03   2.4525000e+03   3.4913011e-04
   7.2320000e+03   2.4527500e+03   3.9492862e-04
   7.2330000e+03   2.4530000e+03   2.6152504e-04
   7.2340000e+03   2.4532500e+03   2.7666854e-04
   7.2350000e+03   2.4535000e+03   3.8933607e-04
   7.2360000e+03   2.4537500e+03   3.0790132e-04
   7.2370000e+03   2.4540000e+03   2.3229086e-04
   7.2380000e+03   2.4542500e+03   3.3648640e-04
   7.2390000e+03   2.4545000e+03   3.4390077e-04
   7.2400000e+03   2.4547500e+03   2.2420120e-04
   7.2410000e+03   2.4550000e+03   2.6111310e-04
   7.2420000e+03   2.4552500e+03   3.4095021e-04
   7.2430000e+03   2.4555000e+03   2.4423891e-04
   7.2440000e+03   2.4557500e+03   2.0335170e-04
   7.2450000e+03   2.4560000e+03   2.9676572e-04
   7.2460000e+03   2.4562500e+03   2.6827414e-04
   7.2470000e+03   2.4565000e+03   1.7549457e-04
   7.2480000e+03   2.4567500e+03   2.3161810e-04
   7.2490000e+03   2.4570000e+03   2.7562026e-04
   7.2500000e+03   2.4572500e+03   1.9322173e-04
   7.2510000e+03   2.4575000e+03   1.8890334e-04
   7.2520000e+03   2.4577500e+03   2.4745214e-04
   7.2530000e+03   2.4580000e+03   1.8908115e-04
   7.2540000e+03   2.4582500e+03   1.3335103e-04
   7.2550000e+03   2.4585000e+03   1.8384474e-04
   7.2560000e+03   2.4587500e+03   1.8492407e-04
   7.2570000e+03   2.4590000e+03   1.1998129e-04
   7.2580000e+03   2.4592500e+03   1.3171673e-04
   7.2590000e+03   2.4595000e+03   1.5895138e-04
   7.2600000e+03   2.4597500e+03   1.1437059e-04
   7.2610000e+03   2.4600000e+03   9.3616203e-05
   7.2620000e+03   2.4602500e+03   1.1620585e-04
   7.2630000e+03   2.4605000e+03   9.9725809e-05
   7.2640000e+03   2.4607500e+03   6.9994656e-05
   7.2650000e+03   2.4610000e+03   7.0518400e-05
   7.2660000e+03   2.4612500e+03   6.9332091e-05
   7.2670000e+03   2.4615000e+03   6.0453280e-05
   7.2680000e+03   2.4617500e+03   4.8914455e-05
   7.2690000e+03   2.4620000e+03   3.8826800e-05
   7.2700000e+03   2.4622500e+03   5.2481210e-05
   7.2710000e+03   2.4625000e+03   6.9098051e-05
   7.2720000e+03   2.4627500e+03   7.4471450e-05
   7.2730000e+03   2.4630000e+03   7.8516833e-05
   7.2740000e+03   2.4632500e+03   9.0229592e-05
   7.2750000e+03   2.4635000e+03   1.1386467e-04
   7.2760000e+03   2.4637500e+03   1.2679300e-04
   7.2770000e+03   2.4640000e+03   1.1260961e-04
   7.2780000e+03   2.4642500e+03   1.4078839e-04
   7.2790000e+03   2.4645000e+03   1.7751287e-04
   7.2800000e+03   2.4647500e+03   1.5352321e-04
   7.2810000e+03   2.4650000e+03   1.5741797e-04
   7.2820000e+03   2.4652500e+03   2.1798207e-04
   7.2830000e+03   2.4655000e+03   2.0632308e-04
   7.2840000e+03   2.4657500e+03   1.7573261e-04
   7.2850000e+03   2.4660000e+03   2.3929952e-04
   7.2860000e+03   2.4662500e+03   2.6351520e-04
   7.2870000e+03   2.4665000e+03   2.0428279e-04
   7.2880000e+03   2.4667500e+03   2.4390805e-04
   7.2890000e+03   2.4670000e+03   3.1042810e-04
   7.2900000e+03   2.4672500e+03   2.4865006e-04
   7.2910000e+03   2.4675000e+03   2.4255666e-04
   7.2920000e+03   2.4677500e+03   3.3877306e-04
   7.2930000e+03   2.4680000e+03   3.0455859e-04
   7.2940000e+03   2.4682500e+03   2.4846726e-04
   7.2950000e+03   2.4685000e+03   3.4257910e-04
   7.2960000e+03   2.4687500e+03   3.6086764e-04
   7.2970000e+03   2.4690000e+03   2.6793852e-04
   7.2980000e+03   2.4692500e+03   3.3115955e-04
   7.2990000e+03   2.4695000e+03   4.0581679e-04
   7.3000000e+03   2.4697500e+03   3.0455293e-04
   7.3010000e+03   2.4700000e+03   3.1129485e-04
   7.3020000e+03   2.4702500e+03   4.2584647e-04
   7.3030000e+03   2.4705000e+03   3.5034057e-04
   7.3040000e+03   2.4707500e+03   2.9913753e-04
   7.3050000e+03   2.4710000e+03   4.2446185e-04
   7.3060000e+03   2.4712500e+03   4.0304989e-04
   7.3070000e+03   2.4715000e+03   2.9928840e-04
   7.3080000e+03   2.4717500e+03   4.0204769e-04
   7.3090000e+03   2.4720000e+03   4.4585222e-04
   7.3100000e+03   2.4722500e+03   3.1683187e-04
   7.3110000e+03   2.4725000e+03   3.7142879e-04
   7.3120000e+03   2.4727500e+03   4.7248577e-04
   7.3130000e+03   2.4730000e+03   3.4545899e-04
   7.3140000e+03   2.4732500e+03   3.3325844e-04
   7.3150000e+03   2.4735000e+03   4.6417346e-04
   7.3160000e+03   2.4737500e+03   3.7996372e-04
   7.3170000e+03   2.4740000e+03   3.1472268e-04
   7.3180000e+03   2.4742500e+03   4.5319429e-04
   7.3190000e+03   2.4745000e+03   4.2058003e-04
   7.3200000e+03   2.4747500e+03   3.0354732e-04
   7.3210000e+03   2.4750000e+03   4.1017722e-04
   7.3220000e+03   2.4752500e+03   4.4791534e-04
   7.3230000e+03   2.4755000e+03   3.0907147e-04
   7.3240000e+03   2.4757500e+03   3.6722211e-04
   7.3250000e+03   2.4760000e+03   4.5565517e-04
   7.3260000e+03   2.4762500e+03   3.2568120e-04
   7.3270000e+03   2.4765000e+03   3.2880940e-04
   7.3280000e+03   2.4767500e+03   4.4834487e-04
   7.3290000e+03   2.4770000e+03   3.4917230e-04
   7.3300000e+03   2.4772500e+03   2.9844595e-04
   7.3310000e+03   2.4775000e+03   4.2383959e-04
   7.3320000e+03   2.4777500e+03   3.7156461e-04
   7.3330000e+03   2.4780000e+03   2.8341883e-04
   7.3340000e+03   2.4782500e+03   3.9031954e-04
   7.3350000e+03   2.4785000e+03   3.7992168e-04
   7.3360000e+03   2.4787500e+03   2.7008802e-04
   7.3370000e+03   2.4790000e+03   3.4971624e-04
   7.3380000e+03   2.4792500e+03   3.8434947e-04
   7.3390000e+03   2.4795000e+03   2.6738966e-04
   7.3400000e+03   2.4797500e+03   3.1703987e-04
   7.3410000e+03   2.4800000e+03   3.7708986e-04
   7.3420000e+03   2.4802500e+03   2.7049528e-04
   7.3430000e+03   2.4805000e+03   2.8628500e-04
   7.3440000e+03   2.4807500e+03   3.6591972e-04
   7.3450000e+03   2.4810000e+03   2.7922153e-04
   7.3460000e+03   2.4812500e+03   2.6039058e-04
   7.3470000e+03   2.4815000e+03   3.4927642e-04
   7.3480000e+03   2.4817500e+03   2.8885231e-04
   7.3490000e+03   2.4820000e+03   2.3830191e-04
   7.3500000e+03   2.4822500e+03   3.2475638e-04
   7.3510000e+03   2.4825000e+03   2.9384086e-04
   7.3520000e+03   2.4827500e+03   2.2098916e-04
   7.3530000e+03   2.4830000e+03   2.9336070e-04
   7.3540000e+03   2.4832500e+03   2.9290766e-04
   7.3550000e+03   2.4835000e+03   2.0905680e-04
   7.3560000e+03   2.4837500e+03   2.6531152e-04
   7.3570000e+03   2.4840000e+03   2.8944610e-04
   7.3580000e+03   2.4842500e+03   2.0107737e-04
   7.3590000e+03   2.4845000e+03   2.3585118e-04
   7.3600000e+03   2.4847500e+03   2.8065872e-04
   7.3610000e+03   2.4850000e+03   1.9564207e-04
   7.3620000e+03   2.4852500e+03   2.1093461e-04
   7.3630000e+03   2.4855000e+03   2.6811093e-04
   7.3640000e+03   2.4857500e+03   1.9127598e-04
   7.3650000e+03   2.4860000e+03   1.8803063e-04
   7.3660000e+03   2.4862500e+03   2.5283566e-04
   7.3670000e+03   2.4865000e+03   1.8645528e-04
   7.3680000e+03   2.4867500e+03   1.6853420e-04
   7.3690000e+03   2.4870000e+03   2.3398020e-04
   7.3700000e+03   2.4872500e+03   1.8085546e-04
   7.3710000e+03   2.4875000e+03   1.5201348e-04
   7.3720000e+03   2.4877500e+03   2.1532147e-04
   7.3730000e+03   2.4880000e+03   1.7339594e-04
   7.3740000e+03   2.4882500e+03   1.3730788e-04
   7.3750000e+03   2.4885000e+03   1.9537271e-04
   7.3760000e+03   2.4887500e+03   1.6588648e-04
   7.3770000e+03   2.4890000e+03   1.2541619e-04
   7.3780000e+03   2.4892500e+03   1.7633889e-04
   7.3790000e+03   2.4895000e+03   1.5496411e-04
   7.3800000e+03   2.4897500e+03   1.1430341e-04
   7.3810000e+03   2.4900000e+03   1.5924882e-04
   7.3820000e+03   2.4902500e+03   1.4596104e-04
   7.3830000e+03   2.4905000e+03   1.0410362e-04
   7.3840000e+03   2.4907500e+03   1.4190637e-04
   7.3850000e+03   2.4910000e+03   1.3372220e-04
   7.3860000e+03   2.4912500e+03   9.5286051e-05
   7.3870000e+03   2.4915000e+03   1.2656448e-04
   7.3880000e+03   2.4917500e+03   1.2237673e-04
   7.3890000e+03   2.4920000e+03   8.5700545e-05
   7.3900000e+03   2.4922500e+03   1.1355707e-04
   7.3910000e+03   2.4925000e+03   1.1344554e-04
   7.3920000e+03   2.4927500e+03   7.9317375e-05
   7.3930000e+03   2.4930000e+03   1.0092688e-04
   7.3940000e+03   2.4932500e+03   1.0192803e-04
   7.3950000e+03   2.4935000e+03   6.9599835e-05
   7.3960000e+03   2.4937500e+03   8.7207377e-05
   7.3970000e+03   2.4940000e+03   8.9020897e-05
   7.3980000e+03   2.4942500e+03   6.3609520e-05
   7.3990000e+03   2.4945000e+03   8.1732881e-05
   7.4000000e+03   2.4947500e+03   8.2356934e-05
   7.4010000e+03   2.4950000e+03   5.7855054e-05
   7.4020000e+03   2.4952500e+03   7.3987241e-05
   7.4030000e+03   2.4955000e+03   7.1863209e-05
   7.4040000e+03   2.4957500e+03   5.0861211e-05
   7.4050000e+03   2.4960000e+03   6.6197666e-05
   7.4060000e+03   2.4962500e+03   6.7004026e-05
   7.4070000e+03   2.4965000e+03   4.9608065e-05
   7.4080000e+03   2.4967500e+03   6.0918739e-05
   7.4090000e+03   2.4970000e+03   5.5886989e-05
   7.4100000e+03   2.4972500e+03   4.2808947e-05
   7.4110000e+03   2.4975000e+03   5.7340341e-05
   7.4120000e+03   2.4977500e+03   5.2828963e-05
   7.4130000e+03   2.4980000e+03   3.9128484e-05
   7.4140000e+03   2.4982500e+03   4.8569130e-05
   7.4150000e+03   2.4985000e+03   4.4058229e-05
   7.4160000e+03   2.4987500e+03   3.9925516e-05
   7.4170000e+03   2.4990000e+03   4.7440344e-05
   7.4180000e+03   2.4992500e+03   3.7909694e-05
   7.4190000e+03   2.4995000e+03   3.3109579e-05
   7.4200000e+03   2.4997500e+03   4.0896098e-05
   7.4210000e+03   2.5000000e+03   3.6766789e-05
   7.4220000e+03   2.5002500e+03   3.5728910e-05
   7.4230000e+03   2.5005000e+03   3.7092094e-05
   7.4240000e+03   2.5007500e+03   2.8199561e-05
   7.4250000e+03   2.5010000e+03   3.0211308e-05
   7.4260000e+03   2.5012500e+03   3.8705316e-05
   7.4270000e+03   2.5015000e+03   3.1426945e-05
   7.4280000e+03   2.5017500e+03   2.8305988e-05
   7.4290000e+03   2.5020000e+03   2.7682503e-05
   7.4300000e+03   2.5022500e+03   2.5782188e-05
   7.4310000e+03   2.5025000e+03   3.4842236e-05
   7.4320000e+03   2.5027500e+03   3.2228626e-05
   7.4330000e+03   2.5030000e+03   2.1224692e-05
   7.4340000e+03   2.5032500e+03   2.3397888e-05
   7.4350000e+03   2.5035000e+03   2.9072459e-05
   7.4360000e+03   2.5037500e+03   3.2691614e-05
   7.4370000e+03   2.5040000e+03   2.8103772e-05
   7.4380000e+03   2.5042500e+03   2.0497230e-05
   7.4390000e+03   2.5045000e+03   2.2124678e-05
   7.4400000e+03   2.5047500e+03   2.9623217e-05
   7.4410000e+03   2.5050000e+03   3.2115385e-05
   7.4420000e+03   2.5052500e+03   2.5681022e-05
   7.4430000e+03   2.5055000e+03   2.0077324e-05
   7.4440000e+03   2.5057500e+03   2.0734021e-05
   7.4450000e+03   2.5060000e+03   3.0935519e-05
   7.4460000e+03   2.5062500e+03   3.3573295e-05
   7.4470000e+03   2.5065000e+03   2.3643178e-05
   7.4480000e+03   2.5067500e+03   1.9717662e-05
   7.4490000e+03   2.5070000e+03   2.1545091e-05
   7.4500000e+03   2.5072500e+03   3.4046827e-05
   7.4510000e+03   2.5075000e+03   3.5811940e-05
   7.4520000e+03   2.5077500e+03   2.2585330e-05
   7.4530000e+03   2.5080000e+03   1.7509951e-05
   7.4540000e+03   2.5082500e+03   2.6025374e-05
   7.4550000e+03   2.5085000e+03   4.2115739e-05
   7.4560000e+03   2.5087500e+03   3.5900282e-05
   7.4570000e+03   2.5090000e+03   2.0264528e-05
   7.4580000e+03   2.5092500e+03   1.9576180e-05
   7.4590000e+03   2.5095000e+03   3.3642636e-05
   7.4600000e+03   2.5097500e+03   4.7849824e-05
   7.4610000e+03   2.5100000e+03   3.3639457e-05
   7.4620000e+03   2.5102500e+03   1.9680248e-05
   7.4630000e+03   2.5105000e+03   2.3723654e-05
   7.4640000e+03   2.5107500e+03   4.5470562e-05
   7.4650000e+03   2.5110000e+03   5.2993743e-05
   7.4660000e+03   2.5112500e+03   3.1982577e-05
   7.4670000e+03   2.5115000e+03   2.0940679e-05
   7.4680000e+03   2.5117500e+03   3.2973639e-05
   7.4690000e+03   2.5120000e+03   5.9172632e-05
   7.4700000e+03   2.5122500e+03   5.8275602e-05
   7.4710000e+03   2.5125000e+03   3.0292784e-05
   7.4720000e+03   2.5127500e+03   2.2459406e-05
   7.4730000e+03   2.5130000e+03   4.5502521e-05
   7.4740000e+03   2.5132500e+03   7.4635127e-05
   7.4750000e+03   2.5135000e+03   5.2747781e-05
   7.4760000e+03   2.5137500e+03   2.4517208e-05
   7.4770000e+03   2.5140000e+03   2.9674059e-05
   7.4780000e+03   2.5142500e+03   7.0545295e-05
   7.4790000e+03   2.5145000e+03   8.3905900e-05
   7.4800000e+03   2.5147500e+03   4.3073174e-05
   7.4810000e+03   2.5150000e+03   2.5137730e-05
   7.4820000e+03   2.5152500e+03   5.0369992e-05
   7.4830000e+03   2.5155000e+03   9.5461291e-05
   7.4840000e+03   2.5157500e+03   7.6645607e-05
   7.4850000e+03   2.5160000e+03   3.4855468e-05
   7.4860000e+03   2.5162500e+03   3.6956616e-05
   7.4870000e+03   2.5165000e+03   8.1804877e-05
   7.4880000e+03   2.5167500e+03   1.1253597e-04
   7.4890000e+03   2.5170000e+03   6.7442688e-05
   7.4900000e+03   2.5172500e+03   3.6165979e-05
   7.4910000e+03   2.5175000e+03   5.7472838e-05
   7.4920000e+03   2.5177500e+03   1.1906248e-04
   7.4930000e+03   2.5180000e+03   1.1538901e-04
   7.4940000e+03   2.5182500e+03   5.4281378e-05
   7.4950000e+03   2.5185000e+03   4.3078937e-05
   7.4960000e+03   2.5187500e+03   9.9964565e-05
   7.4970000e+03   2.5190000e+03   1.5379068e-04
   7.4980000e+03   2.5192500e+03   9.7680163e-05
   7.4990000e+03   2.5195000e+03   4.6451423e-05
   7.5000000e+03   2.5197500e+03   7.3479290e-05
   7.5010000e+03   2.5200000e+03   1.5410265e-04
   7.5020000e+03   2.5202500e+03   1.5347337e-04
   7.5030000e+03   2.5205000e+03   7.3765871e-05
   7.5040000e+03   2.5207500e+03   5.9695383e-05
   7.5050000e+03   2.5210000e+03   1.2699218e-04
   7.5060000e+03   2.5212500e+03   1.9679465e-04
   7.5070000e+03   2.5215000e+03   1.2999565e-04
   7.5080000e+03   2.5217500e+03   6.5764279e-05
   7.5090000e+03   2.5220000e+03   9.3921466e-05
   7.5100000e+03   2.5222500e+03   1.9980163e-04
   7.5110000e+03   2.5225000e+03   2.0002844e-04
   7.5120000e+03   2.5227500e+03   9.7060822e-05
   7.5130000e+03   2.5230000e+03   7.5061985e-05
   7.5140000e+03   2.5232500e+03   1.7278374e-04
   7.5150000e+03   2.5235000e+03   2.5907977e-04
   7.5160000e+03   2.5237500e+03   1.5923607e-04
   7.5170000e+03   2.5240000e+03   7.8008433e-05
   7.5180000e+03   2.5242500e+03   1.3494354e-04
   7.5190000e+03   2.5245000e+03   2.7496582e-04
   7.5200000e+03   2.5247500e+03   2.3858771e-04
   7.5210000e+03   2.5250000e+03   1.0774065e-04
   7.5220000e+03   2.5252500e+03   1.0832131e-04
   7.5230000e+03   2.5255000e+03   2.5259529e-04
   7.5240000e+03   2.5257500e+03   3.2168470e-04
   7.5250000e+03   2.5260000e+03   1.7302978e-04
   7.5260000e+03   2.5262500e+03   1.0292309e-04
   7.5270000e+03   2.5265000e+03   2.1270562e-04
   7.5280000e+03   2.5267500e+03   3.6551586e-04
   7.5290000e+03   2.5270000e+03   2.5326058e-04
   7.5300000e+03   2.5272500e+03   1.1856165e-04
   7.5310000e+03   2.5275000e+03   1.7326070e-04
   7.5320000e+03   2.5277500e+03   3.7341587e-04
   7.5330000e+03   2.5280000e+03   3.4763830e-04
   7.5340000e+03   2.5282500e+03   1.6030818e-04
   7.5350000e+03   2.5285000e+03   1.4979212e-04
   7.5360000e+03   2.5287500e+03   3.4741041e-04
   7.5370000e+03   2.5290000e+03   4.3126222e-04
   7.5380000e+03   2.5292500e+03   2.2659959e-04
   7.5390000e+03   2.5295000e+03   1.4915926e-04
   7.5400000e+03   2.5297500e+03   3.0738627e-04
   7.5410000e+03   2.5300000e+03   4.9007343e-04
   7.5420000e+03   2.5302500e+03   3.1559497e-04
   7.5430000e+03   2.5305000e+03   1.6384915e-04
   7.5440000e+03   2.5307500e+03   2.6854273e-04
   7.5450000e+03   2.5310000e+03   5.1206182e-04
   7.5460000e+03   2.5312500e+03   4.1852300e-04
   7.5470000e+03   2.5315000e+03   1.9959776e-04
   7.5480000e+03   2.5317500e+03   2.4209446e-04
   7.5490000e+03   2.5320000e+03   5.0656932e-04
   7.5500000e+03   2.5322500e+03   5.1609433e-04
   7.5510000e+03   2.5325000e+03   2.5394319e-04
   7.5520000e+03   2.5327500e+03   2.2739925e-04
   7.5530000e+03   2.5330000e+03   4.8532237e-04
   7.5540000e+03   2.5332500e+03   6.0272314e-04
   7.5550000e+03   2.5335000e+03   3.2451881e-04
   7.5560000e+03   2.5337500e+03   2.2616924e-04
   7.5570000e+03   2.5340000e+03   4.5736087e-04
   7.5580000e+03   2.5342500e+03   6.7177160e-04
   7.5590000e+03   2.5345000e+03   4.0649060e-04
   7.5600000e+03   2.5347500e+03   2.3763853e-04
   7.5610000e+03   2.5350000e+03   4.3088686e-04
   7.5620000e+03   2.5352500e+03   7.2047571e-04
   7.5630000e+03   2.5355000e+03   4.9043917e-04
   7.5640000e+03   2.5357500e+03   2.6074231e-04
   7.5650000e+03   2.5360000e+03   4.0906154e-04
   7.5660000e+03   2.5362500e+03   7.5331328e-04
   7.5670000e+03   2.5365000e+03   5.7243042e-04
   7.5680000e+03   2.5367500e+03   2.9314116e-04
   7.5690000e+03   2.5370000e+03   4.0770308e-04
   7.5700000e+03   2.5372500e+03   7.7649935e-04
   7.5710000e+03   2.5375000e+03   6.3885428e-04
   7.5720000e+03   2.5377500e+03   3.2931837e-04
   7.5730000e+03   2.5380000e+03   4.1101980e-04
   7.5740000e+03   2.5382500e+03   7.9402232e-04
   7.5750000e+03   2.5385000e+03   7.1051760e-04
   7.5760000e+03   2.5387500e+03   3.7006330e-04
   7.5770000e+03   2.5390000e+03   4.3007786e-04
   7.5780000e+03   2.5392500e+03   8.1765891e-04
   7.5790000e+03   2.5395000e+03   7.6446802e-04
   7.5800000e+03   2.5397500e+03   4.1114875e-04
   7.5810000e+03   2.5400000e+03   4.6158617e-04
   7.5820000e+03   2.5402500e+03   8.5476919e-04
   7.5830000e+03   2.5405000e+03   8.1955361e-04
   7.5840000e+03   2.5407500e+03   4.5463982e-04
   7.5850000e+03   2.5410000e+03   4.9777935e-04
   7.5860000e+03   2.5412500e+03   9.0186398e-04
   7.5870000e+03   2.5415000e+03   8.6792323e-04
   7.5880000e+03   2.5417500e+03   4.9011980e-04
   7.5890000e+03   2.5420000e+03   5.4275955e-04
   7.5900000e+03   2.5422500e+03   9.5698328e-04
   7.5910000e+03   2.5425000e+03   8.9945355e-04
   7.5920000e+03   2.5427500e+03   5.2381691e-04
   7.5930000e+03   2.5430000e+03   6.0492679e-04
   7.5940000e+03   2.5432500e+03   1.0335587e-03
   7.5950000e+03   2.5435000e+03   9.2944746e-04
   7.5960000e+03   2.5437500e+03   5.5306579e-04
   7.5970000e+03   2.5440000e+03   6.7105639e-04
   7.5980000e+03   2.5442500e+03   1.1085320e-03
   7.5990000e+03   2.5445000e+03   9.3871078e-04
   7.6000000e+03   2.5447500e+03   5.7215689e-04
   7.6010000e+03   2.5450000e+03   7.3872563e-04
   7.6020000e+03   2.5452500e+03   1.1645906e-03
   7.6030000e+03   2.5455000e+03   9.0776644e-04
   7.6040000e+03   2.5457500e+03   5.9348159e-04
   7.6050000e+03   2.5460000e+03   8.5066995e-04
   7.6060000e+03   2.5462500e+03   1.2502307e-03
   7.6070000e+03   2.5465000e+03   8.8909349e-04
   7.6080000e+03   2.5467500e+03   6.2977289e-04
   7.6090000e+03   2.5470000e+03   9.6586492e-04
   7.6100000e+03   2.5472500e+03   1.2881022e-03
   7.6110000e+03   2.5475000e+03   8.5365945e-04
   7.6120000e+03   2.5477500e+03   6.8471829e-04
   7.6130000e+03   2.5480000e+03   1.1113847e-03
   7.6140000e+03   2.5482500e+03   1.2756936e-03
   7.6150000e+03   2.5485000e+03   7.9490755e-04
   7.6160000e+03   2.5487500e+03   7.5291259e-04
   7.6170000e+03   2.5490000e+03   1.2416753e-03
   7.6180000e+03   2.5492500e+03   1.2226354e-03
   7.6190000e+03   2.5495000e+03   7.6477320e-04
   7.6200000e+03   2.5497500e+03   8.6141302e-04
   7.6210000e+03   2.5500000e+03   1.3582627e-03
   7.6220000e+03   2.5502500e+03   1.1180816e-03
   7.6230000e+03   2.5505000e+03   7.5108115e-04
   7.6240000e+03   2.5507500e+03   1.0054859e-03
   7.6250000e+03   2.5510000e+03   1.4069634e-03
   7.6260000e+03   2.5512500e+03   9.9333655e-04
   7.6270000e+03   2.5515000e+03   7.8097007e-04
   7.6280000e+03   2.5517500e+03   1.1724437e-03
   7.6290000e+03   2.5520000e+03   1.3539845e-03
   7.6300000e+03   2.5522500e+03   8.8407878e-04
   7.6310000e+03   2.5525000e+03   8.6496036e-04
   7.6320000e+03   2.5527500e+03   1.3250433e-03
   7.6330000e+03   2.5530000e+03   1.2087989e-03
   7.6340000e+03   2.5532500e+03   8.2500732e-04
   7.6350000e+03   2.5535000e+03   1.0206456e-03
   7.6360000e+03   2.5537500e+03   1.3849477e-03
   7.6370000e+03   2.5540000e+03   1.0181648e-03
   7.6380000e+03   2.5542500e+03   8.2722700e-04
   7.6390000e+03   2.5545000e+03   1.1882074e-03
   7.6400000e+03   2.5547500e+03   1.2686395e-03
   7.6410000e+03   2.5550000e+03   8.5249471e-04
   7.6420000e+03   2.5552500e+03   9.0513843e-04
   7.6430000e+03   2.5555000e+03   1.2896678e-03
   7.6440000e+03   2.5557500e+03   1.0385834e-03
   7.6450000e+03   2.5560000e+03   7.7172088e-04
   7.6460000e+03   2.5562500e+03   1.0510873e-03
   7.6470000e+03   2.5565000e+03   1.2289890e-03
   7.6480000e+03   2.5567500e+03   8.2035870e-04
   7.6490000e+03   2.5570000e+03   7.7442174e-04
   7.6500000e+03   2.5572500e+03   1.1189318e-03
   7.6510000e+03   2.5575000e+03   9.1533693e-04
   7.6520000e+03   2.5577500e+03   6.5230978e-04
   7.6530000e+03   2.5580000e+03   8.8541554e-04
   7.6540000e+03   2.5582500e+03   1.0733851e-03
   7.6550000e+03   2.5585000e+03   7.1698597e-04
   7.6560000e+03   2.5587500e+03   6.4867900e-04
   7.6570000e+03   2.5590000e+03   9.4109873e-04
   7.6580000e+03   2.5592500e+03   8.2351842e-04
   7.6590000e+03   2.5595000e+03   5.4886804e-04
   7.6600000e+03   2.5597500e+03   6.8116792e-04
   7.6610000e+03   2.5600000e+03   8.2290175e-04
   7.6620000e+03   2.5602500e+03   5.5868379e-04
   7.6630000e+03   2.5605000e+03   4.9337826e-04
   7.6640000e+03   2.5607500e+03   6.8167216e-04
   7.6650000e+03   2.5610000e+03   5.9781362e-04
   7.6660000e+03   2.5612500e+03   4.0065827e-04
   7.6670000e+03   2.5615000e+03   4.5376961e-04
   7.6680000e+03   2.5617500e+03   5.0254218e-04
   7.6690000e+03   2.5620000e+03   3.8323612e-04
   7.6700000e+03   2.5622500e+03   2.8314202e-04
   7.6710000e+03   2.5625000e+03   3.0768105e-04
   7.6720000e+03   2.5627500e+03   3.1165499e-04
   7.6730000e+03   2.5630000e+03   2.5738998e-04
   7.6740000e+03   2.5632500e+03   1.6048998e-04
   7.6750000e+03   2.5635000e+03   1.6630320e-04
   7.6760000e+03   2.5637500e+03   2.7832950e-04
   7.6770000e+03   2.5640000e+03   3.3472495e-04
   7.6780000e+03   2.5642500e+03   3.1121961e-04
   7.6790000e+03   2.5645000e+03   2.9709079e-04
   7.6800000e+03   2.5647500e+03   4.4697258e-04
   7.6810000e+03   2.5650000e+03   5.3645553e-04
   7.6820000e+03   2.5652500e+03   4.3213052e-04
   7.6830000e+03   2.5655000e+03   4.9720122e-04
   7.6840000e+03   2.5657500e+03   7.2358008e-04
   7.6850000e+03   2.5660000e+03   6.2587209e-04
   7.6860000e+03   2.5662500e+03   5.5213934e-04
   7.6870000e+03   2.5665000e+03   8.1461660e-04
   7.6880000e+03   2.5667500e+03   8.3610330e-04
   7.6890000e+03   2.5670000e+03   6.4934194e-04
   7.6900000e+03   2.5672500e+03   8.6571031e-04
   7.6910000e+03   2.5675000e+03   1.0376262e-03
   7.6920000e+03   2.5677500e+03   7.8850716e-04
   7.6930000e+03   2.5680000e+03   9.0706852e-04
   7.6940000e+03   2.5682500e+03   1.1865352e-03
   7.6950000e+03   2.5685000e+03   9.4953843e-04
   7.6960000e+03   2.5687500e+03   9.6228330e-04
   7.6970000e+03   2.5690000e+03   1.2718466e-03
   7.6980000e+03   2.5692500e+03   1.0759815e-03
   7.6990000e+03   2.5695000e+03   1.0301816e-03
   7.7000000e+03   2.5697500e+03   1.3660515e-03
   7.7010000e+03   2.5700000e+03   1.2248961e-03
   7.7020000e+03   2.5702500e+03   1.1137737e-03
   7.7030000e+03   2.5705000e+03   1.4386378e-03
   7.7040000e+03   2.5707500e+03   1.2941156e-03
   7.7050000e+03   2.5710000e+03   1.1389834e-03
   7.7060000e+03   2.5712500e+03   1.4798689e-03
   7.7070000e+03   2.5715000e+03   1.3687873e-03
   7.7080000e+03   2.5717500e+03   1.1582047e-03
   7.7090000e+03   2.5720000e+03   1.5005015e-03
   7.7100000e+03   2.5722500e+03   1.4353406e-03
   7.7110000e+03   2.5725000e+03   1.1805873e-03
   7.7120000e+03   2.5727500e+03   1.5004764e-03
   7.7130000e+03   2.5730000e+03   1.4769946e-03
   7.7140000e+03   2.5732500e+03   1.2084276e-03
   7.7150000e+03   2.5735000e+03   1.5158813e-03
   7.7160000e+03   2.5737500e+03   1.4911659e-03
   7.7170000e+03   2.5740000e+03   1.2434137e-03
   7.7180000e+03   2.5742500e+03   1.5562561e-03
   7.7190000e+03   2.5745000e+03   1.5084816e-03
   7.7200000e+03   2.5747500e+03   1.2684605e-03
   7.7210000e+03   2.5750000e+03   1.5747620e-03
   7.7220000e+03   2.5752500e+03   1.4797390e-03
   7.7230000e+03   2.5755000e+03   1.2796707e-03
   7.7240000e+03   2.5757500e+03   1.5891681e-03
   7.7250000e+03   2.5760000e+03   1.4189846e-03
   7.7260000e+03   2.5762500e+03   1.2785920e-03
   7.7270000e+03   2.5765000e+03   1.5998941e-03
   7.7280000e+03   2.5767500e+03   1.3995286e-03
   7.7290000e+03   2.5770000e+03   1.3479486e-03
   7.7300000e+03   2.5772500e+03   1.6133058e-03
   7.7310000e+03   2.5775000e+03   1.3092032e-03
   7.7320000e+03   2.5777500e+03   1.3244496e-03
   7.7330000e+03   2.5780000e+03   1.5306122e-03
   7.7340000e+03   2.5782500e+03   1.2342436e-03
   7.7350000e+03   2.5785000e+03   1.3575722e-03
   7.7360000e+03   2.5787500e+03   1.4614263e-03
   7.7370000e+03   2.5790000e+03   1.1977336e-03
   7.7380000e+03   2.5792500e+03   1.4088875e-03
   7.7390000e+03   2.5795000e+03   1.3639681e-03
   7.7400000e+03   2.5797500e+03   1.1751011e-03
   7.7410000e+03   2.5800000e+03   1.4003701e-03
   7.7420000e+03   2.5802500e+03   1.2383869e-03
   7.7430000e+03   2.5805000e+03   1.1883355e-03
   7.7440000e+03   2.5807500e+03   1.3532679e-03
   7.7450000e+03   2.5810000e+03   1.1251836e-03
   7.7460000e+03   2.5812500e+03   1.2202199e-03
   7.7470000e+03   2.5815000e+03   1.2396967e-03
   7.7480000e+03   2.5817500e+03   1.0271200e-03
   7.7490000e+03   2.5820000e+03   1.2120154e-03
   7.7500000e+03   2.5822500e+03   1.0826598e-03
   7.7510000e+03   2.5825000e+03   1.0275845e-03
   7.7520000e+03   2.5827500e+03   1.1996836e-03
   7.7530000e+03   2.5830000e+03   9.8043278e-04
   7.7540000e+03   2.5832500e+03   1.0664504e-03
   7.7550000e+03   2.5835000e+03   1.1305438e-03
   7.7560000e+03   2.5837500e+03   9.6642266e-04
   7.7570000e+03   2.5840000e+03   1.1163216e-03
   7.7580000e+03   2.5842500e+03   1.0280125e-03
   7.7590000e+03   2.5845000e+03   1.0162625e-03
   7.7600000e+03   2.5847500e+03   1.0236512e-03
   7.7610000e+03   2.5850000e+03   9.3368405e-04
   7.7620000e+03   2.5852500e+03   1.0765475e-03
   7.7630000e+03   2.5855000e+03   9.0172823e-04
   7.7640000e+03   2.5857500e+03   9.1448635e-04
   7.7650000e+03   2.5860000e+03   9.7488873e-04
   7.7660000e+03   2.5862500e+03   7.9243173e-04
   7.7670000e+03   2.5865000e+03   9.4355437e-04
   7.7680000e+03   2.5867500e+03   8.7104109e-04
   7.7690000e+03   2.5870000e+03   8.3342707e-04
   7.7700000e+03   2.5872500e+03   9.2824370e-04
   7.7710000e+03   2.5875000e+03   8.4177667e-04
   7.7720000e+03   2.5877500e+03   8.6622618e-04
   7.7730000e+03   2.5880000e+03   8.1349715e-04
   7.7740000e+03   2.5882500e+03   8.5740517e-04
   7.7750000e+03   2.5885000e+03   7.6566471e-04
   7.7760000e+03   2.5887500e+03   7.3107781e-04
   7.7770000e+03   2.5890000e+03   7.7776579e-04
   7.7780000e+03   2.5892500e+03   6.3286791e-04
   7.7790000e+03   2.5895000e+03   7.2832278e-04
   7.7800000e+03   2.5897500e+03   6.8224702e-04
   7.7810000e+03   2.5900000e+03   6.4041010e-04
   7.7820000e+03   2.5902500e+03   6.8655923e-04
   7.7830000e+03   2.5905000e+03   6.3985707e-04
   7.7840000e+03   2.5907500e+03   6.1307411e-04
   7.7850000e+03   2.5910000e+03   5.9972073e-04
   7.7860000e+03   2.5912500e+03   6.0795350e-04
   7.7870000e+03   2.5915000e+03   5.1441263e-04
   7.7880000e+03   2.5917500e+03   5.6681614e-04
   7.7890000e+03   2.5920000e+03   5.1040279e-04
   7.7900000e+03   2.5922500e+03   4.8526313e-04
   7.7910000e+03   2.5925000e+03   5.2451205e-04
   7.7920000e+03   2.5927500e+03   4.6458523e-04
   7.7930000e+03   2.5930000e+03   4.6357519e-04
   7.7940000e+03   2.5932500e+03   4.6835656e-04
   7.7950000e+03   2.5935000e+03   4.2572078e-04
   7.7960000e+03   2.5937500e+03   4.0299123e-04
   7.7970000e+03   2.5940000e+03   4.2179602e-04
   7.7980000e+03   2.5942500e+03   3.5679932e-04
   7.7990000e+03   2.5945000e+03   3.8100765e-04
   7.8000000e+03   2.5947500e+03   3.6639559e-04
   7.8010000e+03   2.5950000e+03   3.3698211e-04
   7.8020000e+03   2.5952500e+03   3.4479582e-04
   7.8030000e+03   2.5955000e+03   3.2722902e-04
   7.8040000e+03   2.5957500e+03   3.0227531e-04
   7.8050000e+03   2.5960000e+03   3.1036581e-04
   7.8060000e+03   2.5962500e+03   2.8089648e-04
   7.8070000e+03   2.5965000e+03   2.7645521e-04
   7.8080000e+03   2.5967500e+03   2.7106562e-04
   7.8090000e+03   2.5970000e+03   2.4995921e-04
   7.8100000e+03   2.5972500e+03   2.5236655e-04
   7.8110000e+03   2.5975000e+03   2.3645275e-04
   7.8120000e+03   2.5977500e+03   2.2350775e-04
   7.8130000e+03   2.5980000e+03   2.2548705e-04
   7.8140000e+03   2.5982500e+03   2.0851738e-04
   7.8150000e+03   2.5985000e+03   2.0185889e-04
   7.8160000e+03   2.5987500e+03   1.9923391e-04
   7.8170000e+03   2.5990000e+03   1.8692521e-04
   7.8180000e+03   2.5992500e+03   1.9424852e-04
   7.8190000e+03   2.5995000e+03   1.8840433e-04
   7.8200000e+03   2.5997500e+03   1.7048023e-04
   7.8210000e+03   2.6000000e+03   1.6471227e-04
   7.8220000e+03   2.6002500e+03   1.5685195e-04
   7.8230000e+03   2.6005000e+03   1.4190742e-04
   7.8240000e+03   2.6007500e+03   1.4378335e-04
   7.8250000e+03   2.6010000e+03   1.3675733e-04
   7.8260000e+03   2.6012500e+03   1.2582724e-04
   7.8270000e+03   2.6015000e+03   1.2936153e-04
   7.8280000e+03   2.6017500e+03   1.1830758e-04
   7.8290000e+03   2.6020000e+03   1.1753081e-04
   7.8300000e+03   2.6022500e+03   1.1185916e-04
   7.8310000e+03   2.6025000e+03   1.0426734e-04
   7.8320000e+03   2.6027500e+03   1.0336718e-04
   7.8330000e+03   2.6030000e+03   9.4477092e-05
   7.8340000e+03   2.6032500e+03   9.7791243e-05
   7.8350000e+03   2.6035000e+03   8.6790386e-05
   7.8360000e+03   2.6037500e+03   8.5343324e-05
   7.8370000e+03   2.6040000e+03   8.4443456e-05
   7.8380000e+03   2.6042500e+03   7.3153666e-05
   7.8390000e+03   2.6045000e+03   8.1122276e-05
   7.8400000e+03   2.6047500e+03   7.1290884e-05
   7.8410000e+03   2.6050000e+03   7.9058590e-05
   7.8420000e+03   2.6052500e+03   8.1779715e-05
   7.8430000e+03   2.6055000e+03   7.0457427e-05
   7.8440000e+03   2.6057500e+03   7.4098520e-05
   7.8450000e+03   2.6060000e+03   6.5334882e-05
   7.8460000e+03   2.6062500e+03   6.4407426e-05
   7.8470000e+03   2.6065000e+03   5.8964780e-05
   7.8480000e+03   2.6067500e+03   5.8596489e-05
   7.8490000e+03   2.6070000e+03   5.2093172e-05
   7.8500000e+03   2.6072500e+03   5.1629889e-05
   7.8510000e+03   2.6075000e+03   4.9510734e-05
   7.8520000e+03   2.6077500e+03   4.4270532e-05
   7.8530000e+03   2.6080000e+03   4.6144681e-05
   7.8540000e+03   2.6082500e+03   3.8898445e-05
   7.8550000e+03   2.6085000e+03   3.9312334e-05
   7.8560000e+03   2.6087500e+03   3.7140667e-05
   7.8570000e+03   2.6090000e+03   3.3020949e-05
   7.8580000e+03   2.6092500e+03   3.3512845e-05
   7.8590000e+03   2.6095000e+03   3.0184183e-05
   7.8600000e+03   2.6097500e+03   2.8353495e-05
   7.8610000e+03   2.6100000e+03   2.8277547e-05
   7.8620000e+03   2.6102500e+03   2.5050577e-05
   7.8630000e+03   2.6105000e+03   2.3808357e-05
   7.8640000e+03   2.6107500e+03   2.3035750e-05
   7.8650000e+03   2.6110000e+03   1.9916507e-05
   7.8660000e+03   2.6112500e+03   2.0212158e-05
   7.8670000e+03   2.6115000e+03   1.7912069e-05
   7.8680000e+03   2.6117500e+03   1.6575766e-05
   7.8690000e+03   2.6120000e+03   1.6518180e-05
