   5.9360000e+03   2.1287500e+03   2.7070675e-05
   5.9370000e+03   2.1290000e+03   3.6255997e-05
   5.9380000e+03   2.1292500e+03   3.4367194e-05
   5.9390000e+03   2.1295000e+03   5.4027184e-05
   5.9400000e+03   2.1297500e+03   4.2851999e-05
   5.9410000e+03   2.1300000e+03   3.3087247e-05
   5.9420000e+03   2.1302500e+03   1.7849520e-05
   5.9440000e+03   2.1307500e+03   2.1519101e-05
   5.9450000e+03   2.1310000e+03   3.2087194e-05
   5.9460000e+03   2.1312500e+03   3.7943893e-05
   5.9470000e+03   2.1315000e+03   3.6632732e-05
   5.9480000e+03   2.1317500e+03   3.8572787e-05
   5.9490000e+03   2.1320000e+03   3.8301124e-05
   5.9500000e+03   2.1322500e+03   3.5196804e-05
   5.9510000e+03   2.1325000e+03   2.6368441e-05
   5.9520000e+03   2.1327500e+03   2.1082983e-05
   5.9530000e+03   2.1330000e+03   3.1229846e-05
   5.9540000e+03   2.1332500e+03   3.9390080e-05
   5.9550000e+03   2.1335000e+03   3.7189929e-05
   5.9560000e+03   2.1337500e+03   2.7981364e-05
   5.9570000e+03   2.1340000e+03   3.0560865e-05
   5.9580000e+03   2.1342500e+03   3.7593647e-05
   5.9590000e+03   2.1345000e+03   4.6258659e-05
   5.9600000e+03   2.1347500e+03   3.9565995e-05
   5.9610000e+03   2.1350000e+03   3.5620949e-05
   5.9620000e+03   2.1352500e+03   3.8198708e-05
   5.9630000e+03   2.1355000e+03   4.4276469e-05
   5.9640000e+03   2.1357500e+03   4.9253071e-05
   5.9650000e+03   2.1360000e+03   4.4928753e-05
   5.9660000e+03   2.1362500e+03   3.8978341e-05
   5.9670000e+03   2.1365000e+03   4.2706912e-05
   5.9680000e+03   2.1367500e+03   6.0693917e-05
   5.9690000e+03   2.1370000e+03   6.3281113e-05
   5.9700000e+03   2.1372500e+03   5.2450557e-05
   5.9710000e+03   2.1375000e+03   4.6318361e-05
   5.9720000e+03   2.1377500e+03   6.4987827e-05
   5.9730000e+03   2.1380000e+03   7.8706005e-05
   5.9740000e+03   2.1382500e+03   6.4718798e-05
   5.9750000e+03   2.1385000e+03   4.9975137e-05
   5.9760000e+03   2.1387500e+03   5.7470693e-05
   5.9770000e+03   2.1390000e+03   8.5423379e-05
   5.9780000e+03   2.1392500e+03   9.7808852e-05
   5.9790000e+03   2.1395000e+03   7.1622794e-05
   5.9800000e+03   2.1397500e+03   8.0248830e-05
   5.9810000e+03   2.1400000e+03   1.0192019e-04
   5.9820000e+03   2.1402500e+03   9.3620021e-05
   5.9830000e+03   2.1405000e+03   6.6023217e-05
   5.9840000e+03   2.1407500e+03   6.8348179e-05
   5.9850000e+03   2.1410000e+03   1.1222231e-04
   5.9860000e+03   2.1412500e+03   1.1847031e-04
   5.9870000e+03   2.1415000e+03   7.6588303e-05
   5.9880000e+03   2.1417500e+03   6.1912105e-05
   5.9890000e+03   2.1420000e+03   1.0848308e-04
   5.9900000e+03   2.1422500e+03   1.5008413e-04
   5.9910000e+03   2.1425000e+03   1.0498550e-04
   5.9920000e+03   2.1427500e+03   6.7501912e-05
   5.9930000e+03   2.1430000e+03   9.6444710e-05
   5.9940000e+03   2.1432500e+03   1.5851279e-04
   5.9950000e+03   2.1435000e+03   1.5090508e-04
   5.9960000e+03   2.1437500e+03   9.3667552e-05
   5.9970000e+03   2.1440000e+03   9.9456426e-05
   5.9980000e+03   2.1442500e+03   1.4630884e-04
   5.9990000e+03   2.1445000e+03   1.6564843e-04
   6.0000000e+03   2.1447500e+03   1.3783322e-04
   6.0010000e+03   2.1450000e+03   1.2596860e-04
   6.0020000e+03   2.1452500e+03   1.5239383e-04
   6.0030000e+03   2.1455000e+03   1.6597192e-04
   6.0040000e+03   2.1457500e+03   1.5016274e-04
   6.0050000e+03   2.1460000e+03   1.6349067e-04
   6.0060000e+03   2.1462500e+03   1.8351592e-04
   6.0070000e+03   2.1465000e+03   1.8952318e-04
   6.0080000e+03   2.1467500e+03   1.6839900e-04
   6.0090000e+03   2.1470000e+03   1.6236581e-04
   6.0100000e+03   2.1472500e+03   2.5291255e-04
   6.0110000e+03   2.1475000e+03   2.4871888e-04
   6.0120000e+03   2.1477500e+03   1.9181898e-04
   6.0130000e+03   2.1480000e+03   1.5792919e-04
   6.0140000e+03   2.1482500e+03   1.8774037e-04
   6.0150000e+03   2.1485000e+03   2.8054971e-04
   6.0160000e+03   2.1487500e+03   2.7860136e-04
   6.0170000e+03   2.1490000e+03   1.9166645e-04
   6.0180000e+03   2.1492500e+03   1.7056480e-04
   6.0190000e+03   2.1495000e+03   2.6057164e-04
   6.0200000e+03   2.1497500e+03   3.4471537e-04
   6.0210000e+03   2.1500000e+03   2.7774738e-04
   6.0220000e+03   2.1502500e+03   1.9097519e-04
   6.0230000e+03   2.1505000e+03   2.0860544e-04
   6.0240000e+03   2.1507500e+03   3.0027892e-04
   6.0250000e+03   2.1510000e+03   2.8825151e-04
   6.0260000e+03   2.1512500e+03   2.5336844e-04
   6.0270000e+03   2.1515000e+03   2.9023561e-04
   6.0280000e+03   2.1517500e+03   3.3607079e-04
   6.0290000e+03   2.1520000e+03   3.4375074e-04
   6.0300000e+03   2.1522500e+03   3.2482093e-04
   6.0310000e+03   2.1525000e+03   3.6404674e-04
   6.0320000e+03   2.1527500e+03   3.8527445e-04
   6.0330000e+03   2.1530000e+03   3.2454691e-04
   6.0340000e+03   2.1532500e+03   3.5424028e-04
   6.0350000e+03   2.1535000e+03   4.2138422e-04
   6.0360000e+03   2.1537500e+03   4.6508532e-04
   6.0370000e+03   2.1540000e+03   3.7691515e-04
   6.0380000e+03   2.1542500e+03   3.1819885e-04
   6.0390000e+03   2.1545000e+03   3.7400095e-04
   6.0400000e+03   2.1547500e+03   4.0160190e-04
   6.0410000e+03   2.1550000e+03   3.9708882e-04
   6.0420000e+03   2.1552500e+03   4.2224391e-04
   6.0430000e+03   2.1555000e+03   5.1637678e-04
   6.0440000e+03   2.1557500e+03   5.8494977e-04
   6.0450000e+03   2.1560000e+03   4.8061265e-04
   6.0460000e+03   2.1562500e+03   4.7062061e-04
   6.0470000e+03   2.1565000e+03   5.9454457e-04
   6.0480000e+03   2.1567500e+03   6.5205390e-04
   6.0490000e+03   2.1570000e+03   5.9561499e-04
   6.0500000e+03   2.1572500e+03   4.9234821e-04
   6.0510000e+03   2.1575000e+03   5.8519991e-04
   6.0520000e+03   2.1577500e+03   7.1259531e-04
   6.0530000e+03   2.1580000e+03   6.7917728e-04
   6.0540000e+03   2.1582500e+03   6.6614254e-04
   6.0550000e+03   2.1585000e+03   7.9129122e-04
   6.0560000e+03   2.1587500e+03   7.8111168e-04
   6.0570000e+03   2.1590000e+03   7.9498401e-04
   6.0580000e+03   2.1592500e+03   8.2523994e-04
   6.0590000e+03   2.1595000e+03   7.6594152e-04
   6.0600000e+03   2.1597500e+03   6.8649959e-04
   6.0610000e+03   2.1600000e+03   7.5045092e-04
   6.0620000e+03   2.1602500e+03   9.8651524e-04
   6.0630000e+03   2.1605000e+03   1.0474842e-03
   6.0640000e+03   2.1607500e+03   7.9171656e-04
   6.0650000e+03   2.1610000e+03   6.3626436e-04
   6.0660000e+03   2.1612500e+03   8.7461736e-04
   6.0670000e+03   2.1615000e+03   1.3357578e-03
   6.0680000e+03   2.1617500e+03   1.4846328e-03
   6.0690000e+03   2.1620000e+03   8.8975657e-04
   6.0700000e+03   2.1622500e+03   9.0171200e-04
   6.0710000e+03   2.1625000e+03   1.3186817e-03
   6.0720000e+03   2.1627500e+03   1.4915762e-03
   6.0730000e+03   2.1630000e+03   1.0920670e-03
   6.0740000e+03   2.1632500e+03   8.2980446e-04
   6.0750000e+03   2.1635000e+03   9.6840896e-04
   6.0760000e+03   2.1637500e+03   1.4715033e-03
   6.0770000e+03   2.1640000e+03   1.6864670e-03
   6.0780000e+03   2.1642500e+03   1.2021490e-03
   6.0790000e+03   2.1645000e+03   8.7288428e-04
   6.0800000e+03   2.1647500e+03   1.0490355e-03
   6.0810000e+03   2.1650000e+03   1.7919815e-03
   6.0820000e+03   2.1652500e+03   2.1687177e-03
   6.0830000e+03   2.1655000e+03   1.6465358e-03
   6.0840000e+03   2.1657500e+03   1.1035151e-03
   6.0850000e+03   2.1660000e+03   1.7386450e-03
   6.0860000e+03   2.1662500e+03   2.2419996e-03
   6.0870000e+03   2.1665000e+03   1.5114817e-03
   6.0880000e+03   2.1667500e+03   1.0002718e-03
   6.0890000e+03   2.1670000e+03   1.3037901e-03
   6.0900000e+03   2.1672500e+03   2.2600381e-03
   6.0910000e+03   2.1675000e+03   2.4164478e-03
   6.0920000e+03   2.1677500e+03   1.6378078e-03
   6.0930000e+03   2.1680000e+03   1.3764546e-03
   6.0940000e+03   2.1682500e+03   1.9258371e-03
   6.0950000e+03   2.1685000e+03   2.6038552e-03
   6.0960000e+03   2.1687500e+03   2.7188018e-03
   6.0970000e+03   2.1690000e+03   2.4163081e-03
   6.0980000e+03   2.1692500e+03   2.5839238e-03
   6.0990000e+03   2.1695000e+03   2.7838485e-03
   6.1000000e+03   2.1697500e+03   2.9132809e-03
   6.1010000e+03   2.1700000e+03   2.4115463e-03
   6.1020000e+03   2.1702500e+03   1.8698623e-03
   6.1030000e+03   2.1705000e+03   2.2258630e-03
   6.1040000e+03   2.1707500e+03   2.8389793e-03
   6.1050000e+03   2.1710000e+03   2.9582587e-03
   6.1060000e+03   2.1712500e+03   2.6909572e-03
   6.1070000e+03   2.1715000e+03   2.4337244e-03
   6.1080000e+03   2.1717500e+03   2.7903437e-03
   6.1090000e+03   2.1720000e+03   2.7241967e-03
   6.1100000e+03   2.1722500e+03   2.9864138e-03
   6.1110000e+03   2.1725000e+03   3.2788698e-03
   6.1120000e+03   2.1727500e+03   2.7382459e-03
   6.1130000e+03   2.1730000e+03   2.2972062e-03
   6.1140000e+03   2.1732500e+03   2.7515086e-03
   6.1150000e+03   2.1735000e+03   3.4669932e-03
   6.1160000e+03   2.1737500e+03   3.4980336e-03
   6.1170000e+03   2.1740000e+03   3.3360162e-03
   6.1180000e+03   2.1742500e+03   2.9326718e-03
   6.1190000e+03   2.1745000e+03   3.4845271e-03
   6.1200000e+03   2.1747500e+03   4.4045450e-03
   6.1210000e+03   2.1750000e+03   4.2758504e-03
   6.1220000e+03   2.1752500e+03   3.2524612e-03
   6.1230000e+03   2.1755000e+03   2.7443707e-03
   6.1240000e+03   2.1757500e+03   3.6985115e-03
   6.1250000e+03   2.1760000e+03   5.4370387e-03
   6.1260000e+03   2.1762500e+03   3.7947854e-03
   6.1270000e+03   2.1765000e+03   2.2574120e-03
   6.1280000e+03   2.1767500e+03   3.2715293e-03
   6.1290000e+03   2.1770000e+03   5.6032987e-03
   6.1300000e+03   2.1772500e+03   4.8398171e-03
   6.1310000e+03   2.1775000e+03   2.7743861e-03
   6.1320000e+03   2.1777500e+03   2.5349817e-03
   6.1330000e+03   2.1780000e+03   3.6828696e-03
   6.1340000e+03   2.1782500e+03   4.5943870e-03
   6.1350000e+03   2.1785000e+03   2.9715395e-03
   6.1360000e+03   2.1787500e+03   2.5440877e-03
   6.1370000e+03   2.1790000e+03   3.0126906e-03
   6.1380000e+03   2.1792500e+03   4.2769147e-03
   6.1390000e+03   2.1795000e+03   4.6983131e-03
   6.1400000e+03   2.1797500e+03   3.5050615e-03
   6.1410000e+03   2.1800000e+03   3.8273081e-03
   6.1420000e+03   2.1802500e+03   4.9471739e-03
   6.1430000e+03   2.1805000e+03   4.5289523e-03
   6.1440000e+03   2.1807500e+03   3.4352216e-03
   6.1450000e+03   2.1810000e+03   3.4045674e-03
   6.1460000e+03   2.1812500e+03   4.4366475e-03
   6.1470000e+03   2.1815000e+03   5.8010304e-03
   6.1480000e+03   2.1817500e+03   4.0031637e-03
   6.1490000e+03   2.1820000e+03   3.7330819e-03
   6.1500000e+03   2.1822500e+03   4.5568314e-03
   6.1510000e+03   2.1825000e+03   7.1844564e-03
   6.1520000e+03   2.1827500e+03   6.5098742e-03
   6.1530000e+03   2.1830000e+03   5.1455402e-03
   6.1540000e+03   2.1832500e+03   6.2922272e-03
   6.1550000e+03   2.1835000e+03   9.9839583e-03
   6.1560000e+03   2.1837500e+03   8.3520594e-03
   6.1570000e+03   2.1840000e+03   5.7974665e-03
   6.1580000e+03   2.1842500e+03   5.5903600e-03
   6.1590000e+03   2.1845000e+03   7.0765278e-03
   6.1600000e+03   2.1847500e+03   8.1079684e-03
   6.1610000e+03   2.1850000e+03   6.7400351e-03
   6.1620000e+03   2.1852500e+03   6.3159150e-03
   6.1630000e+03   2.1855000e+03   7.3773677e-03
   6.1640000e+03   2.1857500e+03   8.2940426e-03
   6.1650000e+03   2.1860000e+03   8.4894300e-03
   6.1660000e+03   2.1862500e+03   7.9763490e-03
   6.1670000e+03   2.1865000e+03   7.6810441e-03
   6.1680000e+03   2.1867500e+03   7.3274335e-03
   6.1690000e+03   2.1870000e+03   8.6086866e-03
   6.1700000e+03   2.1872500e+03   9.7156366e-03
   6.1710000e+03   2.1875000e+03   8.3153233e-03
   6.1720000e+03   2.1877500e+03   6.8881934e-03
   6.1730000e+03   2.1880000e+03   7.2338586e-03
   6.1740000e+03   2.1882500e+03   1.0395915e-02
   6.1750000e+03   2.1885000e+03   8.9832801e-03
   6.1760000e+03   2.1887500e+03   6.6493519e-03
   6.1770000e+03   2.1890000e+03   6.3793048e-03
   6.1780000e+03   2.1892500e+03   6.7167780e-03
   6.1790000e+03   2.1895000e+03   7.2452343e-03
   6.1800000e+03   2.1897500e+03   6.5850093e-03
   6.1810000e+03   2.1900000e+03   6.4181327e-03
   6.1820000e+03   2.1902500e+03   8.2625471e-03
   6.1830000e+03   2.1905000e+03   6.4639701e-03
   6.1840000e+03   2.1907500e+03   6.4101478e-03
   6.1850000e+03   2.1910000e+03   6.5324142e-03
   6.1860000e+03   2.1912500e+03   7.1513836e-03
   6.1870000e+03   2.1915000e+03   7.5385610e-03
   6.1880000e+03   2.1917500e+03   6.5259985e-03
   6.1890000e+03   2.1920000e+03   6.4503484e-03
   6.1900000e+03   2.1922500e+03   6.8312995e-03
   6.1910000e+03   2.1925000e+03   7.9861965e-03
   6.1920000e+03   2.1927500e+03   7.4523017e-03
   6.1930000e+03   2.1930000e+03   7.0798987e-03
   6.1940000e+03   2.1932500e+03   6.8570014e-03
   6.1950000e+03   2.1935000e+03   7.4499514e-03
   6.1960000e+03   2.1937500e+03   7.8470058e-03
   6.1970000e+03   2.1940000e+03   7.9776796e-03
   6.1980000e+03   2.1942500e+03   7.9113695e-03
   6.1990000e+03   2.1945000e+03   9.9190214e-03
   6.2000000e+03   2.1947500e+03   9.9117160e-03
   6.2010000e+03   2.1950000e+03   1.0181696e-02
   6.2020000e+03   2.1952500e+03   1.1425116e-02
   6.2030000e+03   2.1955000e+03   1.4723752e-02
   6.2040000e+03   2.1957500e+03   1.1424338e-02
   6.2050000e+03   2.1960000e+03   1.1334648e-02
   6.2060000e+03   2.1962500e+03   1.2736584e-02
   6.2070000e+03   2.1965000e+03   1.4664371e-02
   6.2080000e+03   2.1967500e+03   1.4328186e-02
   6.2090000e+03   2.1970000e+03   1.3954732e-02
   6.2100000e+03   2.1972500e+03   1.3366572e-02
   6.2110000e+03   2.1975000e+03   1.3033935e-02
   6.2120000e+03   2.1977500e+03   1.5460748e-02
   6.2130000e+03   2.1980000e+03   1.4560859e-02
   6.2140000e+03   2.1982500e+03   1.2616531e-02
   6.2150000e+03   2.1985000e+03   1.2089719e-02
   6.2160000e+03   2.1987500e+03   1.2934959e-02
   6.2170000e+03   2.1990000e+03   1.1166713e-02
   6.2180000e+03   2.1992500e+03   1.1012772e-02
   6.2190000e+03   2.1995000e+03   1.0985729e-02
   6.2200000e+03   2.1997500e+03   1.0977570e-02
   6.2210000e+03   2.2000000e+03   1.0737976e-02
   6.2220000e+03   2.2002500e+03   1.1298201e-02
   6.2230000e+03   2.2005000e+03   1.1550451e-02
   6.2240000e+03   2.2007500e+03   1.2602017e-02
   6.2250000e+03   2.2010000e+03   1.1877370e-02
   6.2260000e+03   2.2012500e+03   1.1828813e-02
   6.2270000e+03   2.2015000e+03   1.1768426e-02
   6.2280000e+03   2.2017500e+03   1.3237585e-02
   6.2290000e+03   2.2020000e+03   1.2999204e-02
   6.2300000e+03   2.2022500e+03   1.3092321e-02
   6.2310000e+03   2.2025000e+03   1.3179115e-02
   6.2320000e+03   2.2027500e+03   1.5501825e-02
   6.2330000e+03   2.2030000e+03   1.5569070e-02
   6.2340000e+03   2.2032500e+03   1.5633873e-02
   6.2350000e+03   2.2035000e+03   1.4482668e-02
   6.2360000e+03   2.2037500e+03   1.6097357e-02
   6.2370000e+03   2.2040000e+03   1.5779393e-02
   6.2380000e+03   2.2042500e+03   1.5948013e-02
   6.2390000e+03   2.2045000e+03   1.6217393e-02
   6.2400000e+03   2.2047500e+03   1.8432150e-02
   6.2410000e+03   2.2050000e+03   1.7958288e-02
   6.2420000e+03   2.2052500e+03   1.8565865e-02
   6.2430000e+03   2.2055000e+03   1.9304681e-02
   6.2440000e+03   2.2057500e+03   2.1412931e-02
   6.2450000e+03   2.2060000e+03   1.9538154e-02
   6.2460000e+03   2.2062500e+03   1.9859646e-02
   6.2470000e+03   2.2065000e+03   1.8464439e-02
   6.2480000e+03   2.2067500e+03   1.9324368e-02
   6.2490000e+03   2.2070000e+03   1.8391930e-02
   6.2500000e+03   2.2072500e+03   1.8637522e-02
   6.2510000e+03   2.2075000e+03   1.8151158e-02
   6.2520000e+03   2.2077500e+03   1.8483123e-02
   6.2530000e+03   2.2080000e+03   1.8002187e-02
   6.2540000e+03   2.2082500e+03   1.8329416e-02
   6.2550000e+03   2.2085000e+03   1.8487601e-02
   6.2560000e+03   2.2087500e+03   1.9879707e-02
   6.2570000e+03   2.2090000e+03   1.9511246e-02
   6.2580000e+03   2.2092500e+03   1.9626368e-02
   6.2590000e+03   2.2095000e+03   1.9687201e-02
   6.2600000e+03   2.2097500e+03   2.0331468e-02
   6.2610000e+03   2.2100000e+03   2.0069912e-02
   6.2620000e+03   2.2102500e+03   2.0639201e-02
   6.2630000e+03   2.2105000e+03   2.0769913e-02
   6.2640000e+03   2.2107500e+03   2.0472349e-02
   6.2650000e+03   2.2110000e+03   2.0340617e-02
   6.2660000e+03   2.2112500e+03   2.1472268e-02
   6.2670000e+03   2.2115000e+03   2.1177682e-02
   6.2680000e+03   2.2117500e+03   2.2302731e-02
   6.2690000e+03   2.2120000e+03   2.1552835e-02
   6.2700000e+03   2.2122500e+03   2.2606237e-02
   6.2710000e+03   2.2125000e+03   2.3577738e-02
   6.2720000e+03   2.2127500e+03   2.5885252e-02
   6.2730000e+03   2.2130000e+03   2.4645124e-02
   6.2740000e+03   2.2132500e+03   2.8101396e-02
   6.2750000e+03   2.2135000e+03   2.4178787e-02
   6.2760000e+03   2.2137500e+03   2.4193410e-02
   6.2770000e+03   2.2140000e+03   2.2998039e-02
   6.2780000e+03   2.2142500e+03   2.3913903e-02
   6.2790000e+03   2.2145000e+03   2.1385463e-02
   6.2800000e+03   2.2147500e+03   2.3235168e-02
   6.2810000e+03   2.2150000e+03   2.1764273e-02
   6.2820000e+03   2.2152500e+03   2.1858345e-02
   6.2830000e+03   2.2155000e+03   2.1213546e-02
   6.2840000e+03   2.2157500e+03   2.2493849e-02
   6.2850000e+03   2.2160000e+03   2.0816713e-02
   6.2860000e+03   2.2162500e+03   2.2144296e-02
   6.2870000e+03   2.2165000e+03   2.1125133e-02
   6.2880000e+03   2.2167500e+03   2.1656246e-02
   6.2890000e+03   2.2170000e+03   1.9879589e-02
   6.2900000e+03   2.2172500e+03   2.0728024e-02
   6.2910000e+03   2.2175000e+03   1.9599345e-02
   6.2920000e+03   2.2177500e+03   2.1763146e-02
   6.2930000e+03   2.2180000e+03   2.0706322e-02
   6.2940000e+03   2.2182500e+03   2.1808115e-02
   6.2950000e+03   2.2185000e+03   2.2165860e-02
   6.2960000e+03   2.2187500e+03   2.4685694e-02
   6.2970000e+03   2.2190000e+03   2.2933214e-02
   6.2980000e+03   2.2192500e+03   2.3388347e-02
   6.2990000e+03   2.2195000e+03   2.1236256e-02
   6.3000000e+03   2.2197500e+03   1.7374937e-02
   6.3010000e+03   2.2200000e+03   1.6938138e-02
   6.3020000e+03   2.2202500e+03   1.6408953e-02
   6.3030000e+03   2.2205000e+03   1.3259794e-02
   6.3040000e+03   2.2207500e+03   1.3703394e-02
   6.3050000e+03   2.2210000e+03   1.3836243e-02
   6.3060000e+03   2.2212500e+03   1.3363789e-02
   6.3070000e+03   2.2215000e+03   1.1892770e-02
   6.3080000e+03   2.2217500e+03   1.1739396e-02
   6.3090000e+03   2.2220000e+03   1.1463421e-02
   6.3100000e+03   2.2222500e+03   9.4026794e-03
   6.3110000e+03   2.2225000e+03   8.9654347e-03
   6.3120000e+03   2.2227500e+03   8.9140211e-03
   6.3130000e+03   2.2230000e+03   8.3673013e-03
   6.3140000e+03   2.2232500e+03   7.6870096e-03
   6.3150000e+03   2.2235000e+03   6.3677918e-03
   6.3160000e+03   2.2237500e+03   5.4287472e-03
   6.3170000e+03   2.2240000e+03   5.2504451e-03
   6.3180000e+03   2.2242500e+03   8.3320445e-03
   6.3190000e+03   2.2245000e+03   1.0328747e-02
   6.3200000e+03   2.2247500e+03   1.1875190e-02
   6.3210000e+03   2.2250000e+03   1.0994416e-02
   6.3220000e+03   2.2252500e+03   1.0685335e-02
   6.3230000e+03   2.2255000e+03   1.1294861e-02
   6.3240000e+03   2.2257500e+03   1.1859104e-02
   6.3250000e+03   2.2260000e+03   1.2021574e-02
   6.3260000e+03   2.2262500e+03   1.3407766e-02
   6.3270000e+03   2.2265000e+03   1.4655951e-02
   6.3280000e+03   2.2267500e+03   1.5153801e-02
   6.3290000e+03   2.2270000e+03   1.6440507e-02
   6.3300000e+03   2.2272500e+03   1.8571375e-02
   6.3310000e+03   2.2275000e+03   1.7356641e-02
   6.3320000e+03   2.2277500e+03   1.8499664e-02
   6.3330000e+03   2.2280000e+03   2.2468232e-02
   6.3340000e+03   2.2282500e+03   2.4583164e-02
   6.3350000e+03   2.2285000e+03   2.4024541e-02
   6.3360000e+03   2.2287500e+03   2.5403643e-02
   6.3370000e+03   2.2290000e+03   2.4343475e-02
   6.3380000e+03   2.2292500e+03   2.5515524e-02
   6.3390000e+03   2.2295000e+03   2.3864153e-02
   6.3400000e+03   2.2297500e+03   2.6807244e-02
   6.3410000e+03   2.2300000e+03   2.5179621e-02
   6.3420000e+03   2.2302500e+03   2.8804939e-02
   6.3430000e+03   2.2305000e+03   2.7481803e-02
   6.3440000e+03   2.2307500e+03   3.1201169e-02
   6.3450000e+03   2.2310000e+03   2.7031753e-02
   6.3460000e+03   2.2312500e+03   3.0708968e-02
   6.3470000e+03   2.2315000e+03   2.8191079e-02
   6.3480000e+03   2.2317500e+03   3.2210024e-02
   6.3490000e+03   2.2320000e+03   3.1734073e-02
   6.3500000e+03   2.2322500e+03   3.7696600e-02
   6.3510000e+03   2.2325000e+03   2.8573245e-02
   6.3520000e+03   2.2327500e+03   3.6659379e-02
   6.3530000e+03   2.2330000e+03   2.7878722e-02
   6.3540000e+03   2.2332500e+03   3.1163709e-02
   6.3550000e+03   2.2335000e+03   3.1523712e-02
   6.3560000e+03   2.2337500e+03   3.4914806e-02
   6.3570000e+03   2.2340000e+03   3.1289305e-02
   6.3580000e+03   2.2342500e+03   3.6743940e-02
   6.3590000e+03   2.2345000e+03   3.2336074e-02
   6.3600000e+03   2.2347500e+03   3.1733244e-02
   6.3610000e+03   2.2350000e+03   2.5036617e-02
   6.3620000e+03   2.2352500e+03   3.7108873e-02
   6.3630000e+03   2.2355000e+03   2.7506703e-02
   6.3640000e+03   2.2357500e+03   3.7347823e-02
   6.3650000e+03   2.2360000e+03   2.7888620e-02
   6.3660000e+03   2.2362500e+03   3.3060436e-02
   6.3670000e+03   2.2365000e+03   3.2305052e-02
   6.3680000e+03   2.2367500e+03   3.4809981e-02
   6.3690000e+03   2.2370000e+03   2.3939960e-02
   6.3700000e+03   2.2372500e+03   2.7462763e-02
   6.3710000e+03   2.2375000e+03   2.5545904e-02
   6.3720000e+03   2.2377500e+03   2.8423293e-02
   6.3730000e+03   2.2380000e+03   2.9248924e-02
   6.3740000e+03   2.2382500e+03   3.3229128e-02
   6.3750000e+03   2.2385000e+03   2.8116650e-02
   6.3760000e+03   2.2387500e+03   3.2763823e-02
   6.3770000e+03   2.2390000e+03   2.2963597e-02
   6.3780000e+03   2.2392500e+03   2.3770304e-02
   6.3790000e+03   2.2395000e+03   1.9786206e-02
   6.3800000e+03   2.2397500e+03   2.6378523e-02
   6.3810000e+03   2.2400000e+03   2.7655214e-02
   6.3820000e+03   2.2402500e+03   3.2687251e-02
   6.3830000e+03   2.2405000e+03   2.6194949e-02
   6.3840000e+03   2.2407500e+03   3.0073600e-02
   6.3850000e+03   2.2410000e+03   2.2098694e-02
   6.3860000e+03   2.2412500e+03   1.5503690e-02
   6.3870000e+03   2.2415000e+03   1.5725074e-02
   6.3880000e+03   2.2417500e+03   2.2528804e-02
   6.3890000e+03   2.2420000e+03   2.3259782e-02
   6.3900000e+03   2.2422500e+03   2.7622911e-02
   6.3910000e+03   2.2425000e+03   2.3344277e-02
   6.3920000e+03   2.2427500e+03   2.7729736e-02
   6.3930000e+03   2.2430000e+03   1.7775740e-02
   6.3940000e+03   2.2432500e+03   1.5311825e-02
   6.3950000e+03   2.2435000e+03   1.3489156e-02
   6.3960000e+03   2.2437500e+03   1.7307861e-02
   6.3970000e+03   2.2440000e+03   1.7110665e-02
   6.3980000e+03   2.2442500e+03   2.4391399e-02
   6.3990000e+03   2.2445000e+03   2.0712600e-02
   6.4000000e+03   2.2447500e+03   2.5135247e-02
   6.4010000e+03   2.2450000e+03   1.5244207e-02
   6.4020000e+03   2.2452500e+03   1.8056954e-02
   6.4030000e+03   2.2455000e+03   1.2622413e-02
   6.4040000e+03   2.2457500e+03   1.7944534e-02
   6.4050000e+03   2.2460000e+03   1.7320542e-02
   6.4060000e+03   2.2462500e+03   2.0227807e-02
   6.4070000e+03   2.2465000e+03   1.6782236e-02
   6.4080000e+03   2.2467500e+03   1.9142034e-02
   6.4090000e+03   2.2470000e+03   1.2522188e-02
   6.4100000e+03   2.2472500e+03   1.4987678e-02
   6.4110000e+03   2.2475000e+03   8.9925618e-03
   6.4120000e+03   2.2477500e+03   9.1705099e-03
   6.4130000e+03   2.2480000e+03   8.3837881e-03
   6.4140000e+03   2.2482500e+03   1.3521355e-02
   6.4150000e+03   2.2485000e+03   9.9022919e-03
   6.4160000e+03   2.2487500e+03   1.0692957e-02
   6.4170000e+03   2.2490000e+03   8.7136161e-03
   6.4180000e+03   2.2492500e+03   9.7771442e-03
   6.4190000e+03   2.2495000e+03   5.1302321e-03
   6.4200000e+03   2.2497500e+03   7.3478455e-03
   6.4210000e+03   2.2500000e+03   4.1338917e-03
   6.4220000e+03   2.2502500e+03   6.7003342e-03
   6.4230000e+03   2.2505000e+03   5.8416134e-03
   6.4240000e+03   2.2507500e+03   8.6202057e-03
   6.4250000e+03   2.2510000e+03   7.0199542e-03
   6.4260000e+03   2.2512500e+03   7.8648105e-03
   6.4270000e+03   2.2515000e+03   5.8257523e-03
   6.4280000e+03   2.2517500e+03   9.0758869e-03
   6.4290000e+03   2.2520000e+03   6.3452036e-03
   6.4300000e+03   2.2522500e+03   6.7006201e-03
   6.4310000e+03   2.2525000e+03   6.6086085e-03
   6.4320000e+03   2.2527500e+03   5.9189697e-03
   6.4330000e+03   2.2530000e+03   4.1866910e-03
   6.4340000e+03   2.2532500e+03   4.0029899e-03
   6.4350000e+03   2.2535000e+03   9.8518281e-04
   6.4360000e+03   2.2537500e+03   5.8972638e-03
   6.4370000e+03   2.2540000e+03   2.2015987e-03
   6.4380000e+03   2.2542500e+03   2.4807358e-03
   6.4390000e+03   2.2545000e+03   2.4882096e-03
   6.4400000e+03   2.2547500e+03   3.0152062e-03
   6.4410000e+03   2.2550000e+03   3.0670755e-03
   6.4420000e+03   2.2552500e+03   4.9428436e-03
   6.4430000e+03   2.2555000e+03   2.9029400e-03
   6.4440000e+03   2.2557500e+03   4.1246356e-03
   6.4450000e+03   2.2560000e+03   3.8372789e-03
   6.4460000e+03   2.2562500e+03   3.8300332e-03
   6.4470000e+03   2.2565000e+03   2.4394445e-03
   6.4480000e+03   2.2567500e+03   2.1990374e-03
   6.4490000e+03   2.2570000e+03   4.6003392e-04
   6.4500000e+03   2.2572500e+03   2.3849240e-03
   6.4510000e+03   2.2575000e+03   3.8436289e-04
   6.4520000e+03   2.2577500e+03   2.9636075e-03
   6.4530000e+03   2.2580000e+03   1.9465310e-03
   6.4540000e+03   2.2582500e+03   3.3724827e-03
   6.4550000e+03   2.2585000e+03   1.4465068e-03
   6.4560000e+03   2.2587500e+03   2.1571976e-03
   7.0950000e+03   2.4185000e+03   4.2557452e-05
   7.0960000e+03   2.4187500e+03   2.9406747e-05
   7.0970000e+03   2.4190000e+03   3.6870065e-05
   7.0980000e+03   2.4192500e+03   2.1837762e-05
   7.0990000e+03   2.4195000e+03   4.2689365e-05
   7.1000000e+03   2.4197500e+03   3.1187494e-05
   7.1010000e+03   2.4200000e+03   3.7673769e-05
   7.1020000e+03   2.4202500e+03   2.8356726e-05
   7.1030000e+03   2.4205000e+03   4.5024824e-05
   7.1040000e+03   2.4207500e+03   3.4216332e-05
   7.1050000e+03   2.4210000e+03   3.9196537e-05
   7.1060000e+03   2.4212500e+03   3.7517152e-05
   7.1070000e+03   2.4215000e+03   5.1091120e-05
   7.1080000e+03   2.4217500e+03   3.5780242e-05
   7.1090000e+03   2.4220000e+03   4.0483187e-05
   7.1100000e+03   2.4222500e+03   4.6144263e-05
   7.1110000e+03   2.4225000e+03   5.3751781e-05
   7.1120000e+03   2.4227500e+03   3.7445038e-05
   7.1130000e+03   2.4230000e+03   4.4240616e-05
   7.1140000e+03   2.4232500e+03   5.5205613e-05
   7.1150000e+03   2.4235000e+03   5.2932868e-05
   7.1160000e+03   2.4237500e+03   4.0234161e-05
   7.1170000e+03   2.4240000e+03   4.9790398e-05
   7.1180000e+03   2.4242500e+03   6.4741175e-05
   7.1190000e+03   2.4245000e+03   5.9803339e-05
   7.1200000e+03   2.4247500e+03   4.5078531e-05
   7.1210000e+03   2.4250000e+03   6.1030529e-05
   7.1220000e+03   2.4252500e+03   7.4138171e-05
   7.1230000e+03   2.4255000e+03   5.8825344e-05
   7.1240000e+03   2.4257500e+03   5.1367900e-05
   7.1250000e+03   2.4260000e+03   7.4866679e-05
   7.1260000e+03   2.4262500e+03   8.1078707e-05
   7.1270000e+03   2.4265000e+03   5.8142161e-05
   7.1280000e+03   2.4267500e+03   6.4815305e-05
   7.1290000e+03   2.4270000e+03   9.2777957e-05
   7.1300000e+03   2.4272500e+03   8.3810217e-05
   7.1310000e+03   2.4275000e+03   6.1765994e-05
   7.1320000e+03   2.4277500e+03   8.3739474e-05
   7.1330000e+03   2.4280000e+03   1.0574716e-04
   7.1340000e+03   2.4282500e+03   8.1511039e-05
   7.1350000e+03   2.4285000e+03   7.0013223e-05
   7.1360000e+03   2.4287500e+03   1.0538479e-04
   7.1370000e+03   2.4290000e+03   1.1238331e-04
   7.1380000e+03   2.4292500e+03   7.8839593e-05
   7.1390000e+03   2.4295000e+03   9.0582521e-05
   7.1400000e+03   2.4297500e+03   1.3235869e-04
   7.1410000e+03   2.4300000e+03   1.1211877e-04
   7.1420000e+03   2.4302500e+03   8.2259129e-05
