   4.9360000e+03   1.8787500e+03   3.0064247e-05
   4.9370000e+03   1.8790000e+03   5.5656239e-05
   4.9380000e+03   1.8792500e+03   1.0530312e-04
   4.9390000e+03   1.8795000e+03   1.9956865e-04
   4.9400000e+03   1.8797500e+03   3.5654087e-04
   4.9410000e+03   1.8800000e+03   5.4337586e-04
   4.9420000e+03   1.8802500e+03   4.7730345e-04
   4.9430000e+03   1.8805000e+03   2.1236185e-04
   4.9440000e+03   1.8807500e+03   6.9024061e-05
   4.9450000e+03   1.8810000e+03   2.9782470e-05
   4.9610000e+03   1.8850000e+03   2.3479754e-05
   4.9620000e+03   1.8852500e+03   3.5545493e-05
   4.9630000e+03   1.8855000e+03   4.9174531e-05
   4.9640000e+03   1.8857500e+03   6.2323627e-05
   4.9650000e+03   1.8860000e+03   5.3828216e-05
   4.9660000e+03   1.8862500e+03   2.5986954e-05
