   1.9270000e+03   1.1265000e+03   3.0549743e-05
   1.9280000e+03   1.1267500e+03   2.9828281e-05
   1.9290000e+03   1.1270000e+03   2.5447547e-05
   1.9300000e+03   1.1272500e+03   3.4871322e-05
   1.9310000e+03   1.1275000e+03   3.6631969e-05
   1.9320000e+03   1.1277500e+03   2.8975932e-05
   1.9330000e+03   1.1280000e+03   3.8962774e-05
   1.9340000e+03   1.1282500e+03   4.4635685e-05
   1.9350000e+03   1.1285000e+03   3.3679895e-05
   1.9360000e+03   1.1287500e+03   4.2955509e-05
   1.9370000e+03   1.1290000e+03   5.3651275e-05
   1.9380000e+03   1.1292500e+03   4.0204451e-05
   1.9390000e+03   1.1295000e+03   4.6703810e-05
   1.9400000e+03   1.1297500e+03   6.2758887e-05
   1.9410000e+03   1.1300000e+03   4.6948575e-05
   1.9420000e+03   1.1302500e+03   4.3542872e-05
   1.9430000e+03   1.1305000e+03   5.9556235e-05
   1.9440000e+03   1.1307500e+03   4.9646368e-05
   1.9450000e+03   1.1310000e+03   4.6027943e-05
   1.9460000e+03   1.1312500e+03   6.5875504e-05
   1.9470000e+03   1.1315000e+03   5.8762072e-05
   1.9480000e+03   1.1317500e+03   5.0539898e-05
   1.9490000e+03   1.1320000e+03   7.1876882e-05
   1.9500000e+03   1.1322500e+03   6.8793771e-05
   1.9510000e+03   1.1325000e+03   5.6280700e-05
   1.9520000e+03   1.1327500e+03   7.7529649e-05
   1.9530000e+03   1.1330000e+03   7.9109161e-05
   1.9540000e+03   1.1332500e+03   6.3671427e-05
   1.9550000e+03   1.1335000e+03   8.3514220e-05
   1.9560000e+03   1.1337500e+03   8.9871096e-05
   1.9570000e+03   1.1340000e+03   7.2380536e-05
   1.9580000e+03   1.1342500e+03   8.9856305e-05
   1.9590000e+03   1.1345000e+03   1.0045502e-04
   1.9600000e+03   1.1347500e+03   8.2191815e-05
   1.9610000e+03   1.1350000e+03   9.6953449e-05
   1.9620000e+03   1.1352500e+03   1.1117205e-04
   1.9630000e+03   1.1355000e+03   9.2607994e-05
   1.9640000e+03   1.1357500e+03   1.0523981e-04
   1.9650000e+03   1.1360000e+03   1.2261323e-04
   1.9660000e+03   1.1362500e+03   1.0351195e-04
   1.9670000e+03   1.1365000e+03   1.1424086e-04
   1.9680000e+03   1.1367500e+03   1.3506570e-04
   1.9690000e+03   1.1370000e+03   1.1448729e-04
   1.9700000e+03   1.1372500e+03   1.2289906e-04
   1.9710000e+03   1.1375000e+03   1.4802314e-04
   1.9720000e+03   1.1377500e+03   1.2583256e-04
   1.9730000e+03   1.1380000e+03   1.3165827e-04
   1.9740000e+03   1.1382500e+03   1.6321366e-04
   1.9750000e+03   1.1385000e+03   1.3895123e-04
   1.9760000e+03   1.1387500e+03   1.3910810e-04
   1.9770000e+03   1.1390000e+03   1.7852151e-04
   1.9780000e+03   1.1392500e+03   1.5414129e-04
   1.9790000e+03   1.1395000e+03   1.4505833e-04
   1.9800000e+03   1.1397500e+03   1.9316506e-04
   1.9810000e+03   1.1400000e+03   1.7241597e-04
   1.9820000e+03   1.1402500e+03   1.5015482e-04
   1.9830000e+03   1.1405000e+03   2.0522402e-04
   1.9840000e+03   1.1407500e+03   1.9392085e-04
   1.9850000e+03   1.1410000e+03   1.5582538e-04
   1.9860000e+03   1.1412500e+03   2.1399956e-04
   1.9870000e+03   1.1415000e+03   2.1885580e-04
   1.9880000e+03   1.1417500e+03   1.6394314e-04
   1.9890000e+03   1.1420000e+03   2.1755470e-04
   1.9900000e+03   1.1422500e+03   2.4506091e-04
   1.9910000e+03   1.1425000e+03   1.7652640e-04
   1.9920000e+03   1.1427500e+03   2.1616195e-04
   1.9930000e+03   1.1430000e+03   2.6930620e-04
   1.9940000e+03   1.1432500e+03   1.9484343e-04
   1.9950000e+03   1.1435000e+03   2.1078246e-04
   1.9960000e+03   1.1437500e+03   2.8842674e-04
   1.9970000e+03   1.1440000e+03   2.1946143e-04
   1.9980000e+03   1.1442500e+03   2.0481898e-04
   1.9990000e+03   1.1445000e+03   2.9979728e-04
   2.0000000e+03   1.1447500e+03   2.4972087e-04
   2.0010000e+03   1.1450000e+03   2.0195383e-04
   2.0020000e+03   1.1452500e+03   3.0218914e-04
   2.0030000e+03   1.1455000e+03   2.8242755e-04
   2.0040000e+03   1.1457500e+03   2.0519635e-04
   2.0050000e+03   1.1460000e+03   2.9692397e-04
   2.0060000e+03   1.1462500e+03   3.1545417e-04
   2.0070000e+03   1.1465000e+03   2.1685994e-04
   2.0080000e+03   1.1467500e+03   2.8526780e-04
   2.0090000e+03   1.1470000e+03   3.4385553e-04
   2.0100000e+03   1.1472500e+03   2.3754971e-04
   2.0110000e+03   1.1475000e+03   2.6938822e-04
   2.0120000e+03   1.1477500e+03   3.6234073e-04
   2.0130000e+03   1.1480000e+03   2.6617168e-04
   2.0140000e+03   1.1482500e+03   2.5705701e-04
   2.0150000e+03   1.1485000e+03   3.7068589e-04
   2.0160000e+03   1.1487500e+03   3.0090662e-04
   2.0170000e+03   1.1490000e+03   2.4837677e-04
   2.0180000e+03   1.1492500e+03   3.6346027e-04
   2.0190000e+03   1.1495000e+03   3.3366274e-04
   2.0200000e+03   1.1497500e+03   2.4815144e-04
   2.0210000e+03   1.1500000e+03   3.4947712e-04
   2.0220000e+03   1.1502500e+03   3.6312028e-04
   2.0230000e+03   1.1505000e+03   2.5752736e-04
   2.0240000e+03   1.1507500e+03   3.3377344e-04
   2.0250000e+03   1.1510000e+03   3.8612915e-04
   2.0260000e+03   1.1512500e+03   2.7553591e-04
   2.0270000e+03   1.1515000e+03   3.1768601e-04
   2.0280000e+03   1.1517500e+03   4.0384018e-04
   2.0290000e+03   1.1520000e+03   3.0236951e-04
   2.0300000e+03   1.1522500e+03   3.0321401e-04
   2.0310000e+03   1.1525000e+03   4.1510030e-04
   2.0320000e+03   1.1527500e+03   3.3679561e-04
   2.0330000e+03   1.1530000e+03   2.9260160e-04
   2.0340000e+03   1.1532500e+03   4.1466785e-04
   2.0350000e+03   1.1535000e+03   3.7705989e-04
   2.0360000e+03   1.1537500e+03   2.8935876e-04
   2.0370000e+03   1.1540000e+03   3.9712790e-04
   2.0380000e+03   1.1542500e+03   4.1146351e-04
   2.0390000e+03   1.1545000e+03   2.9420504e-04
   2.0400000e+03   1.1547500e+03   3.6775959e-04
   2.0410000e+03   1.1550000e+03   4.3546135e-04
   2.0420000e+03   1.1552500e+03   3.1225985e-04
   2.0430000e+03   1.1555000e+03   3.3534880e-04
   2.0440000e+03   1.1557500e+03   4.4489505e-04
   2.0450000e+03   1.1560000e+03   3.4101587e-04
   2.0460000e+03   1.1562500e+03   3.0712666e-04
   2.0470000e+03   1.1565000e+03   4.3452200e-04
   2.0480000e+03   1.1567500e+03   3.7548705e-04
   2.0490000e+03   1.1570000e+03   2.8719643e-04
   2.0500000e+03   1.1572500e+03   4.0300084e-04
   2.0510000e+03   1.1575000e+03   4.0649418e-04
   2.0520000e+03   1.1577500e+03   2.8091544e-04
   2.0530000e+03   1.1580000e+03   3.5115344e-04
   2.0540000e+03   1.1582500e+03   4.1684472e-04
   2.0550000e+03   1.1585000e+03   2.8812249e-04
   2.0560000e+03   1.1587500e+03   3.0365082e-04
   2.0570000e+03   1.1590000e+03   4.1252344e-04
   2.0580000e+03   1.1592500e+03   3.1156630e-04
   2.0590000e+03   1.1595000e+03   2.6356187e-04
   2.0600000e+03   1.1597500e+03   3.8707919e-04
   2.0610000e+03   1.1600000e+03   3.5464538e-04
   2.0620000e+03   1.1602500e+03   2.6223619e-04
   2.0630000e+03   1.1605000e+03   3.4997281e-04
   2.0640000e+03   1.1607500e+03   3.8336502e-04
   2.0650000e+03   1.1610000e+03   2.5143165e-04
   2.0660000e+03   1.1612500e+03   2.8825992e-04
   2.0670000e+03   1.1615000e+03   3.5723229e-04
   2.0680000e+03   1.1617500e+03   2.5485910e-04
   2.0690000e+03   1.1620000e+03   2.3379075e-04
   2.0700000e+03   1.1622500e+03   3.2579024e-04
   2.0710000e+03   1.1625000e+03   2.7144775e-04
   2.0720000e+03   1.1627500e+03   2.0453244e-04
   2.0730000e+03   1.1630000e+03   2.7843019e-04
   2.0740000e+03   1.1632500e+03   2.7649176e-04
   2.0750000e+03   1.1635000e+03   1.9049308e-04
   2.0760000e+03   1.1637500e+03   2.2504734e-04
   2.0770000e+03   1.1640000e+03   2.6177840e-04
   2.0780000e+03   1.1642500e+03   1.8632454e-04
   2.0790000e+03   1.1645000e+03   1.7797236e-04
   2.0800000e+03   1.1647500e+03   2.2738237e-04
   2.0810000e+03   1.1650000e+03   1.8118240e-04
   2.0820000e+03   1.1652500e+03   1.4245449e-04
   2.0830000e+03   1.1655000e+03   1.7969637e-04
   2.0840000e+03   1.1657500e+03   1.6575540e-04
   2.0850000e+03   1.1660000e+03   1.1795928e-04
   2.0860000e+03   1.1662500e+03   1.3497015e-04
   2.0870000e+03   1.1665000e+03   1.3575130e-04
   2.0880000e+03   1.1667500e+03   9.7247072e-05
   2.0890000e+03   1.1670000e+03   1.0818318e-04
   2.0900000e+03   1.1672500e+03   1.0661433e-04
   2.0910000e+03   1.1675000e+03   7.5533482e-05
   2.0920000e+03   1.1677500e+03   8.3345476e-05
   2.0930000e+03   1.1680000e+03   8.8647159e-05
   2.0940000e+03   1.1682500e+03   5.9822025e-05
   2.0950000e+03   1.1685000e+03   7.2063368e-05
   2.0960000e+03   1.1687500e+03   1.1732416e-04
   2.0970000e+03   1.1690000e+03   1.0886251e-04
   2.0980000e+03   1.1692500e+03   8.4418551e-05
   2.0990000e+03   1.1695000e+03   1.2760235e-04
   2.1000000e+03   1.1697500e+03   1.6098735e-04
   2.1010000e+03   1.1700000e+03   1.2778748e-04
   2.1020000e+03   1.1702500e+03   1.2432183e-04
   2.1030000e+03   1.1705000e+03   1.9234161e-04
   2.1040000e+03   1.1707500e+03   1.9071962e-04
   2.1050000e+03   1.1710000e+03   1.4417156e-04
   2.1060000e+03   1.1712500e+03   1.9466104e-04
   2.1070000e+03   1.1715000e+03   2.5039611e-04
   2.1080000e+03   1.1717500e+03   1.8976603e-04
   2.1090000e+03   1.1720000e+03   1.8920834e-04
   2.1100000e+03   1.1722500e+03   2.8438428e-04
   2.1110000e+03   1.1725000e+03   2.5911358e-04
   2.1120000e+03   1.1727500e+03   1.9459029e-04
   2.1130000e+03   1.1730000e+03   2.7992570e-04
   2.1140000e+03   1.1732500e+03   3.2748026e-04
   2.1150000e+03   1.1735000e+03   2.3004950e-04
   2.1160000e+03   1.1737500e+03   2.5434769e-04
   2.1170000e+03   1.1740000e+03   3.6717846e-04
   2.1180000e+03   1.1742500e+03   2.9852784e-04
   2.1190000e+03   1.1745000e+03   2.3744066e-04
   2.1200000e+03   1.1747500e+03   3.5878840e-04
   2.1210000e+03   1.1750000e+03   3.7787903e-04
   2.1220000e+03   1.1752500e+03   2.5588148e-04
   2.1230000e+03   1.1755000e+03   3.1401899e-04
   2.1240000e+03   1.1757500e+03   4.2668122e-04
   2.1250000e+03   1.1760000e+03   3.1640012e-04
   2.1260000e+03   1.1762500e+03   2.7352550e-04
   2.1270000e+03   1.1765000e+03   4.1974048e-04
   2.1280000e+03   1.1767500e+03   4.0056178e-04
   2.1290000e+03   1.1770000e+03   2.7149908e-04
   2.1300000e+03   1.1772500e+03   3.6460375e-04
   2.1310000e+03   1.1775000e+03   4.6433375e-04
   2.1320000e+03   1.1777500e+03   3.2342095e-04
   2.1330000e+03   1.1780000e+03   3.0442710e-04
   2.1340000e+03   1.1782500e+03   4.6039315e-04
   2.1350000e+03   1.1785000e+03   4.0168266e-04
   2.1360000e+03   1.1787500e+03   2.7854552e-04
   2.1370000e+03   1.1790000e+03   3.9772204e-04
   2.1380000e+03   1.1792500e+03   4.7114082e-04
   2.1390000e+03   1.1795000e+03   3.1276060e-04
   2.1400000e+03   1.1797500e+03   3.2077603e-04
   2.1410000e+03   1.1800000e+03   4.7782658e-04
   2.1420000e+03   1.1802500e+03   3.8978136e-04
   2.1430000e+03   1.1805000e+03   2.7872726e-04
   2.1440000e+03   1.1807500e+03   4.1209683e-04
   2.1450000e+03   1.1810000e+03   4.5979160e-04
   2.1460000e+03   1.1812500e+03   2.9778758e-04
   2.1470000e+03   1.1815000e+03   3.2693785e-04
   2.1480000e+03   1.1817500e+03   4.7362824e-04
   2.1490000e+03   1.1820000e+03   3.6703625e-04
   2.1500000e+03   1.1822500e+03   2.7211475e-04
   2.1510000e+03   1.1825000e+03   4.1212092e-04
   2.1520000e+03   1.1827500e+03   4.3747691e-04
   2.1530000e+03   1.1830000e+03   2.7834800e-04
   2.1540000e+03   1.1832500e+03   3.1931801e-04
   2.1550000e+03   1.1835000e+03   4.5061456e-04
   2.1560000e+03   1.1837500e+03   3.3662735e-04
   2.1570000e+03   1.1840000e+03   2.5558829e-04
   2.1580000e+03   1.1842500e+03   3.9137651e-04
   2.1590000e+03   1.1845000e+03   4.0195326e-04
   2.1600000e+03   1.1847500e+03   2.5372685e-04
   2.1610000e+03   1.1850000e+03   3.0125500e-04
   2.1620000e+03   1.1852500e+03   4.1904410e-04
   2.1630000e+03   1.1855000e+03   3.0587364e-04
   2.1640000e+03   1.1857500e+03   2.3508795e-04
   2.1650000e+03   1.1860000e+03   3.6276815e-04
   2.1660000e+03   1.1862500e+03   3.6414908e-04
   2.1670000e+03   1.1865000e+03   2.2833487e-04
   2.1680000e+03   1.1867500e+03   2.7352264e-04
   2.1690000e+03   1.1870000e+03   3.7844950e-04
   2.1700000e+03   1.1872500e+03   2.7364729e-04
   2.1710000e+03   1.1875000e+03   2.1473797e-04
   2.1720000e+03   1.1877500e+03   3.2823474e-04
   2.1730000e+03   1.1880000e+03   3.3003637e-04
   2.1740000e+03   1.1882500e+03   2.0988487e-04
   2.1750000e+03   1.1885000e+03   2.5034753e-04
   2.1760000e+03   1.1887500e+03   3.4887777e-04
   2.1770000e+03   1.1890000e+03   2.5631831e-04
   2.1780000e+03   1.1892500e+03   1.9379623e-04
   2.1790000e+03   1.1895000e+03   2.9399917e-04
   2.1800000e+03   1.1897500e+03   2.9869372e-04
   2.1810000e+03   1.1900000e+03   1.8839907e-04
   2.1820000e+03   1.1902500e+03   2.2565707e-04
   2.1830000e+03   1.1905000e+03   3.1839462e-04
   2.1840000e+03   1.1907500e+03   2.3887032e-04
   2.1850000e+03   1.1910000e+03   1.7136838e-04
   2.1860000e+03   1.1912500e+03   2.5684306e-04
   2.1870000e+03   1.1915000e+03   2.5885549e-04
   2.1880000e+03   1.1917500e+03   1.5988307e-04
   2.1890000e+03   1.1920000e+03   1.9609945e-04
   2.1900000e+03   1.1922500e+03   2.8554198e-04
   2.1910000e+03   1.1925000e+03   2.1138473e-04
   2.1920000e+03   1.1927500e+03   1.4930999e-04
   2.1930000e+03   1.1930000e+03   2.3942727e-04
   2.1940000e+03   1.1932500e+03   2.4932875e-04
   2.1950000e+03   1.1935000e+03   1.4703349e-04
   2.1960000e+03   1.1937500e+03   1.6120428e-04
   2.1970000e+03   1.1940000e+03   2.4477317e-04
   2.1980000e+03   1.1942500e+03   1.8672170e-04
   2.1990000e+03   1.1945000e+03   1.1854278e-04
   2.2000000e+03   1.1947500e+03   1.8239145e-04
   2.2010000e+03   1.1950000e+03   2.0765208e-04
   2.2020000e+03   1.1952500e+03   1.2356852e-04
   2.2030000e+03   1.1955000e+03   1.2946874e-04
   2.2040000e+03   1.1957500e+03   2.1032944e-04
   2.2050000e+03   1.1960000e+03   1.7222427e-04
   2.2060000e+03   1.1962500e+03   1.0247636e-04
   2.2070000e+03   1.1965000e+03   1.6207615e-04
   2.2080000e+03   1.1967500e+03   1.9469297e-04
   2.2090000e+03   1.1970000e+03   1.1399603e-04
   2.2100000e+03   1.1972500e+03   1.0238673e-04
   2.2110000e+03   1.1975000e+03   1.7428994e-04
   2.2120000e+03   1.1977500e+03   1.4932054e-04
   2.2130000e+03   1.1980000e+03   8.1789747e-05
   2.2140000e+03   1.1982500e+03   1.2123529e-04
   2.2150000e+03   1.1985000e+03   1.6316493e-04
   2.2160000e+03   1.1987500e+03   1.0138325e-04
   2.2170000e+03   1.1990000e+03   8.0428651e-05
   2.2180000e+03   1.1992500e+03   1.4349458e-04
   2.2190000e+03   1.1995000e+03   1.3427343e-04
   2.2200000e+03   1.1997500e+03   7.1163248e-05
   2.2210000e+03   1.2000000e+03   9.5439536e-05
   2.2220000e+03   1.2002500e+03   1.3780234e-04
   2.2230000e+03   1.2005000e+03   8.9706920e-05
   2.2240000e+03   1.2007500e+03   5.5828735e-05
   2.2250000e+03   1.2010000e+03   9.4704302e-05
   2.2260000e+03   1.2012500e+03   9.9522273e-05
   2.2270000e+03   1.2015000e+03   5.5603147e-05
   2.2280000e+03   1.2017500e+03   7.3255596e-05
   2.2290000e+03   1.2020000e+03   1.1478746e-04
   2.2300000e+03   1.2022500e+03   8.7907630e-05
   2.2310000e+03   1.2025000e+03   5.0841955e-05
   2.2320000e+03   1.2027500e+03   8.8409980e-05
   2.2330000e+03   1.2030000e+03   9.8486523e-05
   2.2340000e+03   1.2032500e+03   5.1704789e-05
   2.2350000e+03   1.2035000e+03   5.0635684e-05
   2.2360000e+03   1.2037500e+03   8.8607119e-05
   2.2370000e+03   1.2040000e+03   7.0661005e-05
   2.2380000e+03   1.2042500e+03   3.6951956e-05
   2.2390000e+03   1.2045000e+03   5.9560835e-05
   2.2400000e+03   1.2047500e+03   7.6886326e-05
   2.2410000e+03   1.2050000e+03   4.5365199e-05
   2.2420000e+03   1.2052500e+03   3.8479484e-05
   2.2430000e+03   1.2055000e+03   7.0526638e-05
   2.2440000e+03   1.2057500e+03   6.4441555e-05
   2.2450000e+03   1.2060000e+03   3.2740681e-05
   2.2460000e+03   1.2062500e+03   4.5928460e-05
   2.2470000e+03   1.2065000e+03   6.5555079e-05
   2.2480000e+03   1.2067500e+03   4.2448406e-05
   2.2490000e+03   1.2070000e+03   2.8361966e-05
   2.2500000e+03   1.2072500e+03   5.0904214e-05
   2.2510000e+03   1.2075000e+03   5.4194803e-05
   2.2520000e+03   1.2077500e+03   3.0833740e-05
   2.2530000e+03   1.2080000e+03   3.4404350e-05
   2.2540000e+03   1.2082500e+03   5.0578809e-05
   2.2550000e+03   1.2085000e+03   3.6946981e-05
   2.2560000e+03   1.2087500e+03   2.2252612e-05
   2.2570000e+03   1.2090000e+03   3.5782662e-05
   2.2580000e+03   1.2092500e+03   4.2273518e-05
   2.2590000e+03   1.2095000e+03   2.6104642e-05
   2.2600000e+03   1.2097500e+03   2.1207744e-05
   2.2610000e+03   1.2100000e+03   3.2568346e-05
   2.2620000e+03   1.2102500e+03   2.8528717e-05
   2.3230000e+03   1.2255000e+03   4.5475615e-05
   2.3240000e+03   1.2257500e+03   2.8720995e-05
   2.3250000e+03   1.2260000e+03   2.8356671e-05
   2.3260000e+03   1.2262500e+03   5.0011893e-05
   2.3270000e+03   1.2265000e+03   5.7353976e-05
   2.3280000e+03   1.2267500e+03   4.3729181e-05
   2.3290000e+03   1.2270000e+03   3.6398341e-05
   2.3300000e+03   1.2272500e+03   4.5003981e-05
   2.3310000e+03   1.2275000e+03   6.2605864e-05
   2.3320000e+03   1.2277500e+03   6.0819350e-05
   2.3330000e+03   1.2280000e+03   4.3866465e-05
   2.3340000e+03   1.2282500e+03   4.1960395e-05
   2.3350000e+03   1.2285000e+03   7.0169018e-05
   2.3360000e+03   1.2287500e+03   7.8214790e-05
   2.3370000e+03   1.2290000e+03   4.1283897e-05
   2.3380000e+03   1.2292500e+03   5.0639592e-05
   2.3390000e+03   1.2295000e+03   1.3096279e-04
   2.3400000e+03   1.2297500e+03   1.3673996e-04
   2.3410000e+03   1.2300000e+03   9.8671127e-05
   2.3420000e+03   1.2302500e+03   1.0965864e-04
   2.3430000e+03   1.2305000e+03   1.4120281e-04
   2.3440000e+03   1.2307500e+03   1.1804178e-04
   2.3450000e+03   1.2310000e+03   6.7455153e-05
   2.3460000e+03   1.2312500e+03   6.6377902e-05
   2.3470000e+03   1.2315000e+03   1.1693656e-04
   2.3480000e+03   1.2317500e+03   1.3853608e-04
   2.3490000e+03   1.2320000e+03   9.2417087e-05
   2.3500000e+03   1.2322500e+03   7.6537441e-05
   2.3510000e+03   1.2325000e+03   1.2362015e-04
   2.3520000e+03   1.2327500e+03   1.6977981e-04
   2.3530000e+03   1.2330000e+03   1.2581053e-04
   2.3540000e+03   1.2332500e+03   9.3865380e-05
   2.3550000e+03   1.2335000e+03   1.8143239e-04
   2.3560000e+03   1.2337500e+03   2.3319977e-04
   2.3570000e+03   1.2340000e+03   1.4794871e-04
   2.3580000e+03   1.2342500e+03   8.9674507e-05
   2.3590000e+03   1.2345000e+03   1.5561497e-04
   2.3600000e+03   1.2347500e+03   2.4784717e-04
   2.3610000e+03   1.2350000e+03   1.7762964e-04
   2.3620000e+03   1.2352500e+03   1.0276554e-04
   2.3630000e+03   1.2355000e+03   1.6029676e-04
   2.3640000e+03   1.2357500e+03   2.9991505e-04
   2.3650000e+03   1.2360000e+03   2.6661450e-04
   2.3660000e+03   1.2362500e+03   1.3204061e-04
   2.3670000e+03   1.2365000e+03   2.5366883e-04
   2.3680000e+03   1.2367500e+03   4.2088648e-04
   2.3690000e+03   1.2370000e+03   4.5441164e-04
   2.3700000e+03   1.2372500e+03   1.9553842e-04
   2.3710000e+03   1.2375000e+03   2.7279463e-04
   2.3720000e+03   1.2377500e+03   4.3256984e-04
   2.3730000e+03   1.2380000e+03   3.5195476e-04
   2.3740000e+03   1.2382500e+03   1.4794198e-04
   2.3750000e+03   1.2385000e+03   1.8044058e-04
   2.3760000e+03   1.2387500e+03   3.7020077e-04
   2.3770000e+03   1.2390000e+03   2.7918912e-04
   2.3780000e+03   1.2392500e+03   1.7254265e-04
   2.3790000e+03   1.2395000e+03   2.9622841e-04
   2.3800000e+03   1.2397500e+03   5.3185291e-04
   2.3810000e+03   1.2400000e+03   4.2159483e-04
   2.3820000e+03   1.2402500e+03   2.2079910e-04
   2.3830000e+03   1.2405000e+03   3.0397791e-04
   2.3840000e+03   1.2407500e+03   5.8280774e-04
   2.3850000e+03   1.2410000e+03   5.2005896e-04
   2.3860000e+03   1.2412500e+03   2.3670445e-04
   2.3870000e+03   1.2415000e+03   3.0969458e-04
   2.3880000e+03   1.2417500e+03   4.5751151e-04
   2.3890000e+03   1.2420000e+03   3.3011835e-04
   2.3900000e+03   1.2422500e+03   2.2531381e-04
   2.3910000e+03   1.2425000e+03   4.0061875e-04
   2.3920000e+03   1.2427500e+03   8.1714041e-04
   2.3930000e+03   1.2430000e+03   6.2404630e-04
   2.3940000e+03   1.2432500e+03   3.9790888e-04
   2.3950000e+03   1.2435000e+03   7.0769836e-04
   2.3960000e+03   1.2437500e+03   9.8246901e-04
   2.3970000e+03   1.2440000e+03   6.8559441e-04
   2.3980000e+03   1.2442500e+03   3.9613704e-04
   2.3990000e+03   1.2445000e+03   6.1647363e-04
   2.4000000e+03   1.2447500e+03   1.0879436e-03
   2.4010000e+03   1.2450000e+03   1.0981121e-03
   2.4020000e+03   1.2452500e+03   6.4614404e-04
   2.4030000e+03   1.2455000e+03   5.8213674e-04
   2.4040000e+03   1.2457500e+03   6.4980411e-04
   2.4050000e+03   1.2460000e+03   5.1345127e-04
   2.4060000e+03   1.2462500e+03   4.7552141e-04
   2.4070000e+03   1.2465000e+03   1.1977510e-03
   2.4080000e+03   1.2467500e+03   1.4446115e-03
   2.4090000e+03   1.2470000e+03   8.1235101e-04
   2.4100000e+03   1.2472500e+03   4.7430923e-04
   2.4110000e+03   1.2475000e+03   4.8121480e-04
   2.4120000e+03   1.2477500e+03   4.6535056e-04
   2.4130000e+03   1.2480000e+03   4.5058964e-04
   2.4140000e+03   1.2482500e+03   6.6281803e-04
   2.4150000e+03   1.2485000e+03   1.2732781e-03
   2.4160000e+03   1.2487500e+03   1.5171436e-03
   2.4170000e+03   1.2490000e+03   8.9421155e-04
   2.4180000e+03   1.2492500e+03   5.9906629e-04
   2.4190000e+03   1.2495000e+03   7.4386457e-04
   2.4200000e+03   1.2497500e+03   1.1065274e-03
   2.4210000e+03   1.2500000e+03   8.4068069e-04
   2.4220000e+03   1.2502500e+03   9.9152948e-04
   2.4230000e+03   1.2505000e+03   1.6723469e-03
   2.4240000e+03   1.2507500e+03   1.6151501e-03
   2.4250000e+03   1.2510000e+03   9.5273090e-04
   2.4260000e+03   1.2512500e+03   1.0376966e-03
   2.4270000e+03   1.2515000e+03   1.7969855e-03
   2.4280000e+03   1.2517500e+03   1.6361493e-03
   2.4290000e+03   1.2520000e+03   1.0110910e-03
   2.4300000e+03   1.2522500e+03   1.1923630e-03
   2.4310000e+03   1.2525000e+03   1.9739458e-03
   2.4320000e+03   1.2527500e+03   1.6390527e-03
   2.4330000e+03   1.2530000e+03   1.0017938e-03
   2.4340000e+03   1.2532500e+03   7.0063776e-04
   2.4350000e+03   1.2535000e+03   2.0836231e-03
   2.4360000e+03   1.2537500e+03   1.3944933e-03
   2.4370000e+03   1.2540000e+03   1.1914306e-03
   2.4380000e+03   1.2542500e+03   1.9057594e-03
   2.4390000e+03   1.2545000e+03   2.5547537e-03
   2.4400000e+03   1.2547500e+03   2.0882609e-03
   2.4410000e+03   1.2550000e+03   1.8870382e-03
   2.4420000e+03   1.2552500e+03   2.8109359e-03
   2.4430000e+03   1.2555000e+03   2.4270471e-03
   2.4440000e+03   1.2557500e+03   1.4990818e-03
   2.4450000e+03   1.2560000e+03   1.3631771e-03
   2.4460000e+03   1.2562500e+03   1.9871997e-03
   2.4470000e+03   1.2565000e+03   2.5183452e-03
   2.4480000e+03   1.2567500e+03   1.3608059e-03
   2.4490000e+03   1.2570000e+03   1.7371757e-03
   2.4500000e+03   1.2572500e+03   2.5550332e-03
   2.4510000e+03   1.2575000e+03   2.1325743e-03
   2.4520000e+03   1.2577500e+03   1.5785216e-03
   2.4530000e+03   1.2580000e+03   1.8500840e-03
   2.4540000e+03   1.2582500e+03   2.6744147e-03
   2.4550000e+03   1.2585000e+03   2.0100213e-03
   2.4560000e+03   1.2587500e+03   1.6514187e-03
   2.4570000e+03   1.2590000e+03   2.0890050e-03
   2.4580000e+03   1.2592500e+03   3.7062302e-03
   2.4590000e+03   1.2595000e+03   4.7894858e-03
   2.4600000e+03   1.2597500e+03   4.8467283e-03
   2.4610000e+03   1.2600000e+03   4.7834579e-03
   2.4620000e+03   1.2602500e+03   2.7397184e-03
   2.4630000e+03   1.2605000e+03   2.1520828e-03
   2.4640000e+03   1.2607500e+03   2.0752785e-03
   2.4650000e+03   1.2610000e+03   3.6820630e-03
   2.4660000e+03   1.2612500e+03   2.8322334e-03
   2.4670000e+03   1.2615000e+03   2.4712915e-03
   2.4680000e+03   1.2617500e+03   3.2098663e-03
   2.4690000e+03   1.2620000e+03   4.4515829e-03
   2.4700000e+03   1.2622500e+03   2.2896794e-03
   2.4710000e+03   1.2625000e+03   2.5054185e-03
   2.4720000e+03   1.2627500e+03   3.2535786e-03
   2.4730000e+03   1.2630000e+03   4.9102176e-03
   2.4740000e+03   1.2632500e+03   4.6513217e-03
   2.4750000e+03   1.2635000e+03   4.3408341e-03
   2.4760000e+03   1.2637500e+03   4.6519059e-03
   2.4770000e+03   1.2640000e+03   3.3524207e-03
   2.4780000e+03   1.2642500e+03   2.8411300e-03
   2.4790000e+03   1.2645000e+03   3.1180252e-03
   2.4800000e+03   1.2647500e+03   4.2808832e-03
   2.4810000e+03   1.2650000e+03   3.9835539e-03
   2.4820000e+03   1.2652500e+03   3.1557802e-03
   2.4830000e+03   1.2655000e+03   3.0114267e-03
   2.4840000e+03   1.2657500e+03   2.9517574e-03
   2.4850000e+03   1.2660000e+03   2.9731523e-03
   2.4860000e+03   1.2662500e+03   3.3775005e-03
   2.4870000e+03   1.2665000e+03   4.3741844e-03
   2.4880000e+03   1.2667500e+03   4.0800419e-03
   2.4890000e+03   1.2670000e+03   3.4914752e-03
   2.4900000e+03   1.2672500e+03   3.4695939e-03
   2.4910000e+03   1.2675000e+03   4.5325816e-03
   2.4920000e+03   1.2677500e+03   5.8017592e-03
   2.4930000e+03   1.2680000e+03   4.2123113e-03
   2.4940000e+03   1.2682500e+03   4.4067570e-03
   2.4950000e+03   1.2685000e+03   4.6822789e-03
   2.4960000e+03   1.2687500e+03   4.3542492e-03
   2.4970000e+03   1.2690000e+03   5.2755488e-03
   2.4980000e+03   1.2692500e+03   6.0015619e-03
   2.4990000e+03   1.2695000e+03   4.4285382e-03
   2.5000000e+03   1.2697500e+03   4.1434870e-03
   2.5010000e+03   1.2700000e+03   4.5569816e-03
   2.5020000e+03   1.2702500e+03   6.2648991e-03
   2.5030000e+03   1.2705000e+03   6.1546139e-03
   2.5040000e+03   1.2707500e+03   5.0127861e-03
   2.5050000e+03   1.2710000e+03   8.5322087e-03
   2.5060000e+03   1.2712500e+03   9.5382501e-03
   2.5070000e+03   1.2715000e+03   8.8283091e-03
   2.5080000e+03   1.2717500e+03   8.0256054e-03
   2.5090000e+03   1.2720000e+03   6.3302823e-03
   2.5100000e+03   1.2722500e+03   4.9881734e-03
   2.5110000e+03   1.2725000e+03   4.8127633e-03
   2.5120000e+03   1.2727500e+03   5.4861209e-03
   2.5130000e+03   1.2730000e+03   5.7760221e-03
   2.5140000e+03   1.2732500e+03   5.1054612e-03
   2.5150000e+03   1.2735000e+03   5.1298958e-03
   2.5160000e+03   1.2737500e+03   6.0993005e-03
   2.5170000e+03   1.2740000e+03   5.5044992e-03
   2.5180000e+03   1.2742500e+03   5.0940044e-03
   2.5190000e+03   1.2745000e+03   5.4415557e-03
   2.5200000e+03   1.2747500e+03   7.6041293e-03
   2.5210000e+03   1.2750000e+03   7.7281660e-03
   2.5220000e+03   1.2752500e+03   6.6889726e-03
   2.5230000e+03   1.2755000e+03   5.9890787e-03
   2.5240000e+03   1.2757500e+03   5.2609753e-03
   2.5250000e+03   1.2760000e+03   5.2091650e-03
   2.5260000e+03   1.2762500e+03   5.7225808e-03
   2.5270000e+03   1.2765000e+03   7.0895058e-03
   2.5280000e+03   1.2767500e+03   6.7609863e-03
   2.5290000e+03   1.2770000e+03   7.2340580e-03
   2.5300000e+03   1.2772500e+03   7.1165654e-03
   2.5310000e+03   1.2775000e+03   4.7452964e-03
   2.5320000e+03   1.2777500e+03   5.4914599e-03
   2.5330000e+03   1.2780000e+03   6.0285907e-03
   2.5340000e+03   1.2782500e+03   5.1933179e-03
   2.5350000e+03   1.2785000e+03   4.8668162e-03
   2.5360000e+03   1.2787500e+03   5.1726088e-03
   2.5370000e+03   1.2790000e+03   5.3512958e-03
   2.5380000e+03   1.2792500e+03   4.6064677e-03
   2.5390000e+03   1.2795000e+03   4.5675750e-03
   2.5400000e+03   1.2797500e+03   5.0663008e-03
   2.5410000e+03   1.2800000e+03   4.4867202e-03
   2.5420000e+03   1.2802500e+03   4.2009590e-03
   2.5430000e+03   1.2805000e+03   4.6112080e-03
   2.5440000e+03   1.2807500e+03   4.5369349e-03
   2.5450000e+03   1.2810000e+03   3.7262300e-03
   2.5460000e+03   1.2812500e+03   3.5149787e-03
   2.5470000e+03   1.2815000e+03   3.5264364e-03
   2.5480000e+03   1.2817500e+03   2.8052894e-03
   2.5490000e+03   1.2820000e+03   3.1968259e-03
   2.5500000e+03   1.2822500e+03   3.7151758e-03
   2.5510000e+03   1.2825000e+03   5.0990800e-03
   2.5520000e+03   1.2827500e+03   4.5404472e-03
   2.5530000e+03   1.2830000e+03   4.6123513e-03
   2.5540000e+03   1.2832500e+03   3.0081772e-03
   2.5550000e+03   1.2835000e+03   2.7426068e-03
   2.5560000e+03   1.2837500e+03   2.6907556e-03
   2.5570000e+03   1.2840000e+03   2.2435349e-03
   2.5580000e+03   1.2842500e+03   1.4896582e-03
   2.5590000e+03   1.2845000e+03   1.3943835e-03
   2.5600000e+03   1.2847500e+03   1.3838102e-03
   2.5610000e+03   1.2850000e+03   1.0461693e-03
   2.5620000e+03   1.2852500e+03   1.1077567e-03
   2.5630000e+03   1.2855000e+03   1.7628924e-03
   2.5640000e+03   1.2857500e+03   2.0437476e-03
   2.5650000e+03   1.2860000e+03   1.7186888e-03
   2.5660000e+03   1.2862500e+03   1.7223050e-03
   2.5670000e+03   1.2865000e+03   2.2275365e-03
   2.5680000e+03   1.2867500e+03   2.2273686e-03
   2.5690000e+03   1.2870000e+03   2.2225886e-03
   2.5700000e+03   1.2872500e+03   2.7381542e-03
   2.5710000e+03   1.2875000e+03   4.5472989e-03
   2.5720000e+03   1.2877500e+03   5.3505069e-03
   2.5730000e+03   1.2880000e+03   5.8033827e-03
   2.5740000e+03   1.2882500e+03   5.9121583e-03
   2.5750000e+03   1.2885000e+03   3.4411003e-03
   2.5760000e+03   1.2887500e+03   3.1661213e-03
   2.5770000e+03   1.2890000e+03   3.7115880e-03
   2.5780000e+03   1.2892500e+03   3.3885657e-03
   2.5790000e+03   1.2895000e+03   3.3029314e-03
   2.5800000e+03   1.2897500e+03   3.8289394e-03
   2.5810000e+03   1.2900000e+03   4.1294492e-03
   2.5820000e+03   1.2902500e+03   4.0876463e-03
   2.5830000e+03   1.2905000e+03   4.5099660e-03
   2.5840000e+03   1.2907500e+03   5.0019783e-03
   2.5850000e+03   1.2910000e+03   4.6086240e-03
   2.5860000e+03   1.2912500e+03   4.8192768e-03
   2.5870000e+03   1.2915000e+03   5.5716165e-03
   2.5880000e+03   1.2917500e+03   5.0006902e-03
   2.5890000e+03   1.2920000e+03   4.8709681e-03
   2.5900000e+03   1.2922500e+03   5.7632361e-03
   2.5910000e+03   1.2925000e+03   7.5025783e-03
   2.5920000e+03   1.2927500e+03   6.9223177e-03
   2.5930000e+03   1.2930000e+03   7.1359726e-03
   2.5940000e+03   1.2932500e+03   6.0298034e-03
   2.5950000e+03   1.2935000e+03   5.4571649e-03
   2.5960000e+03   1.2937500e+03   5.8679877e-03
   2.5970000e+03   1.2940000e+03   7.3628598e-03
   2.5980000e+03   1.2942500e+03   6.9412560e-03
   2.5990000e+03   1.2945000e+03   6.4109482e-03
   2.6000000e+03   1.2947500e+03   5.5965264e-03
   2.6010000e+03   1.2950000e+03   5.3045388e-03
   2.6020000e+03   1.2952500e+03   5.0325824e-03
   2.6030000e+03   1.2955000e+03   5.9702809e-03
   2.6040000e+03   1.2957500e+03   5.7037239e-03
   2.6050000e+03   1.2960000e+03   5.7575175e-03
   2.6060000e+03   1.2962500e+03   6.4502567e-03
   2.6070000e+03   1.2965000e+03   6.0429632e-03
   2.6080000e+03   1.2967500e+03   5.8740929e-03
   2.6090000e+03   1.2970000e+03   6.6076691e-03
   2.6100000e+03   1.2972500e+03   9.1496552e-03
   2.6110000e+03   1.2975000e+03   9.3928579e-03
   2.6120000e+03   1.2977500e+03   8.0199775e-03
   2.6130000e+03   1.2980000e+03   6.5575485e-03
   2.6140000e+03   1.2982500e+03   6.2659920e-03
   2.6150000e+03   1.2985000e+03   7.0052315e-03
   2.6160000e+03   1.2987500e+03   6.7395503e-03
   2.6170000e+03   1.2990000e+03   6.2230625e-03
   2.6180000e+03   1.2992500e+03   5.8884686e-03
   2.6190000e+03   1.2995000e+03   7.1190125e-03
   2.6200000e+03   1.2997500e+03   9.6564875e-03
   2.6210000e+03   1.3000000e+03   8.8943955e-03
   2.6220000e+03   1.3002500e+03   5.3874998e-03
   2.6230000e+03   1.3005000e+03   6.0457225e-03
   2.6240000e+03   1.3007500e+03   6.6858597e-03
   2.6250000e+03   1.3010000e+03   7.9159982e-03
   2.6260000e+03   1.3012500e+03   7.7769308e-03
   2.6270000e+03   1.3015000e+03   9.0368296e-03
   2.6280000e+03   1.3017500e+03   5.3752977e-03
   2.6290000e+03   1.3020000e+03   1.3738954e-02
   2.6300000e+03   1.3022500e+03   8.6169180e-03
   2.6310000e+03   1.3025000e+03   1.3975081e-02
   2.6320000e+03   1.3027500e+03   1.0010502e-02
   2.6330000e+03   1.3030000e+03   1.7556905e-02
   2.6340000e+03   1.3032500e+03   7.9447827e-03
   2.6350000e+03   1.3035000e+03   1.7323664e-02
   2.6360000e+03   1.3037500e+03   7.4492395e-03
   2.6370000e+03   1.3040000e+03   1.5813347e-02
   2.6380000e+03   1.3042500e+03   6.7819487e-03
   2.6390000e+03   1.3045000e+03   1.0894300e-02
   2.6400000e+03   1.3047500e+03   5.4043600e-03
   2.6410000e+03   1.3050000e+03   1.0197735e-02
   2.6420000e+03   1.3052500e+03   4.5512385e-03
   2.6430000e+03   1.3055000e+03   8.0702386e-03
   2.6440000e+03   1.3057500e+03   4.2730882e-03
   2.6450000e+03   1.3060000e+03   3.6409076e-03
   2.6460000e+03   1.3062500e+03   5.6591477e-03
   2.6470000e+03   1.3065000e+03   7.4751978e-03
   2.6480000e+03   1.3067500e+03   6.0017845e-03
   2.6490000e+03   1.3070000e+03   3.5993282e-03
   2.6500000e+03   1.3072500e+03   3.3847313e-03
   2.6510000e+03   1.3075000e+03   3.9126371e-03
   2.6520000e+03   1.3077500e+03   3.7143858e-03
   2.6530000e+03   1.3080000e+03   3.2313868e-03
   2.6540000e+03   1.3082500e+03   3.5437798e-03
   2.6550000e+03   1.3085000e+03   3.4257383e-03
   2.6560000e+03   1.3087500e+03   3.0122336e-03
   2.6570000e+03   1.3090000e+03   3.3989497e-03
   2.6580000e+03   1.3092500e+03   3.3262321e-03
   2.6590000e+03   1.3095000e+03   2.9546953e-03
   2.6600000e+03   1.3097500e+03   3.3554602e-03
   2.6610000e+03   1.3100000e+03   3.2596489e-03
   2.6620000e+03   1.3102500e+03   2.8794052e-03
   2.6630000e+03   1.3105000e+03   3.3950341e-03
   2.6640000e+03   1.3107500e+03   3.2861168e-03
   2.6650000e+03   1.3110000e+03   2.6370485e-03
   2.6660000e+03   1.3112500e+03   2.3732515e-03
   2.6670000e+03   1.3115000e+03   2.3364341e-03
   2.6680000e+03   1.3117500e+03   3.0161216e-03
   2.6690000e+03   1.3120000e+03   3.7083256e-03
   2.6700000e+03   1.3122500e+03   3.1100913e-03
   2.6710000e+03   1.3125000e+03   2.9705299e-03
   2.6720000e+03   1.3127500e+03   3.5405435e-03
   2.6730000e+03   1.3130000e+03   3.0360896e-03
   2.6740000e+03   1.3132500e+03   3.0034952e-03
   2.6750000e+03   1.3135000e+03   3.4626736e-03
   2.6760000e+03   1.3137500e+03   2.9716893e-03
   2.6770000e+03   1.3140000e+03   3.0728702e-03
   2.6780000e+03   1.3142500e+03   3.1591442e-03
   2.6790000e+03   1.3145000e+03   2.7492746e-03
   2.6800000e+03   1.3147500e+03   2.9230367e-03
   2.6810000e+03   1.3150000e+03   2.8106114e-03
   2.6820000e+03   1.3152500e+03   2.5760051e-03
   2.6830000e+03   1.3155000e+03   2.7321425e-03
   2.6840000e+03   1.3157500e+03   2.4794940e-03
   2.6850000e+03   1.3160000e+03   2.4527168e-03
   2.6860000e+03   1.3162500e+03   2.5766713e-03
   2.6870000e+03   1.3165000e+03   2.2208389e-03
   2.6880000e+03   1.3167500e+03   1.8495573e-03
   2.6890000e+03   1.3170000e+03   1.6780537e-03
   2.6900000e+03   1.3172500e+03   1.9354308e-03
   2.6910000e+03   1.3175000e+03   2.1988423e-03
   2.6920000e+03   1.3177500e+03   1.8839094e-03
   2.6930000e+03   1.3180000e+03   1.8159110e-03
   2.6940000e+03   1.3182500e+03   1.9446463e-03
   2.6950000e+03   1.3185000e+03   1.6043649e-03
   2.6960000e+03   1.3187500e+03   1.6562463e-03
   2.6970000e+03   1.3190000e+03   1.5792143e-03
   2.6980000e+03   1.3192500e+03   1.3478318e-03
   2.6990000e+03   1.3195000e+03   1.5520403e-03
   2.7000000e+03   1.3197500e+03   1.3623040e-03
   2.7010000e+03   1.3200000e+03   1.2320384e-03
   2.7020000e+03   1.3202500e+03   1.4134159e-03
   2.7030000e+03   1.3205000e+03   1.1264502e-03
   2.7040000e+03   1.3207500e+03   1.1557178e-03
   2.7050000e+03   1.3210000e+03   1.2322271e-03
   2.7060000e+03   1.3212500e+03   9.4727911e-04
   2.7070000e+03   1.3215000e+03   1.0842150e-03
   2.7080000e+03   1.3217500e+03   1.3156507e-03
   2.7090000e+03   1.3220000e+03   1.1972526e-03
   2.7100000e+03   1.3222500e+03   7.1421215e-04
   2.7110000e+03   1.3225000e+03   6.2163282e-04
   2.7120000e+03   1.3227500e+03   7.6913481e-04
   2.7130000e+03   1.3230000e+03   8.2660813e-04
   2.7140000e+03   1.3232500e+03   6.5789465e-04
   2.7150000e+03   1.3235000e+03   6.8323964e-04
   2.7160000e+03   1.3237500e+03   6.6400055e-04
   2.7170000e+03   1.3240000e+03   5.8138337e-04
   2.7180000e+03   1.3242500e+03   6.0897341e-04
   2.7190000e+03   1.3245000e+03   5.3175537e-04
   2.7200000e+03   1.3247500e+03   5.2753531e-04
   2.7210000e+03   1.3250000e+03   5.1393201e-04
   2.7220000e+03   1.3252500e+03   4.5659667e-04
   2.7230000e+03   1.3255000e+03   4.6288949e-04
   2.7240000e+03   1.3257500e+03   4.1064270e-04
   2.7250000e+03   1.3260000e+03   4.0138401e-04
   2.7260000e+03   1.3262500e+03   3.8848093e-04
   2.7270000e+03   1.3265000e+03   3.2930727e-04
   2.7280000e+03   1.3267500e+03   3.5665377e-04
   2.7290000e+03   1.3270000e+03   4.1279734e-04
   2.7300000e+03   1.3272500e+03   3.0071946e-04
   2.7310000e+03   1.3275000e+03   2.0589490e-04
   2.7320000e+03   1.3277500e+03   2.5080073e-04
   2.7330000e+03   1.3280000e+03   2.6144004e-04
   2.7340000e+03   1.3282500e+03   2.1928749e-04
   2.7350000e+03   1.3285000e+03   2.1498773e-04
   2.7360000e+03   1.3287500e+03   2.1501206e-04
   2.7370000e+03   1.3290000e+03   1.7636689e-04
   2.7380000e+03   1.3292500e+03   1.7827236e-04
   2.7390000e+03   1.3295000e+03   1.6396654e-04
   2.7400000e+03   1.3297500e+03   1.4853619e-04
   2.7410000e+03   1.3300000e+03   1.5593600e-04
   2.7420000e+03   1.3302500e+03   1.4537773e-04
   2.7430000e+03   1.3305000e+03   1.3843417e-04
   2.7440000e+03   1.3307500e+03   1.3088382e-04
   2.7450000e+03   1.3310000e+03   1.2102163e-04
   2.7460000e+03   1.3312500e+03   1.0810052e-04
   2.7470000e+03   1.3315000e+03   1.0604995e-04
   2.7480000e+03   1.3317500e+03   1.1025669e-04
   2.7490000e+03   1.3320000e+03   1.0913505e-04
   2.7500000e+03   1.3322500e+03   9.9004182e-05
