   1.2560000e+03   1.1333599e+03   7.8874243e-05
   1.2570000e+03   1.1339034e+03   8.4657457e-05
   1.2580000e+03   1.1344475e+03   8.7620722e-05
   1.2590000e+03   1.1349920e+03   9.6915465e-05
   1.2600000e+03   1.1355370e+03   1.0616392e-04
   1.2610000e+03   1.1360825e+03   1.1011193e-04
   1.2620000e+03   1.1366285e+03   1.1708173e-04
   1.2870000e+03   1.2292531e+03   7.9441849e-05
   1.2880000e+03   1.2297703e+03   1.1797658e-04
   1.2890000e+03   1.2302879e+03   1.2519347e-04
   1.2900000e+03   1.2308060e+03   9.2700439e-05
   1.2910000e+03   1.2313245e+03   9.3592595e-05
   1.2920000e+03   1.2318434e+03   1.0579469e-04
   1.2930000e+03   1.2323628e+03   1.1255099e-04
   1.2940000e+03   1.2328825e+03   1.3041317e-04
   1.2950000e+03   1.2334028e+03   1.5673292e-04
   1.2960000e+03   1.2339234e+03   1.5395424e-04
   1.2970000e+03   1.2344445e+03   1.6186411e-04
   1.2980000e+03   1.2349660e+03   1.7410782e-04
   1.2990000e+03   1.2354880e+03   1.7631215e-04
   1.3000000e+03   1.2360104e+03   2.2747024e-04
   1.3010000e+03   1.2365332e+03   3.0587750e-04
   1.3020000e+03   1.2370565e+03   3.3476505e-04
   1.3030000e+03   1.2375802e+03   3.4545749e-04
   1.3040000e+03   1.2381043e+03   2.8224269e-04
   1.3050000e+03   1.2386289e+03   2.4238549e-04
   1.3060000e+03   1.2391539e+03   2.7047763e-04
   1.3070000e+03   1.2396794e+03   3.6127842e-04
   1.3080000e+03   1.2402053e+03   3.6174790e-04
   1.3090000e+03   1.2407316e+03   3.7363445e-04
   1.3100000e+03   1.2412584e+03   3.7251002e-04
   1.3110000e+03   1.2417857e+03   3.2005463e-04
   1.3120000e+03   1.2423133e+03   3.9394565e-04
   1.3130000e+03   1.2428414e+03   5.4480967e-04
   1.3140000e+03   1.2433700e+03   6.9724970e-04
   1.3150000e+03   1.2438990e+03   6.7855807e-04
   1.3160000e+03   1.2444284e+03   6.8015850e-04
   1.3170000e+03   1.2449583e+03   9.0959610e-04
   1.3180000e+03   1.2454886e+03   6.6532196e-04
   1.3190000e+03   1.2460194e+03   6.0146289e-04
   1.3200000e+03   1.2465506e+03   9.7143917e-04
   1.3210000e+03   1.2470823e+03   8.1179379e-04
   1.3220000e+03   1.2476144e+03   4.6947516e-04
   1.3230000e+03   1.2481469e+03   8.6787952e-04
   1.3240000e+03   1.2486799e+03   1.0771733e-03
   1.3250000e+03   1.2492134e+03   8.7318130e-04
   1.3260000e+03   1.2497473e+03   8.0200771e-04
   1.3270000e+03   1.2502816e+03   1.3386209e-03
   1.3280000e+03   1.2508164e+03   1.2841056e-03
   1.3290000e+03   1.2513517e+03   1.3266067e-03
   1.3300000e+03   1.2518874e+03   1.3970829e-03
   1.3310000e+03   1.2524235e+03   1.3906078e-03
   1.3320000e+03   1.2529601e+03   1.3183493e-03
   1.3330000e+03   1.2534972e+03   8.6731304e-04
   1.3340000e+03   1.2540347e+03   1.6816111e-03
   1.3350000e+03   1.2545727e+03   2.0718960e-03
   1.3360000e+03   1.2551111e+03   2.3424113e-03
   1.3370000e+03   1.2556499e+03   1.8228669e-03
   1.3380000e+03   1.2561893e+03   1.5863836e-03
   1.3390000e+03   1.2567290e+03   1.8998402e-03
   1.3400000e+03   1.2572693e+03   1.9573886e-03
   1.3410000e+03   1.2578100e+03   1.9602366e-03
   1.3420000e+03   1.2583511e+03   1.9570028e-03
   1.3430000e+03   1.2588927e+03   2.0103479e-03
   1.3440000e+03   1.2594348e+03   3.2237549e-03
   1.3450000e+03   1.2599773e+03   3.1903727e-03
   1.3460000e+03   1.2605202e+03   2.4865973e-03
   1.3470000e+03   1.2610637e+03   2.6133254e-03
   1.3480000e+03   1.2616076e+03   2.8671034e-03
   1.3490000e+03   1.2621519e+03   2.7565974e-03
   1.3500000e+03   1.2626967e+03   3.1292975e-03
   1.3510000e+03   1.2632420e+03   4.4231303e-03
   1.3520000e+03   1.2637877e+03   3.5831743e-03
   1.3530000e+03   1.2643339e+03   3.2174279e-03
   1.3540000e+03   1.2648806e+03   3.5826920e-03
   1.3550000e+03   1.2654277e+03   3.2645395e-03
   1.3560000e+03   1.2659753e+03   3.2009819e-03
   1.3570000e+03   1.2665234e+03   3.6849806e-03
   1.3580000e+03   1.2670719e+03   3.6776471e-03
   1.3590000e+03   1.2676209e+03   3.8762859e-03
   1.3600000e+03   1.2681703e+03   4.5931526e-03
   1.3610000e+03   1.2687202e+03   4.7917776e-03
   1.3620000e+03   1.2692706e+03   4.4793975e-03
   1.3630000e+03   1.2698214e+03   4.4727576e-03
   1.3640000e+03   1.2703727e+03   5.2387559e-03
   1.3650000e+03   1.2709245e+03   5.9364850e-03
   1.3660000e+03   1.2714768e+03   7.7075514e-03
   1.3670000e+03   1.2720295e+03   5.2703155e-03
   1.3680000e+03   1.2725827e+03   5.1406045e-03
   1.3690000e+03   1.2843424e+03   1.5592610e-03
   1.3700000e+03   1.2849057e+03   1.2323329e-03
   1.3710000e+03   1.2854695e+03   1.4384742e-03
   1.3720000e+03   1.2860337e+03   1.8524983e-03
   1.3730000e+03   1.2865985e+03   2.0353575e-03
   1.3740000e+03   1.2871637e+03   2.5005898e-03
   1.3750000e+03   1.2877294e+03   3.9658113e-03
   1.3760000e+03   1.2882956e+03   4.2948876e-03
   1.3770000e+03   1.2888622e+03   3.3972109e-03
   1.3780000e+03   1.2894294e+03   3.5753515e-03
   1.3790000e+03   1.2899970e+03   3.9630789e-03
   1.3800000e+03   1.2905652e+03   4.4449203e-03
   1.3810000e+03   1.2911338e+03   4.8969506e-03
   1.3820000e+03   1.2917029e+03   5.0199511e-03
   1.3830000e+03   1.2922725e+03   5.3804637e-03
   1.3840000e+03   1.2928425e+03   6.6519961e-03
   1.3850000e+03   1.2934131e+03   5.9659860e-03
   1.3860000e+03   1.2939842e+03   6.1382900e-03
   1.3870000e+03   1.2945557e+03   6.1120558e-03
   1.3880000e+03   1.2951277e+03   5.4479944e-03
   1.3890000e+03   1.2957003e+03   5.6887640e-03
   1.3900000e+03   1.2962733e+03   5.9694798e-03
   1.3910000e+03   1.2968468e+03   6.2360828e-03
   1.3920000e+03   1.2974208e+03   7.5636614e-03
   1.3930000e+03   1.2979953e+03   6.7078922e-03
   1.3940000e+03   1.2985702e+03   6.5215791e-03
   1.3950000e+03   1.2991457e+03   6.2104775e-03
   1.3960000e+03   1.2997217e+03   6.1426619e-03
   1.3970000e+03   1.3002981e+03   6.1234079e-03
   1.3980000e+03   1.3008751e+03   6.8942100e-03
   1.3990000e+03   1.3014526e+03   7.6721282e-03
   1.4000000e+03   1.3020305e+03   7.9317127e-03
   1.4010000e+03   1.3026090e+03   8.7337878e-03
   1.4020000e+03   1.3031879e+03   7.6715662e-03
   1.4030000e+03   1.3037674e+03   6.0887369e-03
   1.4040000e+03   1.3043473e+03   4.8084957e-03
   1.4050000e+03   1.3049277e+03   3.3352939e-03
   1.4060000e+03   1.3055087e+03   3.0669054e-03
   1.4070000e+03   1.3060901e+03   6.0551989e-03
   1.4080000e+03   1.3066721e+03   4.0450685e-03
   1.4090000e+03   1.3072545e+03   3.6582472e-03
   1.4100000e+03   1.3078375e+03   3.5060048e-03
   1.4110000e+03   1.3084209e+03   3.2697258e-03
   1.4120000e+03   1.3090049e+03   3.1894457e-03
   1.4130000e+03   1.3095893e+03   3.1990829e-03
   1.4140000e+03   1.3101743e+03   3.1745956e-03
   1.4150000e+03   1.3107598e+03   2.9824583e-03
   1.4160000e+03   1.3113457e+03   2.7373553e-03
   1.4170000e+03   1.3119322e+03   3.0947895e-03
   1.4180000e+03   1.3125192e+03   3.2003129e-03
   1.4190000e+03   1.3131067e+03   3.2017942e-03
   1.4200000e+03   1.3136947e+03   3.1173742e-03
   1.4210000e+03   1.3142832e+03   2.9578209e-03
   1.4220000e+03   1.3148722e+03   2.7802673e-03
   1.4230000e+03   1.3154618e+03   2.6106617e-03
   1.4240000e+03   1.3160518e+03   2.4895023e-03
   1.4250000e+03   1.3166423e+03   2.1757441e-03
   1.4260000e+03   1.3172334e+03   1.9693668e-03
   1.4270000e+03   1.3178250e+03   1.9415384e-03
   1.4280000e+03   1.3184171e+03   1.7451667e-03
   1.4290000e+03   1.3190097e+03   1.5363717e-03
   1.4300000e+03   1.3196028e+03   1.3901348e-03
   1.4310000e+03   1.3201964e+03   1.2693410e-03
   1.4320000e+03   1.3207905e+03   1.1638465e-03
   1.4330000e+03   1.3213852e+03   1.1212953e-03
   1.4340000e+03   1.3219804e+03   9.9163594e-04
   1.4350000e+03   1.3225760e+03   7.4825883e-04
   1.4360000e+03   1.3231722e+03   7.2340815e-04
   1.4370000e+03   1.3237690e+03   6.4101532e-04
   1.4380000e+03   1.3243662e+03   5.6505516e-04
   1.4390000e+03   1.3249640e+03   5.0375896e-04
   1.4400000e+03   1.3255622e+03   4.4358298e-04
   1.4410000e+03   1.3261610e+03   3.8970252e-04
   1.4420000e+03   1.3267604e+03   3.6156773e-04
   1.4430000e+03   1.3273602e+03   2.8068727e-04
   1.4440000e+03   1.3279606e+03   2.3405452e-04
   1.4450000e+03   1.3285614e+03   2.1016566e-04
   1.4460000e+03   1.3291629e+03   1.8033223e-04
   1.4470000e+03   1.3297648e+03   1.5787302e-04
   1.4480000e+03   1.3303672e+03   1.4218342e-04
   1.4490000e+03   1.3309702e+03   1.2376802e-04
   1.4500000e+03   1.3315737e+03   1.1102233e-04
   1.4510000e+03   1.3321778e+03   1.1074424e-04
   1.8650000e+03   2.1814851e+03   3.9914141e-03
   1.8660000e+03   2.1823908e+03   4.8081999e-03
   1.8670000e+03   2.1832972e+03   6.3984803e-03
   1.8680000e+03   2.1842044e+03   6.7357012e-03
   1.8690000e+03   2.1851123e+03   7.0396397e-03
   1.8700000e+03   2.1860210e+03   7.5716935e-03
   1.8710000e+03   2.1869304e+03   7.9842322e-03
   1.8720000e+03   2.1878405e+03   7.8460631e-03
   1.8730000e+03   2.1887514e+03   7.1092205e-03
   1.8740000e+03   2.1896631e+03   6.5363509e-03
   1.8750000e+03   2.1905754e+03   6.4539826e-03
   1.8760000e+03   2.1914886e+03   6.5619269e-03
   1.8770000e+03   2.1924025e+03   6.8253406e-03
   1.8780000e+03   2.1933171e+03   7.3359037e-03
   1.8790000e+03   2.1942325e+03   8.2504935e-03
   1.8800000e+03   2.1951486e+03   1.0254091e-02
   1.8810000e+03   2.1960655e+03   1.2177094e-02
   1.8820000e+03   2.1969832e+03   1.3279719e-02
   1.8830000e+03   2.1979016e+03   1.3021163e-02
   1.8840000e+03   2.1988207e+03   1.1548817e-02
   1.8850000e+03   2.1997407e+03   1.0964689e-02
   1.8860000e+03   2.2006613e+03   1.1402991e-02
   1.8870000e+03   2.2015827e+03   1.2163652e-02
   1.8880000e+03   2.2025049e+03   1.3238437e-02
   1.8890000e+03   2.2034279e+03   1.4867981e-02
   1.8900000e+03   2.2043516e+03   1.6224110e-02
   1.8910000e+03   2.2052760e+03   1.7985572e-02
   1.8920000e+03   2.2062013e+03   1.8686915e-02
   1.8930000e+03   2.2071273e+03   1.8173458e-02
   1.8940000e+03   2.2080540e+03   1.8204082e-02
   1.8950000e+03   2.2089815e+03   1.8914609e-02
   1.8960000e+03   2.2099098e+03   1.9717706e-02
   1.8970000e+03   2.2108388e+03   2.0254672e-02
   1.8980000e+03   2.2117686e+03   2.1087721e-02
   1.8990000e+03   2.2126992e+03   2.2898742e-02
   1.9000000e+03   2.2136306e+03   2.3046800e-02
   1.9010000e+03   2.2145627e+03   2.1698287e-02
   1.9020000e+03   2.2154956e+03   2.1045960e-02
   1.9030000e+03   2.2164292e+03   2.0552697e-02
   1.9040000e+03   2.2173636e+03   2.0173186e-02
   1.9050000e+03   2.2182988e+03   2.0847014e-02
   1.9060000e+03   2.2192348e+03   1.9388889e-02
   1.9070000e+03   2.2201715e+03   1.4918905e-02
   1.9080000e+03   2.2211091e+03   1.2692622e-02
   1.9090000e+03   2.2220473e+03   1.0022688e-02
   1.9100000e+03   2.2229864e+03   7.3532739e-03
   1.9110000e+03   2.2239263e+03   6.8414557e-03
   1.9120000e+03   2.2248669e+03   9.0330141e-03
   1.9130000e+03   2.2258083e+03   1.1849225e-02
   1.9140000e+03   2.2267505e+03   1.4000718e-02
   1.9150000e+03   2.2276934e+03   1.7388748e-02
   1.9160000e+03   2.2286372e+03   2.2087394e-02
   1.9170000e+03   2.2295817e+03   2.4276131e-02
   1.9180000e+03   2.2305270e+03   2.5784248e-02
   1.9190000e+03   2.2314731e+03   2.8007100e-02
   1.9200000e+03   2.2324199e+03   2.9335203e-02
   1.9210000e+03   2.2333676e+03   3.0462094e-02
   1.9220000e+03   2.2343160e+03   3.0959352e-02
   1.9230000e+03   2.2352653e+03   3.0201928e-02
   1.9240000e+03   2.2362153e+03   3.0887264e-02
   1.9250000e+03   2.2371661e+03   3.0646274e-02
   1.9260000e+03   2.2381177e+03   3.0870092e-02
   1.9270000e+03   2.2390701e+03   2.9916993e-02
   1.9280000e+03   2.2400233e+03   2.8019418e-02
   1.9290000e+03   2.2409772e+03   2.7181140e-02
   1.9300000e+03   2.2419320e+03   2.4704284e-02
   1.9310000e+03   2.2428876e+03   2.4751676e-02
   1.9320000e+03   2.2438439e+03   2.4147819e-02
   1.9330000e+03   2.2448010e+03   2.4743449e-02
   1.9340000e+03   2.2457590e+03   2.2472596e-02
   1.9350000e+03   2.2467177e+03   3.1345202e-02
   1.9360000e+03   2.2476773e+03   3.9462126e-02
   1.9370000e+03   2.2486376e+03   4.4560734e-02
   1.9380000e+03   2.2495987e+03   4.6056292e-02
   1.9390000e+03   2.2505607e+03   5.1147608e-02
   1.9400000e+03   2.2515234e+03   4.9436008e-02
   1.9410000e+03   2.2524869e+03   6.0974230e-02
   1.9420000e+03   2.2534513e+03   6.2090759e-02
   1.9430000e+03   2.2544164e+03   6.3420958e-02
   1.9440000e+03   2.2553824e+03   4.6999220e-02
   1.9450000e+03   2.2563491e+03   5.3762952e-02
   1.9460000e+03   2.2573167e+03   4.8869303e-02
   1.9470000e+03   2.2582851e+03   4.2441837e-02
   1.9480000e+03   2.2592542e+03   3.6197417e-02
   1.9490000e+03   2.2602242e+03   3.9227836e-02
   2.1450000e+03   2.4461840e+03   3.1275368e-04
   2.1460000e+03   2.4472085e+03   3.2325244e-04
   2.1470000e+03   2.4482338e+03   3.3505884e-04
   2.1480000e+03   2.4492599e+03   3.3643151e-04
   2.1490000e+03   2.4502869e+03   3.3291808e-04
   2.1500000e+03   2.4513147e+03   3.3522338e-04
   2.1510000e+03   2.4523434e+03   3.2885052e-04
   2.1520000e+03   2.4533729e+03   3.0898058e-04
   2.1530000e+03   2.4544033e+03   2.8951951e-04
   2.1540000e+03   2.4554345e+03   2.6581245e-04
   2.1550000e+03   2.4564666e+03   2.3686288e-04
   2.1560000e+03   2.4574995e+03   2.0594286e-04
   2.1570000e+03   2.4585333e+03   1.6776509e-04
   2.1580000e+03   2.4595679e+03   1.2778316e-04
   2.1590000e+03   2.4606033e+03   8.8484433e-05
   2.1600000e+03   2.4616396e+03   6.2437866e-05
   2.1610000e+03   2.4626768e+03   7.4845352e-05
   2.1620000e+03   2.4637148e+03   1.1727222e-04
   2.1630000e+03   2.4647537e+03   1.6708915e-04
   2.1640000e+03   2.4657934e+03   2.1357780e-04
   2.1650000e+03   2.4668340e+03   2.5442468e-04
   2.1660000e+03   2.4678755e+03   2.9032533e-04
   2.1670000e+03   2.4689178e+03   3.2263824e-04
   2.1680000e+03   2.4699610e+03   3.4867163e-04
   2.1690000e+03   2.4710050e+03   3.6492691e-04
   2.1700000e+03   2.4720499e+03   3.7759524e-04
   2.1710000e+03   2.4730956e+03   3.8641191e-04
   2.1720000e+03   2.4741422e+03   3.8502973e-04
   2.1730000e+03   2.4751897e+03   3.7805717e-04
   2.1740000e+03   2.4762381e+03   3.7208308e-04
   2.1750000e+03   2.4772873e+03   3.6133217e-04
   2.1760000e+03   2.4783373e+03   3.4187877e-04
   2.1770000e+03   2.4793883e+03   3.2296609e-04
   2.1780000e+03   2.4804401e+03   3.1008940e-04
   2.1790000e+03   2.4814928e+03   2.9240646e-04
   2.1800000e+03   2.4825463e+03   2.7541170e-04
   2.1810000e+03   2.4836007e+03   2.5684815e-04
   2.1820000e+03   2.4846560e+03   2.3480889e-04
   2.1830000e+03   2.4857122e+03   2.1669552e-04
   2.1840000e+03   2.4867693e+03   1.9768267e-04
   2.1850000e+03   2.4878272e+03   1.7664093e-04
   2.1860000e+03   2.4888860e+03   1.5920361e-04
   2.1870000e+03   2.4899456e+03   1.4040236e-04
   2.1880000e+03   2.4910062e+03   1.2269420e-04
   2.1890000e+03   2.4920676e+03   1.0772985e-04
   2.1900000e+03   2.4931299e+03   9.2107926e-05
   2.1910000e+03   2.4941931e+03   7.9529258e-05
   2.2150000e+03   2.5199764e+03   1.0569945e-04
   2.2160000e+03   2.5210619e+03   1.2047149e-04
   2.2170000e+03   2.5221483e+03   1.3714884e-04
   2.2180000e+03   2.5232356e+03   1.5568354e-04
   2.2190000e+03   2.5243239e+03   1.7576458e-04
   2.2200000e+03   2.5254130e+03   1.9876254e-04
   2.2210000e+03   2.5265031e+03   2.2346891e-04
   2.2220000e+03   2.5275941e+03   2.4605981e-04
   2.2230000e+03   2.5286859e+03   2.7041788e-04
   2.2240000e+03   2.5297787e+03   2.9681625e-04
   2.2250000e+03   2.5308724e+03   3.2509565e-04
   2.2260000e+03   2.5319670e+03   3.5496373e-04
   2.2270000e+03   2.5330626e+03   3.8700633e-04
   2.2280000e+03   2.5341590e+03   4.2150305e-04
   2.2290000e+03   2.5352564e+03   4.5666740e-04
   2.2300000e+03   2.5363547e+03   4.9387818e-04
   2.2310000e+03   2.5374539e+03   5.2956793e-04
   2.2320000e+03   2.5385540e+03   5.6241502e-04
   2.2330000e+03   2.5396551e+03   6.0042645e-04
   2.2340000e+03   2.5407570e+03   6.4486792e-04
   2.2350000e+03   2.5418599e+03   6.9149005e-04
   2.2360000e+03   2.5429638e+03   7.4682302e-04
   2.2370000e+03   2.5440685e+03   7.9875269e-04
   2.2380000e+03   2.5451742e+03   8.3778409e-04
   2.2390000e+03   2.5462808e+03   8.7828623e-04
   2.2400000e+03   2.5473883e+03   9.2343689e-04
   2.2410000e+03   2.5484968e+03   9.6908842e-04
   2.2420000e+03   2.5496062e+03   1.0080175e-03
   2.2430000e+03   2.5507165e+03   1.0304732e-03
   2.2440000e+03   2.5518277e+03   1.0386756e-03
   2.2450000e+03   2.5529399e+03   1.0498400e-03
   2.2460000e+03   2.5540530e+03   1.0536849e-03
   2.2470000e+03   2.5551671e+03   1.0282455e-03
   2.2480000e+03   2.5562821e+03   9.6704510e-04
   2.2490000e+03   2.5573980e+03   8.8308298e-04
   2.2500000e+03   2.5585149e+03   8.0198491e-04
   2.2510000e+03   2.5596327e+03   6.9639980e-04
   2.2520000e+03   2.5607514e+03   5.5692374e-04
   2.2530000e+03   2.5618711e+03   3.9206900e-04
   2.2540000e+03   2.5629917e+03   2.7949189e-04
   2.2550000e+03   2.5641133e+03   3.1212659e-04
   2.2560000e+03   2.5652358e+03   4.9742554e-04
   2.2570000e+03   2.5663593e+03   6.9004681e-04
   2.2580000e+03   2.5674837e+03   8.6516714e-04
   2.2590000e+03   2.5686091e+03   1.0356254e-03
   2.2600000e+03   2.5697354e+03   1.1740995e-03
   2.2610000e+03   2.5418894e+03   6.9603283e-04
   2.2620000e+03   2.5428940e+03   7.4291384e-04
   2.2630000e+03   2.5438994e+03   7.8932234e-04
   2.2640000e+03   2.5449056e+03   8.2535644e-04
   2.2650000e+03   2.5459127e+03   8.6688697e-04
   2.2660000e+03   2.5469206e+03   9.1426202e-04
   2.2670000e+03   2.5479293e+03   9.5188192e-04
   2.2680000e+03   2.5489388e+03   9.7737788e-04
   2.2690000e+03   2.5499492e+03   1.0102078e-03
   2.2700000e+03   2.5509604e+03   1.0306085e-03
   2.2710000e+03   2.5519724e+03   1.0424851e-03
   2.2720000e+03   2.5529853e+03   1.0569736e-03
   2.2730000e+03   2.5539990e+03   1.0530661e-03
   2.2740000e+03   2.5550135e+03   1.0297424e-03
   2.2750000e+03   2.5560288e+03   9.8978190e-04
   2.2760000e+03   2.5570450e+03   9.1576015e-04
   2.2770000e+03   2.5580620e+03   8.3533552e-04
   2.2780000e+03   2.5590798e+03   7.5264436e-04
   2.2790000e+03   2.5600985e+03   6.4084601e-04
   2.2800000e+03   2.5611180e+03   5.1200509e-04
   2.2810000e+03   2.5621384e+03   3.5065883e-04
   2.2820000e+03   2.5631596e+03   2.6751615e-04
   2.2830000e+03   2.5641816e+03   3.1532726e-04
   2.2840000e+03   2.5652044e+03   4.9235837e-04
   2.2850000e+03   2.5662282e+03   6.7049603e-04
   2.2860000e+03   2.5672527e+03   8.3104513e-04
   2.2870000e+03   2.5682781e+03   9.8395250e-04
   2.2880000e+03   2.5693043e+03   1.1289709e-03
   2.2890000e+03   2.5703314e+03   1.2412358e-03
   2.2900000e+03   2.5713593e+03   1.3057015e-03
   2.2910000e+03   2.5723881e+03   1.3600524e-03
   2.2920000e+03   2.5734177e+03   1.3914253e-03
   2.2930000e+03   2.5744482e+03   1.4170656e-03
   2.2940000e+03   2.5754795e+03   1.4290672e-03
   2.2950000e+03   2.5765116e+03   1.4164669e-03
   2.2960000e+03   2.5775446e+03   1.3946498e-03
   2.2970000e+03   2.5785785e+03   1.3413218e-03
   2.2980000e+03   2.5796132e+03   1.2979652e-03
   2.2990000e+03   2.5806488e+03   1.2291100e-03
   2.3000000e+03   2.5816852e+03   1.1472424e-03
   2.3010000e+03   2.5827225e+03   1.0769251e-03
   2.3020000e+03   2.5837606e+03   1.0394154e-03
   2.3030000e+03   2.5847996e+03   9.9916455e-04
   2.3040000e+03   2.5858394e+03   9.2540486e-04
   2.3050000e+03   2.5868801e+03   8.7500584e-04
   2.3060000e+03   2.5879217e+03   8.2494028e-04
   2.3070000e+03   2.5889641e+03   7.3831520e-04
   2.3080000e+03   2.5900074e+03   6.6517567e-04
   2.3090000e+03   2.5910515e+03   5.9315142e-04
   2.3100000e+03   2.5920965e+03   5.1984405e-04
   2.3110000e+03   2.5931424e+03   4.5431080e-04
   2.3120000e+03   2.5941891e+03   3.9215213e-04
   2.3130000e+03   2.5952367e+03   3.3774577e-04
   2.3140000e+03   2.5962852e+03   2.8913885e-04
   2.3150000e+03   2.5973345e+03   2.4587817e-04
   2.3160000e+03   2.5983847e+03   2.0970721e-04
   2.3170000e+03   2.5994358e+03   1.7773644e-04
   2.3180000e+03   2.6004877e+03   1.4939069e-04
   2.3190000e+03   2.6015405e+03   1.2597764e-04
   2.3200000e+03   2.6025942e+03   1.0590582e-04
   2.4700000e+03   1.1371507e+03   1.2988102e-04
   2.4710000e+03   1.1376723e+03   1.3459444e-04
   2.4720000e+03   1.1381940e+03   1.3952183e-04
   2.4730000e+03   1.1387157e+03   1.5529634e-04
   2.4740000e+03   1.1392374e+03   1.6055360e-04
   2.4750000e+03   1.1397591e+03   1.6359441e-04
   2.4760000e+03   1.1402808e+03   1.8246902e-04
   2.4770000e+03   1.1408025e+03   1.8682731e-04
   2.4780000e+03   1.1413241e+03   1.8847770e-04
   2.4790000e+03   1.1418458e+03   2.1125102e-04
   2.4800000e+03   1.1423675e+03   2.1313313e-04
   2.4810000e+03   1.1428892e+03   2.1390176e-04
   2.4820000e+03   1.1434109e+03   2.3926752e-04
   2.4830000e+03   1.1439326e+03   2.3655579e-04
   2.4840000e+03   1.1444543e+03   2.3837933e-04
   2.4850000e+03   1.1449759e+03   2.6490345e-04
   2.4860000e+03   1.1454976e+03   2.5739019e-04
   2.4870000e+03   1.1460193e+03   2.6314232e-04
   2.4880000e+03   1.1465410e+03   2.8931268e-04
   2.4890000e+03   1.1470627e+03   2.7713046e-04
   2.4900000e+03   1.1475844e+03   2.8744612e-04
   2.4910000e+03   1.1481061e+03   3.1051274e-04
   2.4920000e+03   1.1486277e+03   2.9437767e-04
   2.4930000e+03   1.1491494e+03   3.0920245e-04
   2.4940000e+03   1.1496711e+03   3.2416042e-04
   2.4950000e+03   1.1501928e+03   3.0564143e-04
   2.4960000e+03   1.1507145e+03   3.2571274e-04
   2.4970000e+03   1.1512362e+03   3.3761828e-04
   2.4980000e+03   1.1517579e+03   3.2114368e-04
   2.4990000e+03   1.1522796e+03   3.4767173e-04
   2.5000000e+03   1.1528012e+03   3.5590616e-04
   2.5010000e+03   1.1533229e+03   3.4111329e-04
   2.5020000e+03   1.1538446e+03   3.6998514e-04
   2.5030000e+03   1.1543663e+03   3.6554322e-04
   2.5040000e+03   1.1548880e+03   3.5081818e-04
   2.5050000e+03   1.1554097e+03   3.7757751e-04
   2.5060000e+03   1.1559314e+03   3.6246360e-04
   2.5070000e+03   1.1564530e+03   3.5564100e-04
   2.5080000e+03   1.1569747e+03   3.7517872e-04
   2.5090000e+03   1.1574964e+03   3.4739005e-04
   2.5100000e+03   1.1580181e+03   3.4539772e-04
   2.5110000e+03   1.1585398e+03   3.5091200e-04
   2.5120000e+03   1.1590615e+03   3.1845140e-04
   2.5130000e+03   1.1595832e+03   3.3290697e-04
   2.5140000e+03   1.1601048e+03   3.3493257e-04
   2.5150000e+03   1.1606265e+03   3.0988505e-04
   2.5160000e+03   1.1611482e+03   3.1684487e-04
   2.5170000e+03   1.1616699e+03   2.8491428e-04
   2.5180000e+03   1.1621916e+03   2.6500346e-04
   2.5190000e+03   1.1627133e+03   2.6749685e-04
   2.5200000e+03   1.1632350e+03   2.3707869e-04
   2.5210000e+03   1.1637566e+03   2.2624225e-04
   2.5220000e+03   1.1642783e+03   2.1457600e-04
   2.5230000e+03   1.1648000e+03   1.8309912e-04
   2.5240000e+03   1.1653217e+03   1.7162108e-04
   2.5250000e+03   1.1658434e+03   1.4926653e-04
   2.5260000e+03   1.1663651e+03   1.2188484e-04
   2.5270000e+03   1.1668868e+03   1.0843429e-04
   2.5310000e+03   1.1689735e+03   1.0134896e-04
   2.5320000e+03   1.1694952e+03   1.2257089e-04
   2.5330000e+03   1.1700169e+03   1.4305822e-04
   2.5340000e+03   1.1705386e+03   1.5944648e-04
   2.5350000e+03   1.1710602e+03   1.9175700e-04
   2.5360000e+03   1.1715819e+03   2.0254984e-04
   2.5370000e+03   1.1721036e+03   2.3093621e-04
   2.5380000e+03   1.1726253e+03   2.5347705e-04
   2.5390000e+03   1.1731470e+03   2.5770476e-04
   2.5400000e+03   1.1736687e+03   2.9276949e-04
   2.5410000e+03   1.1741904e+03   2.9457843e-04
   2.5420000e+03   1.1747121e+03   3.1232675e-04
   2.5430000e+03   1.1752337e+03   3.3531768e-04
   2.5440000e+03   1.1757554e+03   3.2426140e-04
   2.5450000e+03   1.1762771e+03   3.5657659e-04
   2.5460000e+03   1.1767988e+03   3.5379320e-04
   2.5470000e+03   1.1773205e+03   3.5858575e-04
   2.5480000e+03   1.1778422e+03   3.8278434e-04
   2.5490000e+03   1.1783639e+03   3.5926063e-04
   2.5500000e+03   1.1788855e+03   3.8346496e-04
   2.5510000e+03   1.1794072e+03   3.7752249e-04
   2.5520000e+03   1.1799289e+03   3.6938517e-04
   2.5530000e+03   1.1804506e+03   3.8863969e-04
   2.5540000e+03   1.1809723e+03   3.6047334e-04
   2.5550000e+03   1.1814940e+03   3.7857635e-04
   2.5560000e+03   1.1820157e+03   3.6987433e-04
   2.5570000e+03   1.1825373e+03   3.5406290e-04
   2.5580000e+03   1.1830590e+03   3.6837493e-04
   2.5590000e+03   1.1835807e+03   3.3728386e-04
   2.5600000e+03   1.1841024e+03   3.4697448e-04
   2.5610000e+03   1.1846241e+03   3.3549286e-04
   2.5620000e+03   1.1851458e+03   3.1778450e-04
   2.5630000e+03   1.1856675e+03   3.2730364e-04
   2.5640000e+03   1.1861891e+03   2.9588940e-04
   2.5650000e+03   1.1867108e+03   3.0239686e-04
   2.5660000e+03   1.1872325e+03   2.8936830e-04
   2.5670000e+03   1.1877542e+03   2.7488652e-04
   2.5680000e+03   1.1882759e+03   2.8228227e-04
   2.5690000e+03   1.1887976e+03   2.5924890e-04
   2.5700000e+03   1.1893193e+03   2.6456907e-04
   2.5710000e+03   1.1898409e+03   2.4978962e-04
   2.5720000e+03   1.1903626e+03   2.4348107e-04
   2.5730000e+03   1.1908843e+03   2.4571974e-04
   2.5740000e+03   1.1914060e+03   2.1019292e-04
   2.5750000e+03   1.1919277e+03   2.2208489e-04
   2.5760000e+03   1.1924494e+03   2.1450789e-04
   2.5770000e+03   1.1929711e+03   2.0603599e-04
   2.5780000e+03   1.1934928e+03   1.9985291e-04
   2.5790000e+03   1.1940144e+03   1.7832094e-04
   2.5800000e+03   1.1945361e+03   1.7776082e-04
   2.5810000e+03   1.1950578e+03   1.5789473e-04
   2.5820000e+03   1.1955795e+03   1.6109725e-04
   2.5830000e+03   1.1961012e+03   1.6137028e-04
   2.5840000e+03   1.1966229e+03   1.4380514e-04
   2.5850000e+03   1.1971446e+03   1.4429311e-04
   2.5860000e+03   1.1976662e+03   1.2730387e-04
   2.5870000e+03   1.1981879e+03   1.2534977e-04
   2.5880000e+03   1.1987096e+03   1.1942614e-04
   2.5890000e+03   1.1992313e+03   1.1099727e-04
   2.5900000e+03   1.1997530e+03   1.1129157e-04
   2.6230000e+03   1.2731171e+03   5.2694176e-03
   2.6240000e+03   1.2736517e+03   5.3302691e-03
   2.6250000e+03   1.2741862e+03   5.4502410e-03
   2.6260000e+03   1.2747208e+03   5.7606480e-03
   2.6270000e+03   1.2752553e+03   6.2984032e-03
   2.6280000e+03   1.2757898e+03   5.3594816e-03
   2.6290000e+03   1.2763244e+03   5.7146896e-03
   2.6300000e+03   1.2768589e+03   6.8207043e-03
   2.6310000e+03   1.2773934e+03   5.5046188e-03
   2.6320000e+03   1.2779280e+03   5.3267810e-03
   2.6330000e+03   1.2784625e+03   5.1595923e-03
   2.6340000e+03   1.2789971e+03   4.8867748e-03
   2.6350000e+03   1.2795316e+03   4.6947915e-03
   2.6360000e+03   1.2800661e+03   4.4994792e-03
   2.6370000e+03   1.2806007e+03   4.2447135e-03
   2.6380000e+03   1.2811352e+03   3.8712084e-03
   2.6390000e+03   1.2816697e+03   3.2774720e-03
   2.6400000e+03   1.2822043e+03   3.4536346e-03
   2.6410000e+03   1.2827388e+03   4.3343471e-03
   2.6420000e+03   1.2832733e+03   2.5158204e-03
   2.6430000e+03   1.2838079e+03   1.9938053e-03
   2.6970000e+03   2.1658590e+03   1.6460292e-03
   2.6980000e+03   2.1667271e+03   1.6731627e-03
   2.6990000e+03   2.1675952e+03   1.7855699e-03
   2.7000000e+03   2.1684634e+03   2.1090775e-03
   2.7010000e+03   2.1693315e+03   2.5045677e-03
   2.7020000e+03   2.1701996e+03   2.4951453e-03
   2.7030000e+03   2.1710677e+03   2.5760814e-03
   2.7040000e+03   2.1719358e+03   2.7572220e-03
   2.7050000e+03   2.1728039e+03   2.9350618e-03
   2.7060000e+03   2.1736720e+03   3.1859436e-03
   2.7070000e+03   2.1745401e+03   3.5142435e-03
   2.7080000e+03   2.1754083e+03   3.6164362e-03
   2.7090000e+03   2.1762764e+03   3.6321069e-03
   2.7100000e+03   2.1771445e+03   3.4872321e-03
   2.7110000e+03   2.1780126e+03   3.2236342e-03
   2.7120000e+03   2.1788807e+03   3.2751205e-03
   2.7130000e+03   2.1797488e+03   3.7858605e-03
   2.7140000e+03   2.1806169e+03   3.9536575e-03
   2.7230000e+03   2.4296473e+03   1.0408702e-04
   2.7240000e+03   2.4306200e+03   1.1481887e-04
   2.7250000e+03   2.4315928e+03   1.2605063e-04
   2.7260000e+03   2.4325655e+03   1.3937412e-04
   2.7270000e+03   2.4335383e+03   1.5342789e-04
   2.7280000e+03   2.4345110e+03   1.6729198e-04
   2.7290000e+03   2.4354838e+03   1.7869604e-04
   2.7300000e+03   2.4364565e+03   1.9277303e-04
   2.7310000e+03   2.4374293e+03   2.0995770e-04
   2.7320000e+03   2.4384020e+03   2.2416429e-04
   2.7330000e+03   2.4393748e+03   2.3816793e-04
   2.7340000e+03   2.4403475e+03   2.5109684e-04
   2.7350000e+03   2.4413203e+03   2.6380294e-04
   2.7360000e+03   2.4422930e+03   2.7632094e-04
   2.7370000e+03   2.4432658e+03   2.8493530e-04
   2.7380000e+03   2.4442385e+03   2.9309963e-04
   2.7390000e+03   2.4452113e+03   3.0197688e-04
   2.7400000e+03   2.5708617e+03   1.2826826e-03
   2.7410000e+03   2.5408848e+03   6.5471456e-04
