   1.2560000e+03   1.1333816e+03   7.8754912e-05
   1.2570000e+03   1.1339252e+03   8.5278790e-05
   1.2580000e+03   1.1344693e+03   8.8074846e-05
   1.2590000e+03   1.1350138e+03   9.6681743e-05
   1.2600000e+03   1.1355588e+03   1.0656242e-04
   1.2610000e+03   1.1361043e+03   1.1090493e-04
   1.2620000e+03   1.1366504e+03   1.1702519e-04
   1.2870000e+03   1.2292738e+03   8.0770799e-05
   1.2880000e+03   1.2297910e+03   1.1911571e-04
   1.2890000e+03   1.2303087e+03   1.2448600e-04
   1.2900000e+03   1.2308267e+03   9.2048790e-05
   1.2910000e+03   1.2313452e+03   9.4313854e-05
   1.2920000e+03   1.2318642e+03   1.0570429e-04
   1.2930000e+03   1.2323835e+03   1.1351836e-04
   1.2940000e+03   1.2329033e+03   1.3099501e-04
   1.2950000e+03   1.2334236e+03   1.5796911e-04
   1.2960000e+03   1.2339443e+03   1.5311894e-04
   1.2970000e+03   1.2344654e+03   1.6298010e-04
   1.2980000e+03   1.2349869e+03   1.7393254e-04
   1.2990000e+03   1.2355089e+03   1.7767735e-04
   1.3000000e+03   1.2360313e+03   2.2923302e-04
   1.3010000e+03   1.2365541e+03   3.0941177e-04
   1.3020000e+03   1.2370774e+03   3.3418058e-04
   1.3030000e+03   1.2376012e+03   3.4321137e-04
   1.3040000e+03   1.2381253e+03   2.7997487e-04
   1.3050000e+03   1.2386499e+03   2.4238510e-04
   1.3060000e+03   1.2391750e+03   2.7446752e-04
   1.3070000e+03   1.2397004e+03   3.6253115e-04
   1.3080000e+03   1.2402264e+03   3.6046691e-04
   1.3090000e+03   1.2407527e+03   3.7626421e-04
   1.3100000e+03   1.2412795e+03   3.6937422e-04
   1.3110000e+03   1.2418068e+03   3.2029304e-04
   1.3120000e+03   1.2423344e+03   4.0111088e-04
   1.3130000e+03   1.2428626e+03   5.4992254e-04
   1.3140000e+03   1.2433911e+03   7.0230279e-04
   1.3150000e+03   1.2439201e+03   6.7508886e-04
   1.3160000e+03   1.2444496e+03   6.8470334e-04
   1.3170000e+03   1.2449795e+03   9.1700407e-04
   1.3180000e+03   1.2455098e+03   6.4875201e-04
   1.3190000e+03   1.2460406e+03   6.1489935e-04
   1.3200000e+03   1.2465719e+03   9.7317554e-04
   1.3210000e+03   1.2471035e+03   7.9834199e-04
   1.3220000e+03   1.2476357e+03   4.6646454e-04
   1.3230000e+03   1.2481682e+03   8.9458178e-04
   1.3240000e+03   1.2487013e+03   1.0736970e-03
   1.3250000e+03   1.2492347e+03   8.5860557e-04
   1.3260000e+03   1.2497687e+03   8.1570178e-04
   1.3270000e+03   1.2503030e+03   1.3474031e-03
   1.3280000e+03   1.2508378e+03   1.2849843e-03
   1.3290000e+03   1.2513731e+03   1.3269550e-03
   1.3300000e+03   1.2519088e+03   1.3994200e-03
   1.3310000e+03   1.2524450e+03   1.3934931e-03
   1.3320000e+03   1.2529816e+03   1.2923338e-03
   1.3330000e+03   1.2535187e+03   8.7742267e-04
   1.3340000e+03   1.2540562e+03   1.7163839e-03
   1.3350000e+03   1.2545942e+03   2.0889212e-03
   1.3360000e+03   1.2551326e+03   2.3271536e-03
   1.3370000e+03   1.2556715e+03   1.8107917e-03
   1.3380000e+03   1.2562108e+03   1.5832595e-03
   1.3390000e+03   1.2567506e+03   1.9177480e-03
   1.3400000e+03   1.2572909e+03   1.9530814e-03
   1.3410000e+03   1.2578316e+03   1.9590575e-03
   1.3420000e+03   1.2583728e+03   1.9629799e-03
   1.3430000e+03   1.2589144e+03   2.0130063e-03
   1.3440000e+03   1.2594564e+03   3.3398477e-03
   1.3450000e+03   1.2599990e+03   3.1078311e-03
   1.3460000e+03   1.2605420e+03   2.4901718e-03
   1.3470000e+03   1.2610854e+03   2.6275856e-03
   1.3480000e+03   1.2616293e+03   2.8598543e-03
   1.3490000e+03   1.2621737e+03   2.7619073e-03
   1.3500000e+03   1.2627185e+03   3.1551015e-03
   1.3510000e+03   1.2632638e+03   4.4799939e-03
   1.3520000e+03   1.2638096e+03   3.5351439e-03
   1.3530000e+03   1.2643558e+03   3.2204819e-03
   1.3540000e+03   1.2649025e+03   3.6098267e-03
   1.3550000e+03   1.2654496e+03   3.2125508e-03
   1.3560000e+03   1.2659972e+03   3.2333997e-03
   1.3570000e+03   1.2665453e+03   3.6946750e-03
   1.3580000e+03   1.2670938e+03   3.6565640e-03
   1.3590000e+03   1.2676428e+03   3.9471831e-03
   1.3600000e+03   1.2681923e+03   4.5593516e-03
   1.3610000e+03   1.2687422e+03   4.8396265e-03
   1.3620000e+03   1.2692926e+03   4.4503669e-03
   1.3630000e+03   1.2698435e+03   4.4848465e-03
   1.3640000e+03   1.2703948e+03   5.3029968e-03
   1.3650000e+03   1.2709466e+03   5.9554376e-03
   1.3660000e+03   1.2714989e+03   7.6253176e-03
   1.3670000e+03   1.2720516e+03   5.2352742e-03
   1.3680000e+03   1.2726048e+03   5.1380925e-03
   1.3690000e+03   1.2843649e+03   1.5382101e-03
   1.3700000e+03   1.2849282e+03   1.2360870e-03
   1.3710000e+03   1.2854920e+03   1.4479605e-03
   1.3720000e+03   1.2860563e+03   1.8623222e-03
   1.3730000e+03   1.2866211e+03   2.0529772e-03
   1.3740000e+03   1.2871863e+03   2.5154516e-03
   1.3750000e+03   1.2877520e+03   4.0917526e-03
   1.3760000e+03   1.2883182e+03   4.2469713e-03
   1.3770000e+03   1.2888849e+03   3.3917224e-03
   1.3780000e+03   1.2894521e+03   3.5885395e-03
   1.3790000e+03   1.2900198e+03   3.9868939e-03
   1.3800000e+03   1.2905879e+03   4.4605425e-03
   1.3810000e+03   1.2911565e+03   4.8991356e-03
   1.3820000e+03   1.2917257e+03   5.0363361e-03
   1.3830000e+03   1.2922953e+03   5.4193491e-03
   1.3840000e+03   1.2928654e+03   6.6076537e-03
   1.3850000e+03   1.2934359e+03   5.9659763e-03
   1.3860000e+03   1.2940070e+03   6.1682230e-03
   1.3870000e+03   1.2945786e+03   6.0433991e-03
   1.3880000e+03   1.2951506e+03   5.4460152e-03
   1.3890000e+03   1.2957232e+03   5.7175999e-03
   1.3900000e+03   1.2962962e+03   5.9712171e-03
   1.3910000e+03   1.2968697e+03   6.2451544e-03
   1.3920000e+03   1.2974437e+03   7.6703832e-03
   1.3930000e+03   1.2980182e+03   6.7051463e-03
   1.3940000e+03   1.2985932e+03   6.5083944e-03
   1.3950000e+03   1.2991687e+03   6.1895775e-03
   1.3960000e+03   1.2997447e+03   6.2258651e-03
   1.3970000e+03   1.3003212e+03   6.1547427e-03
   1.3980000e+03   1.3008982e+03   6.9189642e-03
   1.3990000e+03   1.3014757e+03   7.6874581e-03
   1.4000000e+03   1.3020536e+03   8.0315180e-03
   1.4010000e+03   1.3026321e+03   8.7411135e-03
   1.4020000e+03   1.3032111e+03   7.4992564e-03
   1.4030000e+03   1.3037905e+03   6.0454997e-03
   1.4040000e+03   1.3043705e+03   4.7490403e-03
   1.4050000e+03   1.3049510e+03   3.3281875e-03
   1.4060000e+03   1.3055319e+03   3.0424688e-03
   1.4070000e+03   1.3061134e+03   6.1557929e-03
   1.4080000e+03   1.3066954e+03   3.9797426e-03
   1.4090000e+03   1.3072778e+03   3.6427692e-03
   1.4100000e+03   1.3078608e+03   3.5070528e-03
   1.4110000e+03   1.3084443e+03   3.2700664e-03
   1.4120000e+03   1.3090282e+03   3.1823113e-03
   1.4130000e+03   1.3096127e+03   3.1877507e-03
   1.4140000e+03   1.3101977e+03   3.1788820e-03
   1.4150000e+03   1.3107832e+03   2.9781009e-03
   1.4160000e+03   1.3113692e+03   2.7449707e-03
   1.4170000e+03   1.3119557e+03   3.1001663e-03
   1.4180000e+03   1.3125427e+03   3.1893296e-03
   1.4190000e+03   1.3131302e+03   3.2019298e-03
   1.4200000e+03   1.3137182e+03   3.1201456e-03
   1.4210000e+03   1.3143068e+03   2.9550596e-03
   1.4220000e+03   1.3148958e+03   2.7735527e-03
   1.4230000e+03   1.3154853e+03   2.6026528e-03
   1.4240000e+03   1.3160754e+03   2.4806257e-03
   1.4250000e+03   1.3166660e+03   2.1566668e-03
   1.4260000e+03   1.3172571e+03   1.9668451e-03
   1.4270000e+03   1.3178486e+03   1.9359918e-03
   1.4280000e+03   1.3184407e+03   1.7397017e-03
   1.4290000e+03   1.3190334e+03   1.5322480e-03
   1.4300000e+03   1.3196265e+03   1.3872176e-03
   1.4310000e+03   1.3202201e+03   1.2634207e-03
   1.4320000e+03   1.3208143e+03   1.1562268e-03
   1.4330000e+03   1.3214090e+03   1.1193045e-03
   1.4340000e+03   1.3220042e+03   9.8062839e-04
   1.4350000e+03   1.3225999e+03   7.4597986e-04
   1.4360000e+03   1.3231961e+03   7.2237327e-04
   1.4370000e+03   1.3237928e+03   6.3832829e-04
   1.4380000e+03   1.3243901e+03   5.6231566e-04
   1.4390000e+03   1.3249879e+03   5.0145908e-04
   1.4400000e+03   1.3255862e+03   4.4118961e-04
   1.4410000e+03   1.3261850e+03   3.8795527e-04
   1.4420000e+03   1.3267843e+03   3.6000777e-04
   1.4430000e+03   1.3273842e+03   2.7677909e-04
   1.4440000e+03   1.3279846e+03   2.3332716e-04
   1.4450000e+03   1.3285855e+03   2.0866725e-04
   1.4460000e+03   1.3291869e+03   1.7905575e-04
   1.4470000e+03   1.3297889e+03   1.5719644e-04
   1.4480000e+03   1.3303913e+03   1.4163322e-04
   1.4490000e+03   1.3309943e+03   1.2312199e-04
   1.4500000e+03   1.3315979e+03   1.1069103e-04
   1.4510000e+03   1.3322019e+03   1.1062757e-04
   1.8650000e+03   2.1815213e+03   4.0095549e-03
   1.8660000e+03   2.1824270e+03   4.8409489e-03
   1.8670000e+03   2.1833335e+03   6.4293394e-03
   1.8680000e+03   2.1842407e+03   6.7345356e-03
   1.8690000e+03   2.1851486e+03   7.0771860e-03
   1.8700000e+03   2.1860573e+03   7.5978303e-03
   1.8710000e+03   2.1869668e+03   7.9669910e-03
   1.8720000e+03   2.1878769e+03   7.8182406e-03
   1.8730000e+03   2.1887879e+03   7.0955702e-03
   1.8740000e+03   2.1896995e+03   6.5149317e-03
   1.8750000e+03   2.1906120e+03   6.4606997e-03
   1.8760000e+03   2.1915251e+03   6.5754490e-03
   1.8770000e+03   2.1924390e+03   6.8280388e-03
   1.8780000e+03   2.1933537e+03   7.3493372e-03
   1.8790000e+03   2.1942691e+03   8.3183053e-03
   1.8800000e+03   2.1951853e+03   1.0359311e-02
   1.8810000e+03   2.1961022e+03   1.2241982e-02
   1.8820000e+03   2.1970199e+03   1.3321216e-02
   1.8830000e+03   2.1979383e+03   1.2972295e-02
   1.8840000e+03   2.1988575e+03   1.1503476e-02
   1.8850000e+03   2.1997775e+03   1.0971942e-02
   1.8860000e+03   2.2006982e+03   1.1420882e-02
   1.8870000e+03   2.2016196e+03   1.2189485e-02
   1.8880000e+03   2.2025418e+03   1.3293535e-02
   1.8890000e+03   2.2034648e+03   1.4951788e-02
   1.8900000e+03   2.2043885e+03   1.6290822e-02
   1.8910000e+03   2.2053130e+03   1.8059637e-02
   1.8920000e+03   2.2062383e+03   1.8684511e-02
   1.8930000e+03   2.2071643e+03   1.8152362e-02
   1.8940000e+03   2.2080911e+03   1.8222294e-02
   1.8950000e+03   2.2090186e+03   1.8958338e-02
   1.8960000e+03   2.2099469e+03   1.9738093e-02
   1.8970000e+03   2.2108760e+03   2.0282030e-02
   1.8980000e+03   2.2118059e+03   2.1146313e-02
   1.8990000e+03   2.2127365e+03   2.2960991e-02
   1.9000000e+03   2.2136678e+03   2.2979795e-02
   1.9010000e+03   2.2146000e+03   2.1650730e-02
   1.9020000e+03   2.2155329e+03   2.1035772e-02
   1.9030000e+03   2.2164666e+03   2.0527843e-02
   1.9040000e+03   2.2174010e+03   2.0168928e-02
   1.9050000e+03   2.2183363e+03   2.0899524e-02
   1.9060000e+03   2.2192723e+03   1.9235453e-02
   1.9070000e+03   2.2202090e+03   1.4802798e-02
   1.9080000e+03   2.2211466e+03   1.2594667e-02
   1.9090000e+03   2.2220849e+03   9.9118999e-03
   1.9100000e+03   2.2230240e+03   7.2857610e-03
   1.9110000e+03   2.2239639e+03   6.8657129e-03
   1.9120000e+03   2.2249045e+03   9.2164462e-03
   1.9130000e+03   2.2258460e+03   1.1904510e-02
   1.9140000e+03   2.2267882e+03   1.4115202e-02
   1.9150000e+03   2.2277312e+03   1.7542414e-02
   1.9160000e+03   2.2286749e+03   2.2289149e-02
   1.9170000e+03   2.2296195e+03   2.4315143e-02
   1.9180000e+03   2.2305648e+03   2.5867039e-02
   1.9190000e+03   2.2315109e+03   2.8063110e-02
   1.9200000e+03   2.2324578e+03   2.9448241e-02
   1.9210000e+03   2.2334055e+03   3.0491851e-02
   1.9220000e+03   2.2343540e+03   3.0928319e-02
   1.9230000e+03   2.2353033e+03   3.0202730e-02
   1.9240000e+03   2.2362533e+03   3.0893844e-02
   1.9250000e+03   2.2372042e+03   3.0631919e-02
   1.9260000e+03   2.2381558e+03   3.0905281e-02
   1.9270000e+03   2.2391082e+03   2.9798657e-02
   1.9280000e+03   2.2400614e+03   2.8002582e-02
   1.9290000e+03   2.2410154e+03   2.7074705e-02
   1.9300000e+03   2.2419702e+03   2.4670072e-02
   1.9310000e+03   2.2429258e+03   2.4757078e-02
   1.9320000e+03   2.2438822e+03   2.4104411e-02
   1.9330000e+03   2.2448393e+03   2.4761908e-02
   1.9340000e+03   2.2457973e+03   2.2436866e-02
   1.9350000e+03   2.2467561e+03   3.1366835e-02
   1.9360000e+03   2.2477157e+03   4.0238374e-02
   1.9370000e+03   2.2486760e+03   4.4476923e-02
   1.9380000e+03   2.2496372e+03   4.6467014e-02
   1.9390000e+03   2.2505992e+03   5.1399253e-02
   1.9400000e+03   2.2515619e+03   4.8521602e-02
   1.9410000e+03   2.2525255e+03   6.1628297e-02
   1.9420000e+03   2.2534899e+03   6.2210529e-02
   1.9430000e+03   2.2544550e+03   6.3460646e-02
   1.9440000e+03   2.2554210e+03   4.5633841e-02
   1.9450000e+03   2.2563878e+03   5.3981874e-02
   1.9460000e+03   2.2573554e+03   4.8342508e-02
   1.9470000e+03   2.2583238e+03   4.2525073e-02
   1.9480000e+03   2.2592930e+03   3.6484787e-02
   1.9490000e+03   2.2602630e+03   3.9270806e-02
   2.1450000e+03   2.4462250e+03   3.1317466e-04
   2.1460000e+03   2.4472495e+03   3.2350954e-04
   2.1470000e+03   2.4482748e+03   3.3503617e-04
   2.1480000e+03   2.4493010e+03   3.3633319e-04
   2.1490000e+03   2.4503280e+03   3.3324274e-04
   2.1500000e+03   2.4513559e+03   3.3549759e-04
   2.1510000e+03   2.4523846e+03   3.2800288e-04
   2.1520000e+03   2.4534141e+03   3.0781549e-04
   2.1530000e+03   2.4544445e+03   2.8877930e-04
   2.1540000e+03   2.4554758e+03   2.6500788e-04
   2.1550000e+03   2.4565079e+03   2.3583151e-04
   2.1560000e+03   2.4575408e+03   2.0435378e-04
   2.1570000e+03   2.4585746e+03   1.6597812e-04
   2.1580000e+03   2.4596093e+03   1.2632033e-04
   2.1590000e+03   2.4606448e+03   8.6966156e-05
   2.1600000e+03   2.4616811e+03   6.2285224e-05
   2.1610000e+03   2.4627183e+03   7.6002826e-05
   2.1620000e+03   2.4637564e+03   1.1928617e-04
   2.1630000e+03   2.4647953e+03   1.6919378e-04
   2.1640000e+03   2.4658351e+03   2.1525818e-04
   2.1650000e+03   2.4668757e+03   2.5568875e-04
   2.1660000e+03   2.4679172e+03   2.9181112e-04
   2.1670000e+03   2.4689595e+03   3.2417837e-04
   2.1680000e+03   2.4700027e+03   3.4924334e-04
   2.1690000e+03   2.4710468e+03   3.6512632e-04
   2.1700000e+03   2.4720917e+03   3.7850032e-04
   2.1710000e+03   2.4731375e+03   3.8676915e-04
   2.1720000e+03   2.4741841e+03   3.8423536e-04
   2.1730000e+03   2.4752316e+03   3.7788238e-04
   2.1740000e+03   2.4762800e+03   3.7226033e-04
   2.1750000e+03   2.4773292e+03   3.6027104e-04
   2.1760000e+03   2.4783794e+03   3.4097625e-04
   2.1770000e+03   2.4794303e+03   3.2284582e-04
   2.1780000e+03   2.4804822e+03   3.0918963e-04
   2.1790000e+03   2.4815349e+03   2.9155561e-04
   2.1800000e+03   2.4825885e+03   2.7513592e-04
   2.1810000e+03   2.4836429e+03   2.5577217e-04
   2.1820000e+03   2.4846983e+03   2.3388632e-04
   2.1830000e+03   2.4857545e+03   2.1630945e-04
   2.1840000e+03   2.4868116e+03   1.9658334e-04
   2.1850000e+03   2.4878695e+03   1.7593019e-04
   2.1860000e+03   2.4889283e+03   1.5861912e-04
   2.1870000e+03   2.4899880e+03   1.3945469e-04
   2.1880000e+03   2.4910486e+03   1.2221275e-04
   2.1890000e+03   2.4921101e+03   1.0704331e-04
   2.1900000e+03   2.4931724e+03   9.1524691e-05
   2.1910000e+03   2.4942357e+03   7.9115060e-05
   2.2150000e+03   2.5200198e+03   1.0623807e-04
   2.2160000e+03   2.5211053e+03   1.2106371e-04
   2.2170000e+03   2.5221918e+03   1.3779294e-04
   2.2180000e+03   2.5232792e+03   1.5636624e-04
   2.2190000e+03   2.5243674e+03   1.7648275e-04
   2.2200000e+03   2.5254566e+03   1.9965215e-04
   2.2210000e+03   2.5265467e+03   2.2432882e-04
   2.2220000e+03   2.5276377e+03   2.4684787e-04
   2.2230000e+03   2.5287296e+03   2.7135223e-04
   2.2240000e+03   2.5298225e+03   2.9784725e-04
   2.2250000e+03   2.5309162e+03   3.2615712e-04
   2.2260000e+03   2.5320109e+03   3.5609712e-04
   2.2270000e+03   2.5331064e+03   3.8824910e-04
   2.2280000e+03   2.5342029e+03   4.2284755e-04
   2.2290000e+03   2.5353003e+03   4.5805339e-04
   2.2300000e+03   2.5363986e+03   4.9536608e-04
   2.2310000e+03   2.5374979e+03   5.3108038e-04
   2.2320000e+03   2.5385981e+03   5.6398128e-04
   2.2330000e+03   2.5396991e+03   6.0226294e-04
   2.2340000e+03   2.5408011e+03   6.4692382e-04
   2.2350000e+03   2.5419041e+03   6.9352623e-04
   2.2360000e+03   2.5430079e+03   7.4888755e-04
   2.2370000e+03   2.5441127e+03   7.9985688e-04
   2.2380000e+03   2.5452184e+03   8.3882341e-04
   2.2390000e+03   2.5463251e+03   8.8018931e-04
   2.2400000e+03   2.5474326e+03   9.2587301e-04
   2.2410000e+03   2.5485411e+03   9.7161592e-04
   2.2420000e+03   2.5496505e+03   1.0092185e-03
   2.2430000e+03   2.5507609e+03   1.0298739e-03
   2.2440000e+03   2.5518722e+03   1.0384116e-03
   2.2450000e+03   2.5529844e+03   1.0511524e-03
   2.2460000e+03   2.5540976e+03   1.0544418e-03
   2.2470000e+03   2.5552117e+03   1.0259069e-03
   2.2480000e+03   2.5563267e+03   9.6252801e-04
   2.2490000e+03   2.5574427e+03   8.8033465e-04
   2.2500000e+03   2.5585596e+03   7.9958634e-04
   2.2510000e+03   2.5596774e+03   6.9063351e-04
   2.2520000e+03   2.5607962e+03   5.5053427e-04
   2.2530000e+03   2.5619159e+03   3.8518190e-04
   2.2540000e+03   2.5630366e+03   2.7810046e-04
   2.2550000e+03   2.5641582e+03   3.1651140e-04
   2.2560000e+03   2.5652808e+03   5.0597222e-04
   2.2570000e+03   2.5664043e+03   6.9646449e-04
   2.2580000e+03   2.5675287e+03   8.7268620e-04
   2.2590000e+03   2.5686541e+03   1.0419288e-03
   2.2600000e+03   2.5697805e+03   1.1787213e-03
   2.2610000e+03   2.5419295e+03   6.9789874e-04
   2.2620000e+03   2.5429342e+03   7.4505202e-04
   2.2630000e+03   2.5439396e+03   7.9103037e-04
   2.2640000e+03   2.5449459e+03   8.2705183e-04
   2.2650000e+03   2.5459530e+03   8.6880537e-04
   2.2660000e+03   2.5469609e+03   9.1590504e-04
   2.2670000e+03   2.5479697e+03   9.5297061e-04
   2.2680000e+03   2.5489792e+03   9.7813101e-04
   2.2690000e+03   2.5499896e+03   1.0105972e-03
   2.2700000e+03   2.5510009e+03   1.0311502e-03
   2.2710000e+03   2.5520129e+03   1.0428403e-03
   2.2720000e+03   2.5530258e+03   1.0573973e-03
   2.2730000e+03   2.5540395e+03   1.0531200e-03
   2.2740000e+03   2.5550541e+03   1.0288688e-03
   2.2750000e+03   2.5560694e+03   9.8733882e-04
   2.2760000e+03   2.5570856e+03   9.1210266e-04
   2.2770000e+03   2.5581027e+03   8.3177697e-04
   2.2780000e+03   2.5591206e+03   7.4841556e-04
   2.2790000e+03   2.5601393e+03   6.3654737e-04
   2.2800000e+03   2.5611588e+03   5.0646010e-04
   2.2810000e+03   2.5621792e+03   3.4364276e-04
   2.2820000e+03   2.5632004e+03   2.6686221e-04
   2.2830000e+03   2.5642225e+03   3.1997332e-04
   2.2840000e+03   2.5652454e+03   5.0035706e-04
   2.2850000e+03   2.5662691e+03   6.7693161e-04
   2.2860000e+03   2.5672937e+03   8.3649359e-04
   2.2870000e+03   2.5683191e+03   9.9063203e-04
   2.2880000e+03   2.5693454e+03   1.1350288e-03
   2.2890000e+03   2.5703725e+03   1.2433166e-03
   2.2900000e+03   2.5714005e+03   1.3085756e-03
   2.2910000e+03   2.5724293e+03   1.3625163e-03
   2.2920000e+03   2.5734589e+03   1.3909649e-03
   2.2930000e+03   2.5744894e+03   1.4194664e-03
   2.2940000e+03   2.5755207e+03   1.4280288e-03
   2.2950000e+03   2.5765529e+03   1.4160213e-03
   2.2960000e+03   2.5775860e+03   1.3931879e-03
   2.2970000e+03   2.5786199e+03   1.3390938e-03
   2.2980000e+03   2.5796546e+03   1.2961211e-03
   2.2990000e+03   2.5806902e+03   1.2257874e-03
   2.3000000e+03   2.5817267e+03   1.1442491e-03
   2.3010000e+03   2.5827640e+03   1.0746302e-03
   2.3020000e+03   2.5838021e+03   1.0388134e-03
   2.3030000e+03   2.5848411e+03   9.9591046e-04
   2.3040000e+03   2.5858810e+03   9.2291695e-04
   2.3050000e+03   2.5869218e+03   8.7407950e-04
   2.3060000e+03   2.5879633e+03   8.2135801e-04
   2.3070000e+03   2.5890058e+03   7.3494953e-04
   2.3080000e+03   2.5900491e+03   6.6257057e-04
   2.3090000e+03   2.5910933e+03   5.9015684e-04
   2.3100000e+03   2.5921383e+03   5.1718146e-04
   2.3110000e+03   2.5931842e+03   4.5166861e-04
   2.3120000e+03   2.5942310e+03   3.8984770e-04
   2.3130000e+03   2.5952786e+03   3.3569749e-04
   2.3140000e+03   2.5963271e+03   2.8729279e-04
   2.3150000e+03   2.5973765e+03   2.4428510e-04
   2.3160000e+03   2.5984267e+03   2.0843060e-04
   2.3170000e+03   2.5994778e+03   1.7644299e-04
   2.3180000e+03   2.6005298e+03   1.4836617e-04
   2.3190000e+03   2.6015827e+03   1.2509199e-04
   2.3200000e+03   2.6026364e+03   1.0518516e-04
   2.4700000e+03   1.1371709e+03   1.3003022e-04
   2.4710000e+03   1.1376925e+03   1.3556816e-04
   2.4720000e+03   1.1382142e+03   1.3941092e-04
   2.4730000e+03   1.1387359e+03   1.5526085e-04
   2.4740000e+03   1.1392576e+03   1.6174803e-04
   2.4750000e+03   1.1397793e+03   1.6347697e-04
   2.4760000e+03   1.1403010e+03   1.8225406e-04
   2.4770000e+03   1.1408227e+03   1.8828013e-04
   2.4780000e+03   1.1413443e+03   1.8822928e-04
   2.4790000e+03   1.1418660e+03   2.1099391e-04
   2.4800000e+03   1.1423877e+03   2.1485918e-04
   2.4810000e+03   1.1429094e+03   2.1329992e-04
   2.4820000e+03   1.1434311e+03   2.3906481e-04
   2.4830000e+03   1.1439528e+03   2.3853741e-04
   2.4840000e+03   1.1444745e+03   2.3729585e-04
   2.4850000e+03   1.1449961e+03   2.6489045e-04
   2.4860000e+03   1.1455178e+03   2.5956675e-04
   2.4870000e+03   1.1460395e+03   2.6161139e-04
   2.4880000e+03   1.1465612e+03   2.8963182e-04
   2.4890000e+03   1.1470829e+03   2.7927387e-04
   2.4900000e+03   1.1476046e+03   2.8556047e-04
   2.4910000e+03   1.1481263e+03   3.1125484e-04
   2.4920000e+03   1.1486479e+03   2.9621718e-04
   2.4930000e+03   1.1491696e+03   3.0709899e-04
   2.4940000e+03   1.1496913e+03   3.2523579e-04
   2.4950000e+03   1.1502130e+03   3.0702628e-04
   2.4960000e+03   1.1507347e+03   3.2374269e-04
   2.4970000e+03   1.1512564e+03   3.3903714e-04
   2.4980000e+03   1.1517781e+03   3.2216117e-04
   2.4990000e+03   1.1522998e+03   3.4603040e-04
   2.5000000e+03   1.1528214e+03   3.5774598e-04
   2.5010000e+03   1.1533431e+03   3.4130360e-04
   2.5020000e+03   1.1538648e+03   3.6859923e-04
   2.5030000e+03   1.1543865e+03   3.6761117e-04
   2.5040000e+03   1.1549082e+03   3.4982758e-04
   2.5050000e+03   1.1554299e+03   3.7673652e-04
   2.5060000e+03   1.1559516e+03   3.6473311e-04
   2.5070000e+03   1.1564732e+03   3.5363422e-04
   2.5080000e+03   1.1569949e+03   3.7497088e-04
   2.5090000e+03   1.1575166e+03   3.4910496e-04
   2.5100000e+03   1.1580383e+03   3.4277257e-04
   2.5110000e+03   1.1585600e+03   3.5144815e-04
   2.5120000e+03   1.1590817e+03   3.1915675e-04
   2.5130000e+03   1.1596034e+03   3.3108327e-04
   2.5140000e+03   1.1601250e+03   3.3633484e-04
   2.5150000e+03   1.1606467e+03   3.0901988e-04
   2.5160000e+03   1.1611684e+03   3.1504462e-04
   2.5170000e+03   1.1616901e+03   2.8594619e-04
   2.5180000e+03   1.1622118e+03   2.6323435e-04
   2.5190000e+03   1.1627335e+03   2.6681583e-04
   2.5200000e+03   1.1632552e+03   2.3769076e-04
   2.5210000e+03   1.1637768e+03   2.2435625e-04
   2.5220000e+03   1.1642985e+03   2.1431521e-04
   2.5230000e+03   1.1648202e+03   1.8263690e-04
   2.5240000e+03   1.1653419e+03   1.7011357e-04
   2.5250000e+03   1.1658636e+03   1.4901928e-04
   2.5260000e+03   1.1663853e+03   1.2085523e-04
   2.5270000e+03   1.1669070e+03   1.0737480e-04
   2.5310000e+03   1.1689937e+03   1.0242294e-04
   2.5320000e+03   1.1695154e+03   1.2278462e-04
   2.5330000e+03   1.1700371e+03   1.4431380e-04
   2.5340000e+03   1.1705588e+03   1.5981664e-04
   2.5350000e+03   1.1710804e+03   1.9261450e-04
   2.5360000e+03   1.1716021e+03   2.0414856e-04
   2.5370000e+03   1.1721238e+03   2.3063964e-04
   2.5380000e+03   1.1726455e+03   2.5517460e-04
   2.5390000e+03   1.1731672e+03   2.5790478e-04
   2.5400000e+03   1.1736889e+03   2.9288799e-04
   2.5410000e+03   1.1742106e+03   2.9670752e-04
   2.5420000e+03   1.1747323e+03   3.1117845e-04
   2.5430000e+03   1.1752539e+03   3.3662818e-04
   2.5440000e+03   1.1757756e+03   3.2478911e-04
   2.5450000e+03   1.1762973e+03   3.5583489e-04
   2.5460000e+03   1.1768190e+03   3.5605985e-04
   2.5470000e+03   1.1773407e+03   3.5707616e-04
   2.5480000e+03   1.1778624e+03   3.8353173e-04
   2.5490000e+03   1.1783841e+03   3.6002064e-04
   2.5500000e+03   1.1789057e+03   3.8205004e-04
   2.5510000e+03   1.1794274e+03   3.7958003e-04
   2.5520000e+03   1.1799491e+03   3.6768229e-04
   2.5530000e+03   1.1804708e+03   3.8882833e-04
   2.5540000e+03   1.1809925e+03   3.6144754e-04
   2.5550000e+03   1.1815142e+03   3.7684098e-04
   2.5560000e+03   1.1820359e+03   3.7155589e-04
   2.5570000e+03   1.1825575e+03   3.5235172e-04
   2.5580000e+03   1.1830792e+03   3.6825284e-04
   2.5590000e+03   1.1836009e+03   3.3806949e-04
   2.5600000e+03   1.1841226e+03   3.4515634e-04
   2.5610000e+03   1.1846443e+03   3.3683845e-04
   2.5620000e+03   1.1851660e+03   3.1615626e-04
   2.5630000e+03   1.1856877e+03   3.2705779e-04
   2.5640000e+03   1.1862093e+03   2.9638172e-04
   2.5650000e+03   1.1867310e+03   3.0083852e-04
   2.5660000e+03   1.1872527e+03   2.9046525e-04
   2.5670000e+03   1.1877744e+03   2.7339281e-04
   2.5680000e+03   1.1882961e+03   2.8228520e-04
   2.5690000e+03   1.1888178e+03   2.5959140e-04
   2.5700000e+03   1.1893395e+03   2.6324717e-04
   2.5710000e+03   1.1898611e+03   2.5083807e-04
   2.5720000e+03   1.1903828e+03   2.4224849e-04
   2.5730000e+03   1.1909045e+03   2.4525725e-04
   2.5740000e+03   1.1914262e+03   2.0998655e-04
   2.5750000e+03   1.1919479e+03   2.2162235e-04
   2.5760000e+03   1.1924696e+03   2.1548437e-04
   2.5770000e+03   1.1929913e+03   2.0448831e-04
   2.5780000e+03   1.1935130e+03   1.9987189e-04
   2.5790000e+03   1.1940346e+03   1.7786662e-04
   2.5800000e+03   1.1945563e+03   1.7681066e-04
   2.5810000e+03   1.1950780e+03   1.5856004e-04
   2.5820000e+03   1.1955997e+03   1.6026118e-04
   2.5830000e+03   1.1961214e+03   1.6175795e-04
   2.5840000e+03   1.1966431e+03   1.4298154e-04
   2.5850000e+03   1.1971648e+03   1.4387230e-04
   2.5860000e+03   1.1976864e+03   1.2758402e-04
   2.5870000e+03   1.1982081e+03   1.2443661e-04
   2.5880000e+03   1.1987298e+03   1.1990296e-04
   2.5890000e+03   1.1992515e+03   1.1025778e-04
   2.5900000e+03   1.1997732e+03   1.1110172e-04
   2.6230000e+03   1.2731396e+03   5.2860893e-03
   2.6240000e+03   1.2736742e+03   5.3311471e-03
   2.6250000e+03   1.2742087e+03   5.4519833e-03
   2.6260000e+03   1.2747433e+03   5.8158093e-03
   2.6270000e+03   1.2752778e+03   6.1842076e-03
   2.6280000e+03   1.2758123e+03   5.3677045e-03
   2.6290000e+03   1.2763469e+03   5.7458334e-03
   2.6300000e+03   1.2768814e+03   6.8180874e-03
   2.6310000e+03   1.2774159e+03   5.5000914e-03
   2.6320000e+03   1.2779505e+03   5.3103563e-03
   2.6330000e+03   1.2784850e+03   5.1551108e-03
   2.6340000e+03   1.2790196e+03   4.8782794e-03
   2.6350000e+03   1.2795541e+03   4.6740864e-03
   2.6360000e+03   1.2800886e+03   4.5046306e-03
   2.6370000e+03   1.2806232e+03   4.2318961e-03
   2.6380000e+03   1.2811577e+03   3.8356818e-03
   2.6390000e+03   1.2816922e+03   3.2755091e-03
   2.6400000e+03   1.2822268e+03   3.4733349e-03
   2.6410000e+03   1.2827613e+03   4.3693835e-03
   2.6420000e+03   1.2832958e+03   2.5256769e-03
   2.6430000e+03   1.2838304e+03   1.9685468e-03
   2.6970000e+03   2.1658952e+03   1.6399138e-03
   2.6980000e+03   2.1667633e+03   1.6789791e-03
   2.6990000e+03   2.1676314e+03   1.8043020e-03
   2.7000000e+03   2.1684996e+03   2.1196657e-03
   2.7010000e+03   2.1693677e+03   2.5028659e-03
   2.7020000e+03   2.1702358e+03   2.4996871e-03
   2.7030000e+03   2.1711039e+03   2.5871148e-03
   2.7040000e+03   2.1719720e+03   2.7563184e-03
   2.7050000e+03   2.1728401e+03   2.9524312e-03
   2.7060000e+03   2.1737082e+03   3.2019136e-03
   2.7070000e+03   2.1745763e+03   3.5116907e-03
   2.7080000e+03   2.1754445e+03   3.6146427e-03
   2.7090000e+03   2.1763126e+03   3.6575891e-03
   2.7100000e+03   2.1771807e+03   3.4820492e-03
   2.7110000e+03   2.1780488e+03   3.1995612e-03
   2.7120000e+03   2.1789169e+03   3.2856620e-03
   2.7130000e+03   2.1797850e+03   3.8178824e-03
   2.7140000e+03   2.1806531e+03   3.9591614e-03
   2.7230000e+03   2.4296883e+03   1.0450299e-04
   2.7240000e+03   2.4306610e+03   1.1519485e-04
   2.7250000e+03   2.4316338e+03   1.2655313e-04
   2.7260000e+03   2.4326065e+03   1.3998309e-04
   2.7270000e+03   2.4335793e+03   1.5408944e-04
   2.7280000e+03   2.4345520e+03   1.6791956e-04
   2.7290000e+03   2.4355248e+03   1.7930194e-04
   2.7300000e+03   2.4364975e+03   1.9356808e-04
   2.7310000e+03   2.4374703e+03   2.1062857e-04
   2.7320000e+03   2.4384430e+03   2.2462477e-04
   2.7330000e+03   2.4394158e+03   2.3860714e-04
   2.7340000e+03   2.4403885e+03   2.5140782e-04
   2.7350000e+03   2.4413613e+03   2.6420072e-04
   2.7360000e+03   2.4423340e+03   2.7684167e-04
   2.7370000e+03   2.4433068e+03   2.8548691e-04
   2.7380000e+03   2.4442795e+03   2.9369456e-04
   2.7390000e+03   2.4452523e+03   3.0260014e-04
   2.7400000e+03   2.5709068e+03   1.2863103e-03
   2.7410000e+03   2.5409249e+03   6.5658391e-04
