  7.483764E-06  2.094720E+02  8.103763E-06  2.099251E+02
  9.111122E-06  2.050674E+02  9.171204E-06  2.051291E+02
  1.015779E-05  2.032138E+02  9.895130E-06  2.030251E+02
  1.117056E-05  2.029505E+02  1.059680E-05  2.025147E+02
  1.225537E-05  2.035795E+02  1.134197E-05  2.028835E+02
  1.347298E-05  2.044906E+02  1.217325E-05  2.035162E+02
  1.494010E-05  2.056580E+02  1.316868E-05  2.043582E+02
  1.663788E-05  2.068987E+02  1.431605E-05  2.052325E+02
  1.851637E-05  2.081926E+02  1.558131E-05  2.061345E+02
  2.062925E-05  2.096275E+02  1.699780E-05  2.071505E+02
  2.286267E-05  2.109847E+02  1.848459E-05  2.081000E+02
  2.516665E-05  2.123142E+02  2.000744E-05  2.090475E+02
  2.772522E-05  2.136636E+02  2.168624E-05  2.100080E+02
  3.045118E-05  2.149890E+02  2.346060E-05  2.109576E+02
  3.336018E-05  2.162884E+02  2.534070E-05  2.118973E+02
  3.646252E-05  2.175777E+02  2.733338E-05  2.128369E+02
  3.977768E-05  2.188450E+02  2.944821E-05  2.137690E+02
  4.331462E-05  2.201010E+02  3.169299E-05  2.147013E+02
  4.708649E-05  2.213274E+02  3.407048E-05  2.156207E+02
  5.111118E-05  2.225461E+02  3.659558E-05  2.165435E+02
  5.540669E-05  2.237424E+02  3.927604E-05  2.174580E+02
  5.999848E-05  2.249158E+02  4.212547E-05  2.183660E+02
  6.490977E-05  2.260809E+02  4.515774E-05  2.192755E+02
  7.015734E-05  2.272402E+02  4.838454E-05  2.201899E+02
  7.577097E-05  2.283954E+02  5.182105E-05  2.211086E+02
  8.176192E-05  2.295471E+02  5.547411E-05  2.220322E+02
  8.816826E-05  2.306821E+02  5.936352E-05  2.229504E+02
  9.500309E-05  2.318035E+02  6.349785E-05  2.238654E+02
  1.023093E-04  2.328888E+02  6.789190E-05  2.247607E+02
  1.101165E-04  2.339657E+02  7.256950E-05  2.256559E+02
  1.184643E-04  2.350218E+02  7.754783E-05  2.265414E+02
  1.273832E-04  2.360785E+02  8.285009E-05  2.274318E+02
  1.369132E-04  2.371333E+02  8.850251E-05  2.283261E+02
  1.470967E-04  2.381903E+02  9.452678E-05  2.292267E+02
  1.579680E-04  2.392619E+02  1.009541E-04  2.301432E+02
  1.695904E-04  2.403092E+02  1.077966E-04  2.310459E+02
  1.819917E-04  2.413625E+02  1.150848E-04  2.319586E+02
  1.952306E-04  2.423944E+02  1.228440E-04  2.328594E+02
  2.093485E-04  2.434166E+02  1.311085E-04  2.337617E+02
  2.244056E-04  2.444206E+02  1.399052E-04  2.346580E+02
  2.404834E-04  2.454011E+02  1.492658E-04  2.355442E+02
  2.576314E-04  2.463752E+02  1.592310E-04  2.364341E+02
  2.759563E-04  2.473317E+02  1.698531E-04  2.373201E+02
  2.954861E-04  2.482673E+02  1.811537E-04  2.382016E+02
  3.163397E-04  2.491861E+02  1.931926E-04  2.390805E+02
  3.386047E-04  2.500736E+02  2.059996E-04  2.399468E+02
  3.623778E-04  2.509365E+02  2.196439E-04  2.408061E+02
  3.877957E-04  2.517563E+02  2.341699E-04  2.416452E+02
  4.149000E-04  2.525399E+02  2.496095E-04  2.424675E+02
  4.438944E-04  2.532937E+02  2.660797E-04  2.432793E+02
  4.748713E-04  2.540097E+02  2.836093E-04  2.440759E+02
  5.079510E-04  2.546910E+02  3.022935E-04  2.448609E+02
  5.433811E-04  2.553174E+02  3.222073E-04  2.456187E+02
  5.812374E-04  2.559038E+02  3.434238E-04  2.463570E+02
  6.217310E-04  2.564357E+02  3.660465E-04  2.470702E+02
  6.650658E-04  2.569235E+02  3.901742E-04  2.477645E+02
  7.113850E-04  2.573665E+02  4.158925E-04  2.484376E+02
  7.610068E-04  2.577483E+02  4.433328E-04  2.490756E+02
  8.140758E-04  2.580927E+02  4.726109E-04  2.496940E+02
  8.709146E-04  2.583691E+02  5.038540E-04  2.502771E+02
  9.317332E-04  2.585996E+02  5.372058E-04  2.508341E+02
  9.969156E-04  2.587723E+02  5.728408E-04  2.513588E+02
  1.066632E-03  2.588835E+02  6.108604E-04  2.518478E+02
  1.141263E-03  2.589479E+02  6.514967E-04  2.523132E+02
  1.221224E-03  2.589373E+02  6.949445E-04  2.527331E+02
  1.306687E-03  2.588737E+02  7.413211E-04  2.531191E+02
  1.398184E-03  2.587509E+02  7.909056E-04  2.534681E+02
  1.495965E-03  2.585699E+02  8.438418E-04  2.537729E+02
  1.600501E-03  2.583423E+02  9.004119E-04  2.540474E+02
  1.712346E-03  2.580537E+02  9.608745E-04  2.542806E+02
  1.831865E-03  2.577048E+02  1.025382E-03  2.544675E+02
  1.959568E-03  2.572974E+02  1.094293E-03  2.546164E+02
  2.096105E-03  2.568233E+02  1.167846E-03  2.547176E+02
  2.242126E-03  2.562885E+02  1.246351E-03  2.547802E+02
  2.398034E-03  2.556912E+02  1.330264E-03  2.547945E+02
  2.564687E-03  2.550362E+02  1.419749E-03  2.547607E+02
  2.742922E-03  2.543278E+02  1.515341E-03  2.546862E+02
  2.933098E-03  2.535674E+02  1.617397E-03  2.545617E+02
  3.136655E-03  2.527646E+02  1.726345E-03  2.543942E+02
  3.354007E-03  2.519124E+02  1.842680E-03  2.541811E+02
  3.586191E-03  2.510269E+02  1.966762E-03  2.539239E+02
  3.834631E-03  2.500999E+02  2.099277E-03  2.536227E+02
  4.100258E-03  2.491267E+02  2.240692E-03  2.532771E+02
  4.384197E-03  2.481223E+02  2.391586E-03  2.528921E+02
  4.688314E-03  2.470715E+02  2.552719E-03  2.524610E+02
  5.013827E-03  2.459975E+02  2.724561E-03  2.519900E+02
  5.362827E-03  2.448954E+02  2.908119E-03  2.514810E+02
  5.737565E-03  2.437723E+02  3.104151E-03  2.509345E+02
  6.139928E-03  2.426403E+02  3.313744E-03  2.503512E+02
  6.572457E-03  2.414873E+02  3.538105E-03  2.497312E+02
  7.037210E-03  2.403252E+02  3.777999E-03  2.490818E+02
  7.536218E-03  2.391553E+02  4.035118E-03  2.483979E+02
  8.072694E-03  2.379713E+02  4.310425E-03  2.476842E+02
  8.648982E-03  2.367926E+02  4.605382E-03  2.469438E+02
  9.267337E-03  2.356191E+02  4.921712E-03  2.461770E+02
  9.931807E-03  2.344545E+02  5.260630E-03  2.453869E+02
  1.064374E-02  2.333094E+02  5.624040E-03  2.445778E+02
  1.140841E-02  2.321777E+02  6.013557E-03  2.437473E+02
  1.222871E-02  2.310788E+02  6.430726E-03  2.429064E+02
  1.310932E-02  2.300106E+02  6.878352E-03  2.420514E+02
  1.405444E-02  2.289709E+02  7.358229E-03  2.411863E+02
  1.506690E-02  2.279702E+02  7.872813E-03  2.403165E+02
  1.615176E-02  2.269980E+02  8.424696E-03  2.394397E+02
  1.731365E-02  2.260602E+02  9.015849E-03  2.385633E+02
  1.855727E-02  2.251645E+02  9.649231E-03  2.376871E+02
  1.988974E-02  2.243007E+02  1.032753E-02  2.368123E+02
  2.131696E-02  2.234866E+02  1.105310E-02  2.359469E+02
  2.284897E-02  2.227063E+02  1.183014E-02  2.350850E+02
  2.449540E-02  2.219662E+02  1.266250E-02  2.342350E+02
  2.626456E-02  2.212594E+02  1.355460E-02  2.333952E+02
  2.816447E-02  2.205810E+02  1.451142E-02  2.325665E+02
  3.020191E-02  2.199344E+02  1.553760E-02  2.317513E+02
  3.238595E-02  2.193138E+02  1.663851E-02  2.309470E+02
  3.472493E-02  2.187184E+02  1.781928E-02  2.301590E+02
  3.722153E-02  2.181503E+02  1.908693E-02  2.293846E+02
  3.987122E-02  2.176070E+02  2.044884E-02  2.286253E+02
  4.267836E-02  2.170746E+02  2.190321E-02  2.278809E+02
  4.564649E-02  2.165599E+02  2.346008E-02  2.271519E+02
  4.877286E-02  2.160637E+02  2.511975E-02  2.264388E+02
  5.206442E-02  2.155856E+02  2.688665E-02  2.257412E+02
  5.551776E-02  2.151228E+02  2.876921E-02  2.250567E+02
  5.913849E-02  2.146710E+02  3.076367E-02  2.243878E+02
  6.292894E-02  2.142449E+02  3.288025E-02  2.237344E+02
  6.688752E-02  2.138345E+02  3.512300E-02  2.230961E+02
  7.100327E-02  2.134565E+02  3.748780E-02  2.224741E+02
  7.528152E-02  2.131072E+02  3.998985E-02  2.218671E+02
  7.970931E-02  2.127885E+02  4.261695E-02  2.212798E+02
  8.428570E-02  2.125155E+02  4.538456E-02  2.207109E+02
  8.899394E-02  2.122644E+02  4.828369E-02  2.201632E+02
  9.381809E-02  2.120673E+02  5.131989E-02  2.196371E+02
  9.876500E-02  2.118971E+02  5.448437E-02  2.191331E+02
  1.038281E-01  2.117599E+02  5.777786E-02  2.186552E+02
  1.089991E-01  2.116838E+02  6.121190E-02  2.182001E+02
  1.142620E-01  2.116293E+02  6.475767E-02  2.177733E+02
  1.196082E-01  2.116339E+02  6.843533E-02  2.173744E+02
  1.250589E-01  2.116778E+02  7.224514E-02  2.170020E+02
  1.305717E-01  2.117525E+02  7.615861E-02  2.166615E+02
  1.361595E-01  2.118780E+02  8.020233E-02  2.163493E+02
  1.418060E-01  2.120153E+02  8.434964E-02  2.160685E+02
  1.474876E-01  2.121999E+02  8.860143E-02  2.158194E+02
  1.532530E-01  2.124084E+02  9.298715E-02  2.155977E+02
  1.590195E-01  2.126245E+02  9.743162E-02  2.154100E+02
  1.648198E-01  2.128754E+02  1.019961E-01  2.152523E+02
  1.706613E-01  2.131349E+02  1.066630E-01  2.151210E+02
  1.764926E-01  2.134150E+02  1.113841E-01  2.150207E+02
  1.823219E-01  2.137117E+02  1.162190E-01  2.149477E+02
  1.881322E-01  2.140181E+02  1.211253E-01  2.148988E+02
  1.938734E-01  2.143494E+02  1.260941E-01  2.148804E+02
  1.995725E-01  2.146875E+02  1.311450E-01  2.148842E+02
  2.051892E-01  2.150390E+02  1.362395E-01  2.149133E+02
  2.107003E-01  2.154043E+02  1.413755E-01  2.149673E+02
  2.161377E-01  2.157735E+02  1.465469E-01  2.150408E+02
  2.214765E-01  2.161592E+02  1.517560E-01  2.151386E+02
  2.266687E-01  2.165550E+02  1.569620E-01  2.152575E+02
  2.317935E-01  2.169575E+02  1.621902E-01  2.153949E+02
  2.367526E-01  2.173650E+02  1.673928E-01  2.155535E+02
  2.416023E-01  2.177787E+02  1.725854E-01  2.157276E+02
  2.463621E-01  2.181974E+02  1.777744E-01  2.159195E+02
  2.509482E-01  2.186151E+02  1.828866E-01  2.161286E+02
  2.554806E-01  2.190388E+02  1.879998E-01  2.163506E+02
  2.598970E-01  2.194595E+02  1.930535E-01  2.165859E+02
  2.642331E-01  2.198854E+02  1.980430E-01  2.168357E+02
  2.685535E-01  2.203150E+02  2.030115E-01  2.170976E+02
  2.728040E-01  2.207453E+02  2.079034E-01  2.173707E+02
  2.770647E-01  2.211853E+02  2.127406E-01  2.176539E+02
  2.813281E-01  2.216306E+02  2.175366E-01  2.179476E+02
  2.855917E-01  2.220847E+02  2.222929E-01  2.182545E+02
  2.898628E-01  2.225470E+02  2.269998E-01  2.185699E+02
  2.941573E-01  2.230151E+02  2.316790E-01  2.188957E+02
  2.984813E-01  2.234954E+02  2.363335E-01  2.192334E+02
  3.028300E-01  2.239817E+02  2.409567E-01  2.195792E+02
  3.072269E-01  2.244783E+02  2.455788E-01  2.199369E+02
  3.116338E-01  2.249810E+02  2.501621E-01  2.203031E+02
  3.161038E-01  2.254925E+02  2.547545E-01  2.206785E+02
  3.205989E-01  2.260099E+02  2.593254E-01  2.210633E+02
  3.251183E-01  2.265335E+02  2.638816E-01  2.214571E+02
  3.297172E-01  2.270660E+02  2.684779E-01  2.218620E+02
  3.343125E-01  2.275996E+02  2.730228E-01  2.222723E+02
  3.389732E-01  2.281405E+02  2.776032E-01  2.226923E+02
  3.436740E-01  2.286848E+02  2.821893E-01  2.231196E+02
  3.483978E-01  2.292321E+02  2.867692E-01  2.235546E+02
  3.531807E-01  2.297820E+02  2.913727E-01  2.239966E+02
  3.580033E-01  2.303345E+02  2.959842E-01  2.244449E+02
  3.628806E-01  2.308903E+02  3.006192E-01  2.249019E+02
  3.678080E-01  2.314444E+02  3.052692E-01  2.253622E+02
  3.727862E-01  2.320032E+02  3.099294E-01  2.258293E+02
  3.778269E-01  2.325632E+02  3.146110E-01  2.263021E+02
  3.829352E-01  2.331237E+02  3.193227E-01  2.267792E+02
  3.880979E-01  2.336876E+02  3.240565E-01  2.272621E+02
  3.933445E-01  2.342537E+02  3.288349E-01  2.277510E+02
  3.986743E-01  2.348251E+02  3.336514E-01  2.282448E+02
  4.040625E-01  2.353953E+02  3.384820E-01  2.287413E+02
  4.095469E-01  2.359723E+02  3.433703E-01  2.292439E+02
  4.151234E-01  2.365566E+02  3.483093E-01  2.297519E+02
  4.207789E-01  2.371422E+02  3.532761E-01  2.302634E+02
  4.265209E-01  2.377364E+02  3.583075E-01  2.307818E+02
  4.323500E-01  2.383346E+02  3.633861E-01  2.313041E+02
  4.382825E-01  2.389361E+02  3.685246E-01  2.318324E+02
  4.443077E-01  2.395438E+02  3.737242E-01  2.323658E+02
  4.504205E-01  2.401521E+02  3.789663E-01  2.329019E+02
  4.566619E-01  2.407677E+02  3.842922E-01  2.334463E+02
  4.630127E-01  2.413879E+02  3.896825E-01  2.339945E+02
  4.694667E-01  2.420071E+02  3.951232E-01  2.345461E+02
  4.739236E-01  2.426209E+02  3.990350E-01  2.350771E+02
  4.805857E-01  2.432502E+02  4.046063E-01  2.356400E+02
  4.873731E-01  2.438780E+02  4.102511E-01  2.362070E+02
  4.921777E-01  2.445075E+02  4.144048E-01  2.367585E+02
  4.991604E-01  2.451404E+02  4.201932E-01  2.373356E+02
  5.062838E-01  2.457709E+02  4.260703E-01  2.379165E+02
  5.114431E-01  2.463989E+02  4.304517E-01  2.384823E+02
  5.188021E-01  2.470220E+02  4.364599E-01  2.390691E+02
  5.243617E-01  2.476482E+02  4.410782E-01  2.396469E+02
  5.320610E-01  2.482607E+02  4.472440E-01  2.402363E+02
  5.400317E-01  2.488640E+02  4.535190E-01  2.408260E+02
  5.463778E-01  2.494739E+02  4.584607E-01  2.414122E+02
  5.510324E-01  2.500966E+02  4.622988E-01  2.420172E+02
  5.554673E-01  2.507575E+02  4.664921E-01  2.426161E+02
  5.622479E-01  2.513421E+02  4.716018E-01  2.432098E+02
  5.672718E-01  2.520034E+02  4.757617E-01  2.438420E+02
  5.737257E-01  2.526553E+02  4.815790E-01  2.444534E+02
  5.789046E-01  2.532898E+02  4.858329E-01  2.450861E+02
  5.838236E-01  2.539696E+02  4.904637E-01  2.457196E+02
  5.910316E-01  2.545098E+02  4.958313E-01  2.463082E+02
  5.966082E-01  2.551388E+02  5.003005E-01  2.469509E+02
  5.979164E-01  2.557564E+02  5.026952E-01  2.475395E+02
  6.035756E-01  2.562977E+02  5.067446E-01  2.481457E+02
  6.092485E-01  2.569681E+02  5.114171E-01  2.488120E+02
  6.122981E-01  2.575590E+02  5.152280E-01  2.493901E+02
  6.160617E-01  2.581959E+02  5.183604E-01  2.500624E+02
  6.191294E-01  2.589402E+02  5.223377E-01  2.507517E+02
  6.224688E-01  2.594341E+02  5.249249E-01  2.513017E+02
  6.297209E-01  2.600616E+02  5.307882E-01  2.519321E+02
  6.333131E-01  2.606037E+02  5.340910E-01  2.525053E+02
  6.408914E-01  2.611481E+02  5.398827E-01  2.531055E+02
  6.487990E-01  2.616559E+02  5.458308E-01  2.536654E+02
  6.515139E-01  2.622098E+02  5.479329E-01  2.542714E+02
  6.621495E-01  2.627640E+02  5.555429E-01  2.548400E+02
  6.611839E-01  2.634099E+02  5.559108E-01  2.554699E+02
  6.704696E-01  2.639902E+02  5.621154E-01  2.560439E+02
  6.757028E-01  2.647103E+02  5.671489E-01  2.566976E+02
  6.814883E-01  2.653141E+02  5.705701E-01  2.573137E+02
  6.934650E-01  2.658926E+02  5.787075E-01  2.578848E+02
  6.935635E-01  2.666061E+02  5.801741E-01  2.585777E+02
  7.020662E-01  2.672429E+02  5.853916E-01  2.592131E+02
  7.069499E-01  2.679329E+02  5.899745E-01  2.598919E+02
  7.135602E-01  2.686336E+02  5.945299E-01  2.605565E+02
  7.230182E-01  2.693286E+02  6.004077E-01  2.611781E+02
  7.205664E-01  2.701838E+02  6.006346E-01  2.620036E+02
  7.319370E-01  2.708087E+02  6.078189E-01  2.626215E+02
  7.401599E-01  2.714831E+02  6.128423E-01  2.632399E+02
  7.411795E-01  2.724897E+02  6.158844E-01  2.641299E+02
  7.490355E-01  2.732192E+02  6.210002E-01  2.648166E+02
  7.526650E-01  2.742128E+02  6.245389E-01  2.656950E+02
  7.643072E-01  2.747559E+02  6.329726E-01  2.662842E+02
  7.723227E-01  2.756084E+02  6.387781E-01  2.670041E+02
  7.770586E-01  2.763933E+02  6.425933E-01  2.677948E+02
  7.856236E-01  2.771724E+02  6.492814E-01  2.685019E+02
  7.864396E-01  2.781272E+02  6.497161E-01  2.692831E+02
  7.970424E-01  2.788428E+02  6.580114E-01  2.699732E+02
  8.019830E-01  2.798635E+02  6.615185E-01  2.708220E+02
  8.065834E-01  2.805258E+02  6.653007E-01  2.714979E+02
  8.154076E-01  2.814048E+02  6.726575E-01  2.723100E+02
  8.158700E-01  2.823568E+02  6.732281E-01  2.731881E+02
  8.285524E-01  2.831588E+02  6.827746E-01  2.739252E+02
  8.355274E-01  2.841252E+02  6.890015E-01  2.748457E+02
  8.423114E-01  2.849319E+02  6.939311E-01  2.756353E+02
  8.499056E-01  2.858118E+02  6.990981E-01  2.763920E+02
  8.571413E-01  2.867180E+02  7.052209E-01  2.772852E+02
  8.644406E-01  2.874617E+02  7.107453E-01  2.779481E+02
  8.679471E-01  2.886233E+02  7.138839E-01  2.790074E+02
  8.750802E-01  2.894971E+02  7.195574E-01  2.798955E+02
  8.819090E-01  2.899708E+02  7.251827E-01  2.803243E+02
  8.892429E-01  2.908286E+02  7.306302E-01  2.811568E+02
  8.967272E-01  2.913101E+02  7.370339E-01  2.816119E+02
  9.067302E-01  2.922964E+02  7.443879E-01  2.825103E+02
  9.172179E-01  2.928363E+02  7.523761E-01  2.830695E+02
  9.209978E-01  2.932571E+02  7.559882E-01  2.834023E+02
  9.317798E-01  2.940492E+02  7.624324E-01  2.840984E+02
  9.342939E-01  2.947704E+02  7.648824E-01  2.846061E+02
  9.426534E-01  2.953852E+02  7.699345E-01  2.851311E+02
  9.518898E-01  2.959999E+02  7.766958E-01  2.856978E+02
  9.529518E-01  2.966116E+02  7.784992E-01  2.860808E+02
  9.653610E-01  2.973481E+02  7.879560E-01  2.866599E+02
  9.666891E-01  2.980640E+02  7.891600E-01  2.872157E+02
  9.761455E-01  2.987494E+02  7.973474E-01  2.878155E+02
  9.788398E-01  2.995277E+02  8.002810E-01  2.883727E+02
  9.854392E-01  2.999657E+02  8.030463E-01  2.885930E+02
  9.944859E-01  3.007071E+02  8.108737E-01  2.891254E+02
  1.000358E+00  3.019532E+02  8.177007E-01  2.900525E+02
  1.005405E+00  3.025956E+02  8.185616E-01  2.903075E+02
  1.005097E+00  3.031003E+02  8.217089E-01  2.906754E+02
  1.011607E+00  3.035215E+02  8.216347E-01  2.907802E+02
  1.021459E+00  3.049178E+02  8.329925E-01  2.918365E+02
  1.026200E+00  3.055205E+02  8.369610E-01  2.921940E+02
  1.036249E+00  3.060477E+02  8.388405E-01  2.923080E+02
  1.025617E+00  3.079237E+02  8.383024E-01  2.932262E+02
  1.043722E+00  3.092793E+02  8.517573E-01  2.942831E+02
  1.050119E+00  3.098153E+02  8.504454E-01  2.941183E+02
  1.051250E+00  3.117502E+02  8.610694E-01  2.956416E+02
  1.062752E+00  3.120126E+02  8.513002E-01  2.946752E+02
