! Created using laymakeprof.f on klayers mypref.op; except thickness from klayers_ftc
! lat= 45.540, lon=  0.000, 1100mb alt(m)=-6.89000E+02 m
! input=../Data/Pin/mypref (July 2000 version)
! Input altitudes: calculated
! Input mixing ratios treated as relative to: wet air (ie not adjusted for water displacement)
! H2O saturation: checked & corrected if needed
! no altitude(m)  thickness(m) pressure(atm) temp(K) "fixed" amnt  water amnt   ozone amnt    CO amnt      CH4 amnt
! -- ------------ ------------ ------------ -------- ------------ ------------ ------------ ------------ ------------
truth (except dZ) reference profile
   1 -5.74000E+02  2.29637E+02  1.07120E+00  291.953  3.79910E-07  8.94480E-06  2.57060E-11  1.56980E-10  1.84820E-09
   2 -3.44000E+02  2.31502E+02  1.04270E+00  290.487  3.74690E-07  8.43950E-06  2.59710E-11  1.53680E-10  1.82280E-09
   3 -1.11000E+02  2.33377E+02  1.01460E+00  289.002  3.69420E-07  7.93910E-06  2.62250E-11  1.50380E-10  1.79720E-09
   4  1.23000E+02  2.35262E+02  9.86870E-01  287.497  3.64130E-07  7.44390E-06  2.64670E-11  1.47090E-10  1.77140E-09
   5  3.59000E+02  2.37157E+02  9.59550E-01  285.971  3.58810E-07  6.95410E-06  2.66960E-11  1.43800E-10  1.74550E-09
   6  5.97000E+02  2.39060E+02  9.32640E-01  284.425  3.53450E-07  6.47000E-06  2.69140E-11  1.40520E-10  1.71950E-09
   7  8.37000E+02  2.40975E+02  9.06120E-01  282.858  3.48070E-07  5.99180E-06  2.71190E-11  1.37250E-10  1.69330E-09
   8  1.07900E+03  2.42911E+02  8.80020E-01  281.282  3.42670E-07  5.53820E-06  2.73300E-11  1.33990E-10  1.66700E-09
   9  1.32300E+03  2.44883E+02  8.54320E-01  279.711  3.37250E-07  5.13200E-06  2.75690E-11  1.30740E-10  1.64070E-09
  10  1.56900E+03  2.46870E+02  8.29030E-01  278.119  3.31810E-07  4.73300E-06  2.77960E-11  1.27510E-10  1.61420E-09
  11  1.81700E+03  2.48867E+02  8.04150E-01  276.506  3.26350E-07  4.33980E-06  2.80090E-11  1.24300E-10  1.58760E-09
  12  2.06700E+03  2.50882E+02  7.79690E-01  274.878  3.20870E-07  3.95380E-06  2.80850E-11  1.21110E-10  1.56100E-09
  13  2.31900E+03  2.52931E+02  7.55630E-01  273.254  3.15380E-07  3.57760E-06  2.77980E-11  1.17970E-10  1.53430E-09
  14  2.57300E+03  2.54998E+02  7.31990E-01  271.609  3.09870E-07  3.20800E-06  2.74840E-11  1.14850E-10  1.50750E-09
  15  2.82900E+03  2.57072E+02  7.08770E-01  269.940  3.04350E-07  2.84480E-06  2.71660E-11  1.11750E-10  1.48060E-09
  16  3.08700E+03  2.59172E+02  6.85960E-01  268.258  2.98830E-07  2.51630E-06  2.68350E-11  1.08760E-10  1.45380E-09
  17  3.34700E+03  2.61319E+02  6.63570E-01  266.580  2.93300E-07  2.25760E-06  2.64810E-11  1.05980E-10  1.42690E-09
  18  3.61000E+03  2.63483E+02  6.41600E-01  264.877  2.87780E-07  2.00650E-06  2.61220E-11  1.03230E-10  1.40000E-09
  19  3.87400E+03  2.65653E+02  6.20050E-01  263.150  2.82240E-07  1.76030E-06  2.57600E-11  1.00490E-10  1.37310E-09
  20  4.14100E+03  2.67865E+02  5.98910E-01  261.416  2.76710E-07  1.54540E-06  2.56760E-11  9.80410E-11  1.34620E-09
  21  4.41000E+03  2.70115E+02  5.78190E-01  259.679  2.71190E-07  1.36530E-06  2.59080E-11  9.59060E-11  1.31930E-09
  22  4.68100E+03  2.72379E+02  5.57890E-01  257.915  2.65660E-07  1.18930E-06  2.61220E-11  9.37770E-11  1.29240E-09
  23  4.95500E+03  2.74657E+02  5.38010E-01  256.126  2.60140E-07  1.01930E-06  2.63140E-11  9.16500E-11  1.26560E-09
  24  5.23100E+03  2.76991E+02  5.18550E-01  254.341  2.54640E-07  8.93560E-07  2.64270E-11  8.94580E-11  1.23880E-09
  25  5.50900E+03  2.79354E+02  4.99500E-01  252.540  2.49140E-07  7.86290E-07  2.64980E-11  8.72460E-11  1.21200E-09
  26  5.78900E+03  2.81732E+02  4.80860E-01  250.711  2.43650E-07  6.81590E-07  2.65520E-11  8.50470E-11  1.18530E-09
  27  6.07200E+03  2.84139E+02  4.62650E-01  248.864  2.38180E-07  5.85030E-07  2.68200E-11  8.27520E-11  1.15860E-09
  28  6.35800E+03  2.86600E+02  4.44840E-01  247.021  2.32720E-07  5.07540E-07  2.77550E-11  8.01480E-11  1.13170E-09
  29  6.64500E+03  2.89081E+02  4.27450E-01  245.151  2.27280E-07  4.33200E-07  2.86920E-11  7.75490E-11  1.10490E-09
  30  6.93600E+03  2.91581E+02  4.10480E-01  243.251  2.21860E-07  3.61540E-07  2.95820E-11  7.49730E-11  1.07820E-09
  31  7.22900E+03  2.94139E+02  3.93910E-01  241.355  2.16460E-07  3.09780E-07  3.04630E-11  7.22020E-11  1.05160E-09
  32  7.52400E+03  2.96741E+02  3.77750E-01  239.444  2.11090E-07  2.67660E-07  3.13110E-11  6.93700E-11  1.02520E-09
  33  7.82200E+03  2.99358E+02  3.61990E-01  237.501  2.05740E-07  2.26760E-07  3.21080E-11  6.65820E-11  9.98880E-10
  34  8.12300E+03  3.02016E+02  3.46640E-01  235.543  2.00410E-07  1.87210E-07  3.41210E-11  6.36820E-11  9.72600E-10
  35  8.42600E+03  3.04729E+02  3.31700E-01  233.583  1.95120E-07  1.49140E-07  3.82600E-11  6.05590E-11  9.46270E-10
  36  8.73200E+03  3.07468E+02  3.17150E-01  231.590  1.89860E-07  1.12320E-07  4.22670E-11  5.74950E-11  9.20130E-10
  37  9.04100E+03  3.10238E+02  3.03000E-01  229.576  1.84630E-07  7.98920E-08  4.62550E-11  5.44830E-11  8.94070E-10
  38  9.35300E+03  3.13125E+02  2.89240E-01  227.590  1.79440E-07  6.26470E-08  5.07970E-11  5.14930E-11  8.67800E-10
  39  9.66700E+03  3.16041E+02  2.75880E-01  225.577  1.74290E-07  4.77590E-08  5.52080E-11  4.85640E-11  8.41680E-10
  40  9.98500E+03  3.18986E+02  2.62910E-01  223.529  1.69170E-07  3.40490E-08  5.98620E-11  4.57080E-11  8.15790E-10
  41  1.03050E+04  3.21981E+02  2.50320E-01  221.464  1.64100E-07  2.67900E-08  6.87090E-11  4.29330E-11  7.89860E-10
  42  1.06290E+04  3.25005E+02  2.38110E-01  219.365  1.59080E-07  2.12720E-08  7.82110E-11  4.02320E-11  7.64140E-10
  43  1.09550E+04  3.28204E+02  2.26290E-01  217.325  1.54090E-07  1.60790E-08  8.72830E-11  3.75960E-11  7.38690E-10
  44  1.12860E+04  3.33796E+02  2.14840E-01  216.773  1.49160E-07  1.27350E-08  9.67810E-11  3.49050E-11  7.13270E-10
  45  1.16240E+04  3.40371E+02  2.03760E-01  216.740  1.44280E-07  1.00750E-08  1.06040E-10  3.22510E-11  6.88080E-10
  46  1.19670E+04  3.47182E+02  1.93050E-01  216.707  1.39450E-07  7.59770E-09  1.14590E-10  2.96580E-11  6.63210E-10
  47  1.23180E+04  3.54272E+02  1.82700E-01  216.700  1.34680E-07  6.04890E-09  1.20790E-10  2.68830E-11  6.38310E-10
  48  1.26760E+04  3.61628E+02  1.72710E-01  216.700  1.29960E-07  4.80490E-09  1.25990E-10  2.41310E-11  6.13680E-10
  49  1.30410E+04  3.69259E+02  1.63080E-01  216.700  1.25300E-07  3.68090E-09  1.31610E-10  2.15020E-11  5.89420E-10
  50  1.34150E+04  3.77163E+02  1.53800E-01  216.700  1.20700E-07  2.90710E-09  1.40670E-10  1.90600E-11  5.65360E-10
  51  1.37960E+04  3.85385E+02  1.44860E-01  216.700  1.16160E-07  2.20890E-09  1.49550E-10  1.67300E-11  5.41720E-10
  52  1.41860E+04  3.93919E+02  1.36270E-01  216.700  1.11690E-07  1.74510E-09  1.59160E-10  1.46330E-11  5.18410E-10
  53  1.45840E+04  4.02786E+02  1.28010E-01  216.700  1.07280E-07  1.56740E-09  1.69880E-10  1.28030E-11  4.95420E-10
  54  1.49910E+04  4.12023E+02  1.20080E-01  216.700  1.02940E-07  1.39780E-09  1.80470E-10  1.10800E-11  4.72880E-10
  55  1.54080E+04  4.21639E+02  1.12480E-01  216.700  9.86760E-08  1.22550E-09  1.96060E-10  9.61380E-12  4.50640E-10
  56  1.58350E+04  4.31666E+02  1.05190E-01  216.700  9.44820E-08  1.05950E-09  2.11660E-10  8.25720E-12  4.28870E-10
  57  1.62720E+04  4.42115E+02  9.82240E-02  216.700  9.03590E-08  9.58560E-10  2.31750E-10  7.14240E-12  4.07170E-10
  58  1.67190E+04  4.53037E+02  9.15650E-02  216.700  8.63140E-08  9.05190E-10  2.54520E-10  6.21610E-12  3.85700E-10
  59  1.71780E+04  4.64449E+02  8.52090E-02  216.700  8.23450E-08  8.56070E-10  2.78210E-10  5.35830E-12  3.64690E-10
  60  1.76480E+04  4.76389E+02  7.91490E-02  216.700  7.84560E-08  8.13040E-10  3.04830E-10  4.58300E-12  3.44080E-10
  61  1.81310E+04  4.88898E+02  7.33810E-02  216.700  7.46480E-08  7.72440E-10  3.30060E-10  3.87900E-12  3.23840E-10
  62  1.86270E+04  5.02014E+02  6.78970E-02  216.700  7.09230E-08  7.36080E-10  3.55480E-10  3.28580E-12  3.03630E-10
  63  1.91350E+04  5.15795E+02  6.26920E-02  216.700  6.72830E-08  7.01220E-10  3.80780E-10  2.77970E-12  2.83660E-10
  64  1.96580E+04  5.30256E+02  5.77590E-02  216.700  6.37260E-08  6.68570E-10  4.09720E-10  2.42930E-12  2.63320E-10
  65  2.01970E+04  5.45924E+02  5.30910E-02  216.864  6.02600E-08  6.37330E-10  4.32570E-10  2.14150E-12  2.43350E-10
  66  2.07510E+04  5.63260E+02  4.86810E-02  217.355  5.68810E-08  6.07960E-10  4.46760E-10  1.93540E-12  2.23500E-10
  67  2.13240E+04  5.81729E+02  4.45230E-02  217.900  5.35940E-08  5.79690E-10  4.65540E-10  1.78450E-12  2.03880E-10
  68  2.19150E+04  6.01361E+02  4.06100E-02  218.491  5.03970E-08  5.52540E-10  4.87160E-10  1.68130E-12  1.84650E-10
  69  2.25270E+04  6.22217E+02  3.69350E-02  219.103  4.72930E-08  5.28270E-10  4.99680E-10  1.62300E-12  1.66580E-10
  70  2.31600E+04  6.44428E+02  3.34910E-02  219.737  4.42850E-08  5.04220E-10  5.06180E-10  1.58010E-12  1.49680E-10
  71  2.38170E+04  6.68098E+02  3.02700E-02  220.393  4.13730E-08  4.78540E-10  5.06800E-10  1.54400E-12  1.34100E-10
  72  2.44970E+04  6.93373E+02  2.72650E-02  221.073  3.85560E-08  4.54250E-10  5.06360E-10  1.50720E-12  1.20020E-10
  73  2.52040E+04  7.20395E+02  2.44680E-02  221.771  3.58370E-08  4.29490E-10  4.99990E-10  1.45660E-12  1.07770E-10
  74  2.59390E+04  7.49355E+02  2.18740E-02  222.479  3.32180E-08  4.02210E-10  4.82030E-10  1.37780E-12  9.79150E-11
  75  2.67040E+04  7.80465E+02  1.94720E-02  223.213  3.06980E-08  3.75500E-10  4.62840E-10  1.29860E-12  8.86590E-11
  76  2.75010E+04  8.14016E+02  1.72580E-02  223.980  2.82790E-08  3.49550E-10  4.43190E-10  1.22090E-12  7.99060E-11
  77  2.83330E+04  8.50406E+02  1.52210E-02  224.809  2.59610E-08  3.24410E-10  4.24200E-10  1.14670E-12  7.15560E-11
  78  2.92040E+04  8.89873E+02  1.33550E-02  225.679  2.37440E-08  3.00060E-10  4.04720E-10  1.07380E-12  6.37120E-11
  79  3.01150E+04  9.33043E+02  1.16530E-02  226.636  2.16300E-08  2.76310E-10  3.84660E-10  1.00260E-12  5.63730E-11
  80  3.10720E+04  9.81059E+02  1.01060E-02  227.852  1.96180E-08  2.52580E-10  3.64260E-10  9.35370E-13  4.94750E-11
  81  3.20800E+04  1.03390E+03  8.70620E-03  229.150  1.77100E-08  2.29790E-10  3.43390E-10  8.69270E-13  4.30920E-11
  82  3.31440E+04  1.09531E+03  7.44630E-03  231.164  1.59060E-08  2.07990E-10  3.20450E-10  8.07460E-13  3.70990E-11
  83  3.42760E+04  1.16872E+03  6.31830E-03  234.361  1.42040E-08  1.87160E-10  2.95000E-10  7.51170E-13  3.14440E-11
  84  3.54860E+04  1.25085E+03  5.31440E-03  237.750  1.26040E-08  1.67250E-10  2.66640E-10  6.98540E-13  2.63110E-11
  85  3.67830E+04  1.34368E+03  4.42680E-03  241.341  1.11100E-08  1.48270E-10  2.34460E-10  6.51230E-13  2.16910E-11
  86  3.81790E+04  1.44890E+03  3.64780E-03  245.222  9.71550E-09  1.30590E-10  2.00740E-10  6.05470E-13  1.75540E-11
  87  3.96890E+04  1.56955E+03  2.96970E-03  249.408  8.42400E-09  1.14210E-10  1.67350E-10  5.60590E-13  1.38950E-11
  88  4.13280E+04  1.70876E+03  2.38480E-03  253.937  7.23310E-09  9.94870E-11  1.31680E-10  5.20930E-13  1.05820E-11
  89  4.31180E+04  1.87117E+03  1.88550E-03  258.856  6.14290E-09  8.57720E-11  9.94040E-11  4.84710E-13  7.72060E-12
  90  4.50850E+04  2.06221E+03  1.46430E-03  264.210  5.15080E-09  7.26730E-11  7.26510E-11  4.52660E-13  5.35700E-12
  91  4.72570E+04  2.28306E+03  1.11390E-03  269.425  4.25430E-09  6.02940E-11  4.88560E-11  4.23660E-13  3.51670E-12
  92  4.96520E+04  2.50605E+03  8.26910E-04  270.398  3.45600E-09  4.88230E-11  3.07300E-11  4.16140E-13  2.21490E-12
  93  5.22650E+04  2.72102E+03  5.96370E-04  266.412  2.74790E-09  3.84030E-11  1.88370E-11  4.07170E-13  1.49770E-12
  94  5.51080E+04  2.96484E+03  4.15280E-04  260.488  2.13300E-09  2.93010E-11  1.06190E-11  3.91930E-13  1.02020E-12
  95  5.82100E+04  3.23887E+03  2.76900E-04  252.322  1.60460E-09  2.11840E-11  5.93910E-12  3.97030E-13  7.15220E-13
  96  6.16150E+04  3.57197E+03  1.74800E-04  243.039  1.16020E-09  1.43930E-11  3.08770E-12  4.08480E-13  4.98070E-13
  97  6.54040E+04  4.00569E+03  1.02710E-04  232.761  7.98750E-10  8.98020E-12  1.47630E-12  4.19380E-13  3.42820E-13
  98  6.96990E+04  4.58282E+03  5.47150E-05  221.323  5.12350E-10  4.95740E-12  5.10560E-13  4.25130E-13  2.19890E-13
  99  7.47130E+04  5.44616E+03  2.53190E-05  209.992  2.97060E-10  2.33310E-12  2.12570E-13  5.12020E-13  1.27560E-13
 100  8.08910E+04  6.90990E+03  9.36810E-06  198.164  1.46730E-10  8.09780E-13  1.32650E-13  6.84410E-13  6.36100E-14
