   1.7900000e+02   7.6125000e+02   2.0050068e-05
   1.8000000e+02   7.6187500e+02   6.2745033e-05
   1.8100000e+02   7.6250000e+02   1.7353499e-04
   1.8200000e+02   7.6312500e+02   1.8339098e-04
   1.8300000e+02   7.6375000e+02   4.7665226e-05
   3.1500000e+02   8.4625000e+02   1.1137121e-05
   3.1600000e+02   8.4687500e+02   1.1746620e-05
   3.1700000e+02   8.4750000e+02   1.2753452e-05
   3.1800000e+02   8.4812500e+02   1.3574828e-05
   3.1900000e+02   8.4875000e+02   1.4843860e-05
   3.2000000e+02   8.4937500e+02   1.6007045e-05
   3.2100000e+02   8.5000000e+02   1.7729532e-05
   3.2200000e+02   8.5062500e+02   1.9327743e-05
   3.2300000e+02   8.5125000e+02   2.1510278e-05
   3.2400000e+02   8.5187500e+02   2.3665702e-05
   3.2500000e+02   8.5250000e+02   2.6501862e-05
   3.2600000e+02   8.5312500e+02   2.9207511e-05
   3.2700000e+02   8.5375000e+02   3.2571160e-05
   3.2800000e+02   8.5437500e+02   3.5885086e-05
   3.2900000e+02   8.5500000e+02   4.0086294e-05
   3.3000000e+02   8.5562500e+02   4.4067802e-05
   3.3100000e+02   8.5625000e+02   4.8699112e-05
   3.3200000e+02   8.5687500e+02   5.3185258e-05
   3.3300000e+02   8.5750000e+02   5.8389603e-05
   3.3400000e+02   8.5812500e+02   6.3365667e-05
   3.3500000e+02   8.5875000e+02   6.9141163e-05
   3.3600000e+02   8.5937500e+02   7.4613480e-05
   3.3700000e+02   8.6000000e+02   8.0736303e-05
   3.3800000e+02   8.6062500e+02   8.6403148e-05
   3.3900000e+02   8.6125000e+02   9.2756466e-05
   3.4000000e+02   8.6187500e+02   9.8345664e-05
   3.4100000e+02   8.6250000e+02   1.0473904e-04
   3.4200000e+02   8.6312500e+02   1.1082656e-04
   3.4300000e+02   8.6375000e+02   1.1802515e-04
   3.4400000e+02   8.6437500e+02   1.2468849e-04
   3.4500000e+02   8.6500000e+02   1.3303272e-04
   3.4600000e+02   8.6562500e+02   1.3989226e-04
   3.4700000e+02   8.6625000e+02   1.4736541e-04
   3.4800000e+02   8.6687500e+02   1.5260730e-04
   3.4900000e+02   8.6750000e+02   1.5853930e-04
   3.5000000e+02   8.6812500e+02   1.6200743e-04
   3.5100000e+02   8.6875000e+02   1.6594674e-04
   3.5200000e+02   8.6937500e+02   1.6716349e-04
   3.5300000e+02   8.7000000e+02   1.6905710e-04
   3.5400000e+02   8.7062500e+02   1.6795492e-04
   3.5500000e+02   8.7125000e+02   1.6790807e-04
   3.5600000e+02   8.7187500e+02   1.6465740e-04
   3.5700000e+02   8.7250000e+02   1.6339141e-04
   3.5800000e+02   8.7312500e+02   1.5908423e-04
   3.5900000e+02   8.7375000e+02   1.5732319e-04
   3.6000000e+02   8.7437500e+02   1.5183969e-04
   3.6100000e+02   8.7500000e+02   1.4941970e-04
   3.6200000e+02   8.7562500e+02   1.4186081e-04
   3.6300000e+02   8.7625000e+02   1.3756086e-04
   3.6400000e+02   8.7687500e+02   1.2899367e-04
   3.6500000e+02   8.7750000e+02   1.4704255e-04
   3.6600000e+02   8.7812500e+02   2.7810368e-04
   3.6700000e+02   8.7875000e+02   5.0887833e-04
   3.6800000e+02   8.7937500e+02   3.6177366e-04
   3.6900000e+02   8.8000000e+02   1.4403097e-04
   3.7000000e+02   8.8062500e+02   1.5480168e-04
   3.7100000e+02   8.8125000e+02   1.8953501e-04
   3.7200000e+02   8.8187500e+02   2.0598497e-04
   3.7300000e+02   8.8250000e+02   2.1198342e-04
   3.7400000e+02   8.8312500e+02   2.2486790e-04
   3.7500000e+02   8.8375000e+02   2.3332524e-04
   3.7600000e+02   8.8437500e+02   2.4663481e-04
   3.7700000e+02   8.8500000e+02   2.6278600e-04
   3.7800000e+02   8.8562500e+02   2.7402835e-04
   3.7900000e+02   8.8625000e+02   2.6176570e-04
   3.8000000e+02   8.8687500e+02   2.5725148e-04
   3.8100000e+02   8.8750000e+02   2.6175708e-04
   3.8200000e+02   8.8812500e+02   2.7244083e-04
   3.8300000e+02   8.8875000e+02   2.7479473e-04
   3.8400000e+02   8.8937500e+02   2.7624930e-04
   3.8500000e+02   8.9000000e+02   2.7168382e-04
   3.8600000e+02   8.9062500e+02   2.6717741e-04
   3.8700000e+02   8.9125000e+02   2.5730911e-04
   3.8800000e+02   8.9187500e+02   2.4830048e-04
   3.8900000e+02   8.9250000e+02   2.3377998e-04
   3.9000000e+02   8.9312500e+02   2.2035683e-04
   3.9100000e+02   8.9375000e+02   2.0480558e-04
   3.9200000e+02   8.9437500e+02   2.0000599e-04
   3.9300000e+02   8.9500000e+02   2.2926189e-04
   3.9400000e+02   8.9562500e+02   3.1987516e-04
   3.9500000e+02   8.9625000e+02   3.4333495e-04
   3.9600000e+02   8.9687500e+02   1.9746031e-04
   3.9700000e+02   8.9750000e+02   1.4271924e-04
   3.9800000e+02   8.9812500e+02   1.5468511e-04
   3.9900000e+02   8.9875000e+02   1.5018517e-04
   4.0000000e+02   8.9937500e+02   1.4112207e-04
   4.0100000e+02   9.0000000e+02   1.3441068e-04
   4.0200000e+02   9.0062500e+02   1.2890438e-04
   4.0300000e+02   9.0125000e+02   1.2437796e-04
   4.0400000e+02   9.0187500e+02   1.2162006e-04
   4.0500000e+02   9.0250000e+02   1.2152503e-04
   4.0600000e+02   9.0312500e+02   1.2333642e-04
   4.0700000e+02   9.0375000e+02   1.2525942e-04
   4.0800000e+02   9.0437500e+02   1.2370708e-04
   4.0900000e+02   9.0500000e+02   1.1668790e-04
   4.1000000e+02   9.0562500e+02   1.2055386e-04
   4.1100000e+02   9.0625000e+02   1.2104343e-04
   4.1200000e+02   9.0687500e+02   1.2079046e-04
   4.1300000e+02   9.0750000e+02   1.2024971e-04
   4.1400000e+02   9.0812500e+02   1.1912336e-04
   4.1500000e+02   9.0875000e+02   1.1685348e-04
   4.1600000e+02   9.0937500e+02   1.1402804e-04
   4.1700000e+02   9.1000000e+02   1.0990800e-04
   4.1800000e+02   9.1062500e+02   1.0559450e-04
   4.1900000e+02   9.1125000e+02   1.0080528e-04
   4.2000000e+02   9.1187500e+02   9.5946157e-05
   4.2100000e+02   9.1250000e+02   8.9972188e-05
   4.2200000e+02   9.1312500e+02   8.3898345e-05
   4.2300000e+02   9.1375000e+02   7.7598898e-05
   4.2400000e+02   9.1437500e+02   7.1316128e-05
   4.2500000e+02   9.1500000e+02   6.4639121e-05
   4.2600000e+02   9.1562500e+02   5.8734655e-05
   4.2700000e+02   9.1625000e+02   5.2636843e-05
   4.2800000e+02   9.1687500e+02   4.7105299e-05
   4.2900000e+02   9.1750000e+02   4.1700447e-05
   4.3000000e+02   9.1812500e+02   3.6985501e-05
   4.3100000e+02   9.1875000e+02   3.2223746e-05
   4.3200000e+02   9.1937500e+02   2.8188036e-05
   4.3300000e+02   9.2000000e+02   2.4413453e-05
   4.3400000e+02   9.2062500e+02   2.1396128e-05
   4.3500000e+02   9.2125000e+02   1.8373649e-05
   4.3600000e+02   9.2187500e+02   1.5996396e-05
   4.3700000e+02   9.2250000e+02   1.3671129e-05
   4.3800000e+02   9.2312500e+02   1.1881737e-05
   7.6800000e+02   1.2775000e+03   3.0150955e-05
   7.6900000e+02   1.2787500e+03   3.6313714e-05
   7.7000000e+02   1.2800000e+03   4.3932878e-05
   7.7100000e+02   1.2812500e+03   4.9655972e-05
   7.7200000e+02   1.2825000e+03   5.8579632e-05
   7.7300000e+02   1.2837500e+03   6.6816990e-05
   7.7400000e+02   1.2850000e+03   7.8490264e-05
   7.7500000e+02   1.2862500e+03   8.9331319e-05
   7.7600000e+02   1.2875000e+03   1.0072769e-04
   7.7700000e+02   1.2887500e+03   1.0734906e-04
   7.7800000e+02   1.2900000e+03   1.2233659e-04
   7.7900000e+02   1.2912500e+03   1.4135711e-04
   7.8000000e+02   1.2925000e+03   1.5748483e-04
   7.8100000e+02   1.2937500e+03   1.6339066e-04
   7.8200000e+02   1.2950000e+03   1.7330626e-04
   7.8300000e+02   1.2962500e+03   1.7934381e-04
   7.8400000e+02   1.2975000e+03   1.8521784e-04
   7.8500000e+02   1.2987500e+03   1.8835196e-04
   7.8600000e+02   1.3000000e+03   1.9875426e-04
   7.8700000e+02   1.3012500e+03   2.2905277e-04
   7.8800000e+02   1.3025000e+03   4.3896145e-04
   7.8900000e+02   1.3037500e+03   2.2991684e-04
   7.9000000e+02   1.3050000e+03   4.8457101e-04
   7.9100000e+02   1.3062500e+03   2.8949668e-04
   7.9200000e+02   1.3075000e+03   3.3051180e-04
   7.9300000e+02   1.3087500e+03   3.7955813e-04
   7.9400000e+02   1.3100000e+03   4.3790117e-04
   7.9500000e+02   1.3112500e+03   4.9313744e-04
   7.9600000e+02   1.3125000e+03   5.5358345e-04
   7.9700000e+02   1.3137500e+03   5.8882041e-04
   7.9800000e+02   1.3150000e+03   6.1264214e-04
   7.9900000e+02   1.3162500e+03   6.0944974e-04
   8.0000000e+02   1.3175000e+03   5.9676367e-04
   8.0100000e+02   1.3187500e+03   5.6223086e-04
   8.0200000e+02   1.3200000e+03   5.1745023e-04
   8.0300000e+02   1.3212500e+03   4.4899627e-04
   8.0400000e+02   1.3225000e+03   3.8383234e-04
   8.0500000e+02   1.3237500e+03   3.9672974e-04
   8.0600000e+02   1.3250000e+03   6.1797953e-04
   8.0700000e+02   1.3262500e+03   6.3984026e-04
   8.0800000e+02   1.3275000e+03   3.3603388e-04
   8.0900000e+02   1.3287500e+03   2.9205048e-04
   8.1000000e+02   1.3300000e+03   3.0678946e-04
   8.1100000e+02   1.3312500e+03   3.2527132e-04
   8.1200000e+02   1.3325000e+03   3.4945901e-04
   8.1300000e+02   1.3337500e+03   3.9559851e-04
   8.1400000e+02   1.3350000e+03   4.1748226e-04
   8.1500000e+02   1.3362500e+03   4.3983434e-04
   8.1600000e+02   1.3375000e+03   4.3270252e-04
   8.1700000e+02   1.3387500e+03   4.0680762e-04
   8.1800000e+02   1.3400000e+03   3.6475442e-04
   8.1900000e+02   1.3412500e+03   3.2659294e-04
   8.2000000e+02   1.3425000e+03   2.9601047e-04
   8.2100000e+02   1.3437500e+03   2.3497919e-04
   8.2200000e+02   1.3450000e+03   1.6169878e-04
   8.2300000e+02   1.3462500e+03   1.1699498e-04
   8.2400000e+02   1.3475000e+03   8.2326602e-05
   8.2500000e+02   1.3487500e+03   6.2684494e-05
   8.2600000e+02   1.3500000e+03   4.6613550e-05
   8.2700000e+02   1.3512500e+03   3.7023746e-05
   8.2800000e+02   1.3525000e+03   2.6221735e-05
   8.2900000e+02   1.3537500e+03   2.0532547e-05
   8.3000000e+02   1.3550000e+03   1.3556004e-05
   1.0820000e+03   1.6700000e+03   1.2934412e-05
   1.0830000e+03   1.6712500e+03   1.6094910e-05
   1.0840000e+03   1.6725000e+03   2.0358212e-05
   1.0850000e+03   1.6737500e+03   2.5377204e-05
   1.0860000e+03   1.6750000e+03   3.1852264e-05
   1.0870000e+03   1.6762500e+03   3.9635328e-05
   1.0880000e+03   1.6775000e+03   4.9592912e-05
   1.0890000e+03   1.6787500e+03   6.1467850e-05
   1.0900000e+03   1.6800000e+03   7.5877683e-05
   1.0910000e+03   1.6812500e+03   9.2290877e-05
   1.0920000e+03   1.6825000e+03   1.1215789e-04
   1.0930000e+03   1.6837500e+03   1.3510677e-04
   1.0940000e+03   1.6850000e+03   1.6176705e-04
   1.0950000e+03   1.6862500e+03   1.9121285e-04
   1.0960000e+03   1.6875000e+03   2.2445275e-04
   1.0970000e+03   1.6887500e+03   2.5983842e-04
   1.0980000e+03   1.6900000e+03   2.9733679e-04
   1.0990000e+03   1.6912500e+03   3.3450710e-04
   1.1000000e+03   1.6925000e+03   3.7647292e-04
   1.1010000e+03   1.6937500e+03   4.2362406e-04
   1.1020000e+03   1.6950000e+03   4.7557162e-04
   1.1030000e+03   1.6962500e+03   5.1814174e-04
   1.1040000e+03   1.6975000e+03   5.5303899e-04
   1.1050000e+03   1.6987500e+03   5.7549406e-04
   1.1060000e+03   1.7000000e+03   5.8742727e-04
   1.1070000e+03   1.7012500e+03   5.8568671e-04
   1.1080000e+03   1.7025000e+03   5.8226059e-04
   1.1090000e+03   1.7037500e+03   5.8232165e-04
   1.1100000e+03   1.7050000e+03   6.0034008e-04
   1.1110000e+03   1.7062500e+03   6.0720036e-04
   1.1120000e+03   1.7075000e+03   5.0998452e-04
   1.1130000e+03   1.7087500e+03   3.0810599e-04
   1.1140000e+03   1.7100000e+03   4.3964946e-04
   1.1150000e+03   1.7112500e+03   7.5559514e-04
   1.1160000e+03   1.7125000e+03   6.9103752e-04
   1.1170000e+03   1.7137500e+03   5.8667097e-04
   1.1180000e+03   1.7150000e+03   5.9217234e-04
   1.1190000e+03   1.7162500e+03   6.3099445e-04
   1.1200000e+03   1.7175000e+03   6.6941697e-04
   1.1210000e+03   1.7187500e+03   7.0038972e-04
   1.1220000e+03   1.7200000e+03   7.0654710e-04
   1.1230000e+03   1.7212500e+03   6.8995205e-04
   1.1240000e+03   1.7225000e+03   6.4626977e-04
   1.1250000e+03   1.7237500e+03   5.8401673e-04
   1.1260000e+03   1.7250000e+03   5.1067915e-04
   1.1270000e+03   1.7262500e+03   4.4887825e-04
   1.1280000e+03   1.7275000e+03   3.9083797e-04
   1.1290000e+03   1.7287500e+03   3.3264718e-04
   1.1300000e+03   1.7300000e+03   2.7505010e-04
   1.1310000e+03   1.7312500e+03   2.2179234e-04
   1.1320000e+03   1.7325000e+03   1.7361522e-04
   1.1330000e+03   1.7337500e+03   1.3474782e-04
   1.1340000e+03   1.7350000e+03   1.0318653e-04
   1.1350000e+03   1.7362500e+03   7.8790802e-05
   1.1360000e+03   1.7375000e+03   5.8600478e-05
   1.1370000e+03   1.7387500e+03   4.4244326e-05
   1.1380000e+03   1.7400000e+03   3.3574190e-05
   1.1390000e+03   1.7412500e+03   2.6187220e-05
   1.1400000e+03   1.7425000e+03   1.9960784e-05
   1.1410000e+03   1.7437500e+03   1.5750421e-05
   1.1420000e+03   1.7450000e+03   1.1918107e-05
