   5.0000000e+00   6.4600000e+02   1.5837285e-04
   6.0000000e+00   6.4625000e+02   8.3743266e-05
   7.0000000e+00   6.4650000e+02   1.4293705e-04
   8.0000000e+00   6.4675000e+02   1.3987035e-04
   9.0000000e+00   6.4700000e+02   1.7364338e-04
   1.0000000e+01   6.4725000e+02   1.3774687e-04
   4.6700000e+02   7.6150000e+02   2.4992196e-05
   4.6800000e+02   7.6175000e+02   3.8091992e-05
   4.6900000e+02   7.6200000e+02   6.0159425e-05
   4.7000000e+02   7.6225000e+02   9.7157074e-05
   4.7100000e+02   7.6250000e+02   1.6260889e-04
   4.7200000e+02   7.6275000e+02   2.6897475e-04
   4.7300000e+02   7.6300000e+02   3.2413376e-04
   4.7400000e+02   7.6325000e+02   1.8111220e-04
   4.7500000e+02   7.6350000e+02   3.5386710e-05
   8.1800000e+02   8.4925000e+02   1.5372096e-05
   8.1900000e+02   8.4950000e+02   1.6439837e-05
   8.2000000e+02   8.4975000e+02   1.7044995e-05
   8.2100000e+02   8.5000000e+02   1.7660967e-05
   8.2200000e+02   8.5025000e+02   1.8491656e-05
   8.2300000e+02   8.5050000e+02   1.8696358e-05
   8.2400000e+02   8.5075000e+02   1.9585635e-05
   8.2500000e+02   8.5100000e+02   2.0832815e-05
   8.2600000e+02   8.5125000e+02   2.1521161e-05
   8.2700000e+02   8.5150000e+02   2.1971658e-05
   8.2800000e+02   8.5175000e+02   2.3107896e-05
   8.2900000e+02   8.5200000e+02   2.4316028e-05
   8.3000000e+02   8.5225000e+02   2.5463936e-05
   8.3100000e+02   8.5250000e+02   2.6246826e-05
   8.3200000e+02   8.5275000e+02   2.7320221e-05
   8.3300000e+02   8.5300000e+02   2.8980971e-05
   8.3400000e+02   8.5325000e+02   2.9790501e-05
   8.3500000e+02   8.5350000e+02   3.0770422e-05
   8.3600000e+02   8.5375000e+02   3.2622246e-05
   8.3700000e+02   8.5400000e+02   3.4227405e-05
   8.3800000e+02   8.5425000e+02   3.4990797e-05
   8.3900000e+02   8.5450000e+02   3.5786434e-05
   8.4000000e+02   8.5475000e+02   3.8545168e-05
   8.4100000e+02   8.5500000e+02   4.1299962e-05
   8.4200000e+02   8.5525000e+02   4.1107675e-05
   8.4300000e+02   8.5550000e+02   4.1819342e-05
   8.4400000e+02   8.5575000e+02   4.6219492e-05
   8.4500000e+02   8.5600000e+02   4.7542669e-05
   8.4600000e+02   8.5625000e+02   4.7302662e-05
   8.4700000e+02   8.5650000e+02   4.9892510e-05
   8.4800000e+02   8.5675000e+02   5.3243727e-05
   8.4900000e+02   8.5700000e+02   5.4697715e-05
   8.5000000e+02   8.5725000e+02   5.5258578e-05
   8.5100000e+02   8.5750000e+02   5.7869939e-05
   8.5200000e+02   8.5775000e+02   6.1469017e-05
   8.5300000e+02   8.5800000e+02   6.2077444e-05
   8.5400000e+02   8.5825000e+02   6.3519873e-05
   8.5500000e+02   8.5850000e+02   6.7772196e-05
   8.5600000e+02   8.5875000e+02   6.9206253e-05
   8.5700000e+02   8.5900000e+02   6.9925099e-05
   8.5800000e+02   8.5925000e+02   7.4139687e-05
   8.5900000e+02   8.5950000e+02   7.7069439e-05
   8.6000000e+02   8.5975000e+02   7.7121026e-05
   8.6100000e+02   8.6000000e+02   7.9709725e-05
   8.6200000e+02   8.6025000e+02   8.4664131e-05
   8.6300000e+02   8.6050000e+02   8.5413367e-05
   8.6400000e+02   8.6075000e+02   8.5668070e-05
   8.6500000e+02   8.6100000e+02   9.1504912e-05
   8.6600000e+02   8.6125000e+02   9.3813228e-05
   8.6700000e+02   8.6150000e+02   9.2907650e-05
   8.6800000e+02   8.6175000e+02   9.7967228e-05
   8.6900000e+02   8.6200000e+02   1.0129705e-04
   8.7000000e+02   8.6225000e+02   1.0016424e-04
   8.7100000e+02   8.6250000e+02   1.0422358e-04
   8.7200000e+02   8.6275000e+02   1.0919236e-04
   8.7300000e+02   8.6300000e+02   1.0922586e-04
   8.7400000e+02   8.6325000e+02   1.1055300e-04
   8.7500000e+02   8.6350000e+02   1.1640611e-04
   8.7600000e+02   8.6375000e+02   1.1892761e-04
   8.7700000e+02   8.6400000e+02   1.1916359e-04
   8.7800000e+02   8.6425000e+02   1.2339197e-04
   8.7900000e+02   8.6450000e+02   1.2761621e-04
   8.8000000e+02   8.6475000e+02   1.2906944e-04
   8.8100000e+02   8.6500000e+02   1.3301863e-04
   8.8200000e+02   8.6525000e+02   1.3585633e-04
   8.8300000e+02   8.6550000e+02   1.3838591e-04
   8.8400000e+02   8.6575000e+02   1.4262511e-04
   8.8500000e+02   8.6600000e+02   1.4441490e-04
   8.8600000e+02   8.6625000e+02   1.4598261e-04
   8.8700000e+02   8.6650000e+02   1.5069823e-04
   8.8800000e+02   8.6675000e+02   1.5310736e-04
   8.8900000e+02   8.6700000e+02   1.5228435e-04
   8.9000000e+02   8.6725000e+02   1.5590241e-04
   8.9100000e+02   8.6750000e+02   1.6062552e-04
   8.9200000e+02   8.6775000e+02   1.5912567e-04
   8.9300000e+02   8.6800000e+02   1.6040409e-04
   8.9400000e+02   8.6825000e+02   1.6567668e-04
   8.9500000e+02   8.6850000e+02   1.6380074e-04
   8.9600000e+02   8.6875000e+02   1.6410601e-04
   8.9700000e+02   8.6900000e+02   1.6859073e-04
   8.9800000e+02   8.6925000e+02   1.6751095e-04
   8.9900000e+02   8.6950000e+02   1.6630073e-04
   9.0000000e+02   8.6975000e+02   1.6995825e-04
   9.0100000e+02   8.7000000e+02   1.6904298e-04
   9.0200000e+02   8.7025000e+02   1.6761645e-04
   9.0300000e+02   8.7050000e+02   1.6939228e-04
   9.0400000e+02   8.7075000e+02   1.6898712e-04
   9.0500000e+02   8.7100000e+02   1.6732619e-04
   9.0600000e+02   8.7125000e+02   1.6773418e-04
   9.0700000e+02   8.7150000e+02   1.6723433e-04
   9.0800000e+02   8.7175000e+02   1.6597530e-04
   9.0900000e+02   8.7200000e+02   1.6395485e-04
   9.1000000e+02   8.7225000e+02   1.6359745e-04
   9.1100000e+02   8.7250000e+02   1.6411445e-04
   9.1200000e+02   8.7275000e+02   1.6177925e-04
   9.1300000e+02   8.7300000e+02   1.5873329e-04
   9.1400000e+02   8.7325000e+02   1.5958838e-04
   9.1500000e+02   8.7350000e+02   1.5931556e-04
   9.1600000e+02   8.7375000e+02   1.5679442e-04
   9.1700000e+02   8.7400000e+02   1.5350142e-04
   9.1800000e+02   8.7425000e+02   1.5345050e-04
   9.1900000e+02   8.7450000e+02   1.5361165e-04
   9.2000000e+02   8.7475000e+02   1.5034072e-04
   9.2100000e+02   8.7500000e+02   1.4749815e-04
   9.2200000e+02   8.7525000e+02   1.4638106e-04
   9.2300000e+02   8.7550000e+02   1.4572273e-04
   9.2400000e+02   8.7575000e+02   1.4172613e-04
   9.2500000e+02   8.7600000e+02   1.3808280e-04
   9.2600000e+02   8.7625000e+02   1.3811382e-04
   9.2700000e+02   8.7650000e+02   1.3241945e-04
   9.2800000e+02   8.7675000e+02   1.3125339e-04
   9.2900000e+02   8.7700000e+02   1.2669049e-04
   9.3000000e+02   8.7725000e+02   1.2969842e-04
   9.3100000e+02   8.7750000e+02   1.3540301e-04
   9.3200000e+02   8.7775000e+02   1.5389380e-04
   9.3300000e+02   8.7800000e+02   1.8743420e-04
   9.3400000e+02   8.7825000e+02   2.5929236e-04
   9.3500000e+02   8.7850000e+02   4.0998882e-04
   9.3600000e+02   8.7875000e+02   7.0500379e-04
   9.3700000e+02   8.7900000e+02   7.7390443e-04
   9.3800000e+02   8.7925000e+02   4.1419217e-04
   9.3900000e+02   8.7950000e+02   1.6577276e-04
   9.4000000e+02   8.7975000e+02   1.1745646e-04
   9.4100000e+02   8.8000000e+02   1.1261552e-04
   9.4200000e+02   8.8025000e+02   1.2627525e-04
   9.4300000e+02   8.8050000e+02   1.4546308e-04
   9.4400000e+02   8.8075000e+02   1.6282914e-04
   9.4500000e+02   8.8100000e+02   1.8395166e-04
   9.4600000e+02   8.8125000e+02   2.0228286e-04
   9.4700000e+02   8.8150000e+02   2.0313702e-04
   9.4800000e+02   8.8175000e+02   1.9919086e-04
   9.4900000e+02   8.8200000e+02   2.0428150e-04
   9.5000000e+02   8.8225000e+02   2.1113616e-04
   9.5100000e+02   8.8250000e+02   2.1282916e-04
   9.5200000e+02   8.8275000e+02   2.1637890e-04
   9.5300000e+02   8.8300000e+02   2.2141384e-04
   9.5400000e+02   8.8325000e+02   2.2682871e-04
   9.5500000e+02   8.8350000e+02   2.3026083e-04
   9.5600000e+02   8.8375000e+02   2.3344104e-04
   9.5700000e+02   8.8400000e+02   2.3875343e-04
   9.5800000e+02   8.8425000e+02   2.4391590e-04
   9.5900000e+02   8.8450000e+02   2.4647951e-04
   9.6000000e+02   8.8475000e+02   2.5149104e-04
   9.6100000e+02   8.8500000e+02   2.5874259e-04
   9.6200000e+02   8.8525000e+02   2.7942887e-04
   9.6300000e+02   8.8550000e+02   2.8906150e-04
   9.6400000e+02   8.8575000e+02   2.7077501e-04
   9.6500000e+02   8.8600000e+02   2.6372721e-04
   9.6600000e+02   8.8625000e+02   2.6366868e-04
   9.6700000e+02   8.8650000e+02   2.5667452e-04
   9.6800000e+02   8.8675000e+02   2.5218694e-04
   9.6900000e+02   8.8700000e+02   2.5496963e-04
   9.7000000e+02   8.8725000e+02   2.5710078e-04
   9.7100000e+02   8.8750000e+02   2.6100994e-04
   9.7200000e+02   8.8775000e+02   2.6865480e-04
   9.7300000e+02   8.8800000e+02   2.7286218e-04
   9.7400000e+02   8.8825000e+02   2.7282848e-04
   9.7500000e+02   8.8850000e+02   2.7469814e-04
   9.7600000e+02   8.8875000e+02   2.7714235e-04
   9.7700000e+02   8.8900000e+02   2.7645894e-04
   9.7800000e+02   8.8925000e+02   2.7578433e-04
   9.7900000e+02   8.8950000e+02   2.7573971e-04
   9.8000000e+02   8.8975000e+02   2.7442845e-04
   9.8100000e+02   8.9000000e+02   2.7345290e-04
   9.8200000e+02   8.9025000e+02   2.7043067e-04
   9.8300000e+02   8.9050000e+02   2.6773878e-04
   9.8400000e+02   8.9075000e+02   2.6720083e-04
   9.8500000e+02   8.9100000e+02   2.6100088e-04
   9.8600000e+02   8.9125000e+02   2.5619013e-04
   9.8700000e+02   8.9150000e+02   2.5765780e-04
   9.8800000e+02   8.9175000e+02   2.5024088e-04
   9.8900000e+02   8.9200000e+02   2.4236112e-04
   9.9000000e+02   8.9225000e+02   2.4344419e-04
   9.9100000e+02   8.9250000e+02   2.3543095e-04
   9.9200000e+02   8.9275000e+02   2.2610681e-04
   9.9300000e+02   8.9300000e+02   2.2472460e-04
   9.9400000e+02   8.9325000e+02   2.1646499e-04
   9.9500000e+02   8.9350000e+02   2.0849141e-04
   9.9600000e+02   8.9375000e+02   2.0710471e-04
   9.9700000e+02   8.9400000e+02   1.9857027e-04
   9.9800000e+02   8.9425000e+02   1.9537749e-04
   9.9900000e+02   8.9450000e+02   1.9878785e-04
   1.0000000e+03   8.9475000e+02   2.0198532e-04
   1.0010000e+03   8.9500000e+02   2.1905050e-04
   1.0020000e+03   8.9525000e+02   2.4161331e-04
   1.0030000e+03   8.9550000e+02   2.7956714e-04
   1.0040000e+03   8.9575000e+02   3.4474693e-04
   1.0050000e+03   8.9600000e+02   4.4211418e-04
   1.0060000e+03   8.9625000e+02   4.5585284e-04
   1.0070000e+03   8.9650000e+02   2.9636949e-04
   1.0080000e+03   8.9675000e+02   1.6100896e-04
   1.0090000e+03   8.9700000e+02   1.3755958e-04
   1.0100000e+03   8.9725000e+02   1.3080180e-04
   1.0110000e+03   8.9750000e+02   1.3450217e-04
   1.0120000e+03   8.9775000e+02   1.5279828e-04
   1.0130000e+03   8.9800000e+02   1.6363606e-04
   1.0140000e+03   8.9825000e+02   1.6077555e-04
   1.0150000e+03   8.9850000e+02   1.5416204e-04
   1.0160000e+03   8.9875000e+02   1.4750286e-04
   1.0170000e+03   8.9900000e+02   1.4594508e-04
   1.0180000e+03   8.9925000e+02   1.4282148e-04
   1.0190000e+03   8.9950000e+02   1.3951364e-04
   1.0200000e+03   8.9975000e+02   1.3663826e-04
   1.0210000e+03   9.0000000e+02   1.3358586e-04
   1.0220000e+03   9.0025000e+02   1.3302465e-04
   1.0230000e+03   9.0050000e+02   1.2919690e-04
   1.0240000e+03   9.0075000e+02   1.2707409e-04
   1.0250000e+03   9.0100000e+02   1.2699494e-04
   1.0260000e+03   9.0125000e+02   1.2383126e-04
   1.0270000e+03   9.0150000e+02   1.2331709e-04
   1.0280000e+03   9.0175000e+02   1.2140072e-04
   1.0290000e+03   9.0200000e+02   1.2037805e-04
   1.0300000e+03   9.0225000e+02   1.2180266e-04
   1.0310000e+03   9.0250000e+02   1.2143172e-04
   1.0320000e+03   9.0275000e+02   1.2190185e-04
   1.0330000e+03   9.0300000e+02   1.2247087e-04
   1.0340000e+03   9.0325000e+02   1.2336802e-04
   1.0350000e+03   9.0350000e+02   1.2542392e-04
   1.0360000e+03   9.0375000e+02   1.2454664e-04
   1.0370000e+03   9.0400000e+02   1.2579190e-04
   1.0380000e+03   9.0425000e+02   1.2786544e-04
   1.0390000e+03   9.0450000e+02   1.2702089e-04
   1.0400000e+03   9.0475000e+02   1.2067016e-04
   1.0410000e+03   9.0500000e+02   1.1689559e-04
   1.0420000e+03   9.0525000e+02   1.1965942e-04
   1.0430000e+03   9.0550000e+02   1.2135471e-04
   1.0440000e+03   9.0575000e+02   1.2110059e-04
   1.0450000e+03   9.0600000e+02   1.2137176e-04
   1.0460000e+03   9.0625000e+02   1.2104342e-04
   1.0470000e+03   9.0650000e+02   1.2090550e-04
   1.0480000e+03   9.0675000e+02   1.2143888e-04
   1.0490000e+03   9.0700000e+02   1.1952492e-04
   1.0500000e+03   9.0725000e+02   1.2019450e-04
   1.0510000e+03   9.0750000e+02   1.2253217e-04
   1.0520000e+03   9.0775000e+02   1.1935466e-04
   1.0530000e+03   9.0800000e+02   1.1868415e-04
   1.0540000e+03   9.0825000e+02   1.1991310e-04
   1.0550000e+03   9.0850000e+02   1.1684497e-04
   1.0560000e+03   9.0875000e+02   1.1752816e-04
   1.0570000e+03   9.0900000e+02   1.1683602e-04
   1.0580000e+03   9.0925000e+02   1.1288673e-04
   1.0590000e+03   9.0950000e+02   1.1437306e-04
   1.0600000e+03   9.0975000e+02   1.1294418e-04
   1.0610000e+03   9.1000000e+02   1.0851632e-04
   1.0620000e+03   9.1025000e+02   1.0843068e-04
   1.0630000e+03   9.1050000e+02   1.0696721e-04
   1.0640000e+03   9.1075000e+02   1.0433412e-04
   1.0650000e+03   9.1100000e+02   1.0241535e-04
   1.0660000e+03   9.1125000e+02   1.0119844e-04
   1.0670000e+03   9.1150000e+02   9.8999040e-05
   1.0680000e+03   9.1175000e+02   9.6400071e-05
   1.0690000e+03   9.1200000e+02   9.5915811e-05
   1.0700000e+03   9.1225000e+02   9.2630695e-05
   1.0710000e+03   9.1250000e+02   8.8716247e-05
   1.0720000e+03   9.1275000e+02   8.8698412e-05
   1.0730000e+03   9.1300000e+02   8.5377690e-05
   1.0740000e+03   9.1325000e+02   8.1527843e-05
   1.0750000e+03   9.1350000e+02   8.0688205e-05
   1.0760000e+03   9.1375000e+02   7.7557473e-05
   1.0770000e+03   9.1400000e+02   7.5128275e-05
   1.0780000e+03   9.1425000e+02   7.3339398e-05
   1.0790000e+03   9.1450000e+02   6.9913198e-05
   1.0800000e+03   9.1475000e+02   6.6295883e-05
   1.0810000e+03   9.1500000e+02   6.4668125e-05
   1.0820000e+03   9.1525000e+02   6.2998351e-05
   1.0830000e+03   9.1550000e+02   5.9248230e-05
   1.0840000e+03   9.1575000e+02   5.7280385e-05
   1.0850000e+03   9.1600000e+02   5.5735912e-05
   1.0860000e+03   9.1625000e+02   5.2184683e-05
   1.0870000e+03   9.1650000e+02   5.0512277e-05
   1.0880000e+03   9.1675000e+02   4.8045784e-05
   1.0890000e+03   9.1700000e+02   4.5644747e-05
   1.0900000e+03   9.1725000e+02   4.4265150e-05
   1.0910000e+03   9.1750000e+02   4.1252401e-05
   1.0920000e+03   9.1775000e+02   3.9696664e-05
   1.0930000e+03   9.1800000e+02   3.8073696e-05
   1.0940000e+03   9.1825000e+02   3.5874554e-05
   1.0950000e+03   9.1850000e+02   3.4100359e-05
   1.0960000e+03   9.1875000e+02   3.1900915e-05
   1.0970000e+03   9.1900000e+02   3.0767241e-05
   1.0980000e+03   9.1925000e+02   2.8817358e-05
   1.0990000e+03   9.1950000e+02   2.7134686e-05
   1.1000000e+03   9.1975000e+02   2.5965034e-05
   1.1010000e+03   9.2000000e+02   2.3932079e-05
   1.1020000e+03   9.2025000e+02   2.3599253e-05
   1.1030000e+03   9.2050000e+02   2.1941485e-05
   1.1040000e+03   9.2075000e+02   2.0321328e-05
   1.1050000e+03   9.2100000e+02   1.9734919e-05
   1.1060000e+03   9.2125000e+02   1.8389323e-05
   1.1070000e+03   9.2150000e+02   1.7324410e-05
   1.1080000e+03   9.2175000e+02   1.6275758e-05
   1.1090000e+03   9.2200000e+02   1.5423362e-05
