   2.5180000e+03   1.2742500e+03   1.5667995e-05
   2.5190000e+03   1.2745000e+03   1.7234527e-05
   2.5200000e+03   1.2747500e+03   2.0110493e-05
   2.5210000e+03   1.2750000e+03   2.0363612e-05
   2.5220000e+03   1.2752500e+03   1.9718187e-05
   2.5230000e+03   1.2755000e+03   2.0854956e-05
   2.5240000e+03   1.2757500e+03   2.2689266e-05
   2.5250000e+03   1.2760000e+03   2.3320208e-05
   2.5260000e+03   1.2762500e+03   2.3612693e-05
   2.5270000e+03   1.2765000e+03   2.4880222e-05
   2.5280000e+03   1.2767500e+03   2.6696530e-05
   2.5290000e+03   1.2770000e+03   2.7142793e-05
   2.5300000e+03   1.2772500e+03   2.6591739e-05
   2.5310000e+03   1.2775000e+03   2.8833535e-05
   2.5320000e+03   1.2777500e+03   3.2230599e-05
   2.5330000e+03   1.2780000e+03   3.2072394e-05
   2.5340000e+03   1.2782500e+03   3.2578146e-05
   2.5350000e+03   1.2785000e+03   3.5297634e-05
   2.5360000e+03   1.2787500e+03   3.6155448e-05
   2.5370000e+03   1.2790000e+03   3.7345918e-05
   2.5380000e+03   1.2792500e+03   3.9574054e-05
   2.5390000e+03   1.2795000e+03   4.3777376e-05
   2.5400000e+03   1.2797500e+03   4.3790962e-05
   2.5410000e+03   1.2800000e+03   4.3964935e-05
   2.5420000e+03   1.2802500e+03   4.6205016e-05
   2.5430000e+03   1.2805000e+03   4.4122766e-05
   2.5440000e+03   1.2807500e+03   4.3806395e-05
   2.5450000e+03   1.2810000e+03   4.7130661e-05
   2.5460000e+03   1.2812500e+03   5.2016768e-05
   2.5470000e+03   1.2815000e+03   5.2402100e-05
   2.5480000e+03   1.2817500e+03   5.2199458e-05
   2.5490000e+03   1.2820000e+03   5.3959774e-05
   2.5500000e+03   1.2822500e+03   5.7999896e-05
   2.5510000e+03   1.2825000e+03   5.9054049e-05
   2.5520000e+03   1.2827500e+03   5.9345724e-05
   2.5530000e+03   1.2830000e+03   6.0001442e-05
   2.5540000e+03   1.2832500e+03   6.3380252e-05
   2.5550000e+03   1.2835000e+03   6.5350632e-05
   2.5560000e+03   1.2837500e+03   6.5732196e-05
   2.5570000e+03   1.2840000e+03   6.7686036e-05
   2.5580000e+03   1.2842500e+03   7.2966582e-05
   2.5590000e+03   1.2845000e+03   7.3532537e-05
   2.5600000e+03   1.2847500e+03   7.2824570e-05
   2.5610000e+03   1.2850000e+03   7.7140707e-05
   2.5620000e+03   1.2852500e+03   8.1652131e-05
   2.5630000e+03   1.2855000e+03   8.4006636e-05
   2.5640000e+03   1.2857500e+03   8.5877555e-05
   2.5650000e+03   1.2860000e+03   8.7684111e-05
   2.5660000e+03   1.2862500e+03   8.7809938e-05
   2.5670000e+03   1.2865000e+03   9.2213626e-05
   2.5680000e+03   1.2867500e+03   9.4859608e-05
   2.5690000e+03   1.2870000e+03   9.5302801e-05
   2.5700000e+03   1.2872500e+03   1.0055568e-04
   2.5710000e+03   1.2875000e+03   1.0441223e-04
   2.5720000e+03   1.2877500e+03   1.1030488e-04
   2.5730000e+03   1.2880000e+03   1.1547912e-04
   2.5740000e+03   1.2882500e+03   1.1318509e-04
   2.5750000e+03   1.2885000e+03   1.0682024e-04
   2.5760000e+03   1.2887500e+03   9.8746777e-05
   2.5770000e+03   1.2890000e+03   9.7149997e-05
   2.5780000e+03   1.2892500e+03   1.0870324e-04
   2.5790000e+03   1.2895000e+03   1.1381204e-04
   2.5800000e+03   1.2897500e+03   1.1652489e-04
   2.5810000e+03   1.2900000e+03   1.2034472e-04
   2.5820000e+03   1.2902500e+03   1.2602907e-04
   2.5830000e+03   1.2905000e+03   1.3216672e-04
   2.5840000e+03   1.2907500e+03   1.4074570e-04
   2.5850000e+03   1.2910000e+03   1.4060269e-04
   2.5860000e+03   1.2912500e+03   1.4210140e-04
   2.5870000e+03   1.2915000e+03   1.4971393e-04
   2.5880000e+03   1.2917500e+03   1.5142892e-04
   2.5890000e+03   1.2920000e+03   1.5166751e-04
   2.5900000e+03   1.2922500e+03   1.5799600e-04
   2.5910000e+03   1.2925000e+03   1.6259935e-04
   2.5920000e+03   1.2927500e+03   1.6362501e-04
   2.5930000e+03   1.2930000e+03   1.6386129e-04
   2.5940000e+03   1.2932500e+03   1.6506876e-04
   2.5950000e+03   1.2935000e+03   1.6328272e-04
   2.5960000e+03   1.2937500e+03   1.5675384e-04
   2.5970000e+03   1.2940000e+03   1.5849070e-04
   2.5980000e+03   1.2942500e+03   1.7155628e-04
   2.5990000e+03   1.2945000e+03   1.7188683e-04
   2.6000000e+03   1.2947500e+03   1.6791368e-04
   2.6010000e+03   1.2950000e+03   1.7283341e-04
   2.6020000e+03   1.2952500e+03   1.8031314e-04
   2.6030000e+03   1.2955000e+03   1.8017742e-04
   2.6040000e+03   1.2957500e+03   1.7686886e-04
   2.6050000e+03   1.2960000e+03   1.8083188e-04
   2.6060000e+03   1.2962500e+03   1.8326686e-04
   2.6070000e+03   1.2965000e+03   1.7796196e-04
   2.6080000e+03   1.2967500e+03   1.8241602e-04
   2.6090000e+03   1.2970000e+03   1.8752141e-04
   2.6100000e+03   1.2972500e+03   1.8308543e-04
   2.6110000e+03   1.2975000e+03   1.8296621e-04
   2.6120000e+03   1.2977500e+03   1.8794417e-04
   2.6130000e+03   1.2980000e+03   1.8670217e-04
   2.6140000e+03   1.2982500e+03   1.8177909e-04
   2.6150000e+03   1.2985000e+03   1.8684360e-04
   2.6160000e+03   1.2987500e+03   1.8913596e-04
   2.6170000e+03   1.2990000e+03   1.9341184e-04
   2.6180000e+03   1.2992500e+03   1.9560230e-04
   2.6190000e+03   1.2995000e+03   1.9469087e-04
   2.6200000e+03   1.2997500e+03   1.9101462e-04
   2.6210000e+03   1.3000000e+03   1.8616948e-04
   2.6220000e+03   1.3002500e+03   1.9742835e-04
   2.6230000e+03   1.3005000e+03   2.0209163e-04
   2.6240000e+03   1.3007500e+03   2.0629267e-04
   2.6250000e+03   1.3010000e+03   2.1053713e-04
   2.6260000e+03   1.3012500e+03   2.1835759e-04
   2.6270000e+03   1.3015000e+03   2.2916672e-04
   2.6280000e+03   1.3017500e+03   2.4878673e-04
   2.6290000e+03   1.3020000e+03   2.6953333e-04
   2.6300000e+03   1.3022500e+03   2.9997514e-04
   2.6310000e+03   1.3025000e+03   3.4048496e-04
   2.6320000e+03   1.3027500e+03   3.3525773e-04
   2.6330000e+03   1.3030000e+03   2.4296576e-04
   2.6340000e+03   1.3032500e+03   1.7938765e-04
   2.6350000e+03   1.3035000e+03   1.5526919e-04
   2.6360000e+03   1.3037500e+03   1.9161150e-04
   2.6370000e+03   1.3040000e+03   2.1510000e-04
   2.6380000e+03   1.3042500e+03   2.3471306e-04
   2.6390000e+03   1.3045000e+03   2.4307458e-04
   2.6400000e+03   1.3047500e+03   2.6000469e-04
   2.6410000e+03   1.3050000e+03   2.7439077e-04
   2.6420000e+03   1.3052500e+03   2.8933210e-04
   2.6430000e+03   1.3055000e+03   3.0740002e-04
   2.6440000e+03   1.3057500e+03   2.8323158e-04
   2.6450000e+03   1.3060000e+03   2.7334809e-04
   2.6460000e+03   1.3062500e+03   2.6831256e-04
   2.6470000e+03   1.3065000e+03   2.8030636e-04
   2.6480000e+03   1.3067500e+03   2.9553519e-04
   2.6490000e+03   1.3070000e+03   2.9905990e-04
   2.6500000e+03   1.3072500e+03   3.1274696e-04
   2.6510000e+03   1.3075000e+03   3.1914283e-04
   2.6520000e+03   1.3077500e+03   3.3968929e-04
   2.6530000e+03   1.3080000e+03   3.4426870e-04
   2.6540000e+03   1.3082500e+03   3.5624039e-04
   2.6550000e+03   1.3085000e+03   3.7456989e-04
   2.6560000e+03   1.3087500e+03   3.8736212e-04
   2.6570000e+03   1.3090000e+03   3.8694391e-04
   2.6580000e+03   1.3092500e+03   4.0097198e-04
   2.6590000e+03   1.3095000e+03   4.1777523e-04
   2.6600000e+03   1.3097500e+03   4.2824473e-04
   2.6610000e+03   1.3100000e+03   4.3069180e-04
   2.6620000e+03   1.3102500e+03   4.4775796e-04
   2.6630000e+03   1.3105000e+03   4.7397715e-04
   2.6640000e+03   1.3107500e+03   4.7122270e-04
   2.6650000e+03   1.3110000e+03   4.8351881e-04
   2.6660000e+03   1.3112500e+03   4.8591126e-04
   2.6670000e+03   1.3115000e+03   4.8452558e-04
   2.6680000e+03   1.3117500e+03   5.1118323e-04
   2.6690000e+03   1.3120000e+03   5.5215352e-04
   2.6700000e+03   1.3122500e+03   5.5498617e-04
   2.6710000e+03   1.3125000e+03   5.5928061e-04
   2.6720000e+03   1.3127500e+03   5.7480451e-04
   2.6730000e+03   1.3130000e+03   5.8027597e-04
   2.6740000e+03   1.3132500e+03   5.7970018e-04
   2.6750000e+03   1.3135000e+03   5.8828542e-04
   2.6760000e+03   1.3137500e+03   5.8667341e-04
   2.6770000e+03   1.3140000e+03   5.9002604e-04
   2.6780000e+03   1.3142500e+03   5.9965455e-04
   2.6790000e+03   1.3145000e+03   6.1116277e-04
   2.6800000e+03   1.3147500e+03   6.1296610e-04
   2.6810000e+03   1.3150000e+03   6.1988997e-04
   2.6820000e+03   1.3152500e+03   6.2295489e-04
   2.6830000e+03   1.3155000e+03   6.1973726e-04
   2.6840000e+03   1.3157500e+03   6.1639078e-04
   2.6850000e+03   1.3160000e+03   6.2662247e-04
   2.6860000e+03   1.3162500e+03   6.2568058e-04
   2.6870000e+03   1.3165000e+03   6.0619796e-04
   2.6880000e+03   1.3167500e+03   5.8589681e-04
   2.6890000e+03   1.3170000e+03   5.9664355e-04
   2.6900000e+03   1.3172500e+03   6.0580679e-04
   2.6910000e+03   1.3175000e+03   6.0600374e-04
   2.6920000e+03   1.3177500e+03   6.0433172e-04
   2.6930000e+03   1.3180000e+03   5.9026008e-04
   2.6940000e+03   1.3182500e+03   5.7610572e-04
   2.6950000e+03   1.3185000e+03   5.7437174e-04
   2.6960000e+03   1.3187500e+03   5.7077014e-04
   2.6970000e+03   1.3190000e+03   5.5916378e-04
   2.6980000e+03   1.3192500e+03   5.5516093e-04
   2.6990000e+03   1.3195000e+03   5.4540591e-04
   2.7000000e+03   1.3197500e+03   5.2332727e-04
   2.7010000e+03   1.3200000e+03   5.1527272e-04
   2.7020000e+03   1.3202500e+03   5.0998034e-04
   2.7030000e+03   1.3205000e+03   4.8854291e-04
   2.7040000e+03   1.3207500e+03   4.7663507e-04
   2.7050000e+03   1.3210000e+03   4.7423970e-04
   2.7060000e+03   1.3212500e+03   4.5566215e-04
   2.7070000e+03   1.3215000e+03   4.4213825e-04
   2.7080000e+03   1.3217500e+03   4.3045538e-04
   2.7090000e+03   1.3220000e+03   3.8359153e-04
   2.7100000e+03   1.3222500e+03   3.6597644e-04
   2.7110000e+03   1.3225000e+03   3.9061390e-04
   2.7120000e+03   1.3227500e+03   3.7422310e-04
   2.7130000e+03   1.3230000e+03   3.6612317e-04
   2.7140000e+03   1.3232500e+03   3.7429491e-04
   2.7150000e+03   1.3235000e+03   3.6491560e-04
   2.7160000e+03   1.3237500e+03   3.3832136e-04
   2.7170000e+03   1.3240000e+03   3.1882505e-04
   2.7180000e+03   1.3242500e+03   3.2235822e-04
   2.7190000e+03   1.3245000e+03   3.6264835e-04
   2.7200000e+03   1.3247500e+03   4.7219948e-04
   2.7210000e+03   1.3250000e+03   5.9675948e-04
   2.7220000e+03   1.3252500e+03   7.3751035e-04
   2.7230000e+03   1.3255000e+03   1.0091891e-03
   2.7240000e+03   1.3257500e+03   1.4016384e-03
   2.7250000e+03   1.3260000e+03   1.3690726e-03
   2.7260000e+03   1.3262500e+03   7.3621486e-04
   2.7270000e+03   1.3265000e+03   2.6935963e-04
   2.7280000e+03   1.3267500e+03   1.5863023e-04
   2.7290000e+03   1.3270000e+03   1.4849794e-04
   2.7300000e+03   1.3272500e+03   1.8150235e-04
   2.7310000e+03   1.3275000e+03   2.3456741e-04
   2.7320000e+03   1.3277500e+03   2.8773436e-04
   2.7330000e+03   1.3280000e+03   3.2043470e-04
   2.7340000e+03   1.3282500e+03   3.0901361e-04
   2.7350000e+03   1.3285000e+03   2.9691532e-04
   2.7360000e+03   1.3287500e+03   2.9703070e-04
   2.7370000e+03   1.3290000e+03   2.9717207e-04
   2.7380000e+03   1.3292500e+03   2.9847201e-04
   2.7390000e+03   1.3295000e+03   3.0012585e-04
   2.7400000e+03   1.3297500e+03   3.0146352e-04
   2.7410000e+03   1.3300000e+03   3.0467273e-04
   2.7420000e+03   1.3302500e+03   3.1083880e-04
   2.7430000e+03   1.3305000e+03   3.1567332e-04
   2.7440000e+03   1.3307500e+03   3.1921979e-04
   2.7450000e+03   1.3310000e+03   3.2409421e-04
   2.7460000e+03   1.3312500e+03   3.2996512e-04
   2.7470000e+03   1.3315000e+03   3.3208053e-04
   2.7480000e+03   1.3317500e+03   3.2844782e-04
   2.7490000e+03   1.3320000e+03   3.0589044e-04
   2.7500000e+03   1.3322500e+03   3.0951158e-04
   2.7510000e+03   1.3325000e+03   6.5470652e-04
   2.7520000e+03   1.3327500e+03   3.8217351e-04
   2.7530000e+03   1.3330000e+03   3.8380148e-04
   2.7540000e+03   1.3332500e+03   3.8029095e-04
   2.7550000e+03   1.3335000e+03   3.8562770e-04
   2.7560000e+03   1.3337500e+03   3.9358427e-04
   2.7570000e+03   1.3340000e+03   4.0426627e-04
   2.7580000e+03   1.3342500e+03   4.0776556e-04
   2.7590000e+03   1.3345000e+03   4.1207507e-04
   2.7600000e+03   1.3347500e+03   4.1832779e-04
   2.7610000e+03   1.3350000e+03   4.2297029e-04
   2.7620000e+03   1.3352500e+03   4.2525346e-04
   2.7630000e+03   1.3355000e+03   4.2791022e-04
   2.7640000e+03   1.3357500e+03   4.3228290e-04
   2.7650000e+03   1.3360000e+03   4.3290869e-04
   2.7660000e+03   1.3362500e+03   4.3206661e-04
   2.7670000e+03   1.3365000e+03   4.3764426e-04
   2.7680000e+03   1.3367500e+03   4.6259524e-04
   2.7690000e+03   1.3370000e+03   5.0239330e-04
   2.7700000e+03   1.3372500e+03   4.5467182e-04
   2.7710000e+03   1.3375000e+03   4.2463328e-04
   2.7720000e+03   1.3377500e+03   4.3566988e-04
   2.7730000e+03   1.3380000e+03   4.2703859e-04
   2.7740000e+03   1.3382500e+03   4.1341403e-04
   2.7750000e+03   1.3385000e+03   4.1486460e-04
   2.7760000e+03   1.3387500e+03   4.0244163e-04
   2.7770000e+03   1.3390000e+03   3.9964477e-04
   2.7780000e+03   1.3392500e+03   3.9968075e-04
   2.7790000e+03   1.3395000e+03   3.8721367e-04
   2.7800000e+03   1.3397500e+03   3.8755674e-04
   2.7810000e+03   1.3400000e+03   3.7607035e-04
   2.7820000e+03   1.3402500e+03   3.4935250e-04
   2.7830000e+03   1.3405000e+03   3.3740906e-04
   2.7840000e+03   1.3407500e+03   3.2351955e-04
   2.7850000e+03   1.3410000e+03   3.2814066e-04
   2.7860000e+03   1.3412500e+03   3.3488794e-04
   2.7870000e+03   1.3415000e+03   3.3263340e-04
   2.7880000e+03   1.3417500e+03   3.3275754e-04
   2.7890000e+03   1.3420000e+03   3.0465155e-04
   2.7900000e+03   1.3422500e+03   2.9051092e-04
   2.7910000e+03   1.3425000e+03   3.0190651e-04
   2.7920000e+03   1.3427500e+03   3.1815189e-04
   2.7930000e+03   1.3430000e+03   3.2627140e-04
   2.7940000e+03   1.3432500e+03   2.9484489e-04
   2.7950000e+03   1.3435000e+03   2.5959410e-04
   2.7960000e+03   1.3437500e+03   2.3418752e-04
   2.7970000e+03   1.3440000e+03   2.0518998e-04
   2.7980000e+03   1.3442500e+03   1.8467553e-04
   2.7990000e+03   1.3445000e+03   1.7761168e-04
   2.8000000e+03   1.3447500e+03   1.6379658e-04
   2.8010000e+03   1.3450000e+03   1.5715501e-04
   2.8020000e+03   1.3452500e+03   1.4636237e-04
   2.8030000e+03   1.3455000e+03   1.3685338e-04
   2.8040000e+03   1.3457500e+03   1.2796560e-04
   2.8050000e+03   1.3460000e+03   1.1901643e-04
   2.8060000e+03   1.3462500e+03   1.1591852e-04
   2.8070000e+03   1.3465000e+03   1.0762664e-04
   2.8080000e+03   1.3467500e+03   9.6383875e-05
   2.8090000e+03   1.3470000e+03   9.4369843e-05
   2.8100000e+03   1.3472500e+03   8.5924852e-05
   2.8110000e+03   1.3475000e+03   8.0287363e-05
   2.8120000e+03   1.3477500e+03   7.6825564e-05
   2.8130000e+03   1.3480000e+03   7.0086450e-05
   2.8140000e+03   1.3482500e+03   6.7940318e-05
   2.8150000e+03   1.3485000e+03   6.3448804e-05
   2.8160000e+03   1.3487500e+03   6.1563131e-05
   2.8170000e+03   1.3490000e+03   5.9242122e-05
   2.8180000e+03   1.3492500e+03   5.3826565e-05
   2.8190000e+03   1.3495000e+03   5.2350065e-05
   2.8200000e+03   1.3497500e+03   4.9039481e-05
   2.8210000e+03   1.3500000e+03   4.6061270e-05
   2.8220000e+03   1.3502500e+03   4.5007496e-05
   2.8230000e+03   1.3505000e+03   4.2204404e-05
   2.8240000e+03   1.3507500e+03   3.7421097e-05
   2.8250000e+03   1.3510000e+03   3.6938149e-05
   2.8260000e+03   1.3512500e+03   3.6696945e-05
   2.8270000e+03   1.3515000e+03   3.4298914e-05
   2.8280000e+03   1.3517500e+03   3.2149799e-05
   2.8290000e+03   1.3520000e+03   3.0277503e-05
   2.8300000e+03   1.3522500e+03   2.8603919e-05
   2.8310000e+03   1.3525000e+03   2.6534559e-05
   2.8320000e+03   1.3527500e+03   2.4656119e-05
   2.8330000e+03   1.3530000e+03   2.3894630e-05
   2.8340000e+03   1.3532500e+03   2.1743972e-05
   2.8350000e+03   1.3535000e+03   2.0752189e-05
   2.8360000e+03   1.3537500e+03   1.9285604e-05
   2.8370000e+03   1.3540000e+03   1.8608620e-05
   2.8380000e+03   1.3542500e+03   1.7597693e-05
   2.8390000e+03   1.3545000e+03   1.5988570e-05
   4.1060000e+03   1.6712500e+03   1.5784054e-05
   4.1070000e+03   1.6715000e+03   1.7056978e-05
   4.1080000e+03   1.6717500e+03   1.7574430e-05
   4.1090000e+03   1.6720000e+03   1.8040312e-05
   4.1100000e+03   1.6722500e+03   1.8704939e-05
   4.1110000e+03   1.6725000e+03   2.0647408e-05
   4.1120000e+03   1.6727500e+03   2.1694736e-05
   4.1130000e+03   1.6730000e+03   2.1909492e-05
   4.1140000e+03   1.6732500e+03   2.2170122e-05
   4.1150000e+03   1.6735000e+03   2.3842573e-05
   4.1160000e+03   1.6737500e+03   2.6315903e-05
   4.1170000e+03   1.6740000e+03   2.6466613e-05
   4.1180000e+03   1.6742500e+03   2.6357274e-05
   4.1190000e+03   1.6745000e+03   2.8456212e-05
   4.1200000e+03   1.6747500e+03   3.1119363e-05
   4.1210000e+03   1.6750000e+03   3.1802019e-05
   4.1220000e+03   1.6752500e+03   3.2465155e-05
   4.1230000e+03   1.6755000e+03   3.3864259e-05
   4.1240000e+03   1.6757500e+03   3.6697616e-05
   4.1250000e+03   1.6760000e+03   3.7276972e-05
   4.1260000e+03   1.6762500e+03   3.8976676e-05
   4.1270000e+03   1.6765000e+03   4.0870426e-05
   4.1280000e+03   1.6767500e+03   4.4283708e-05
   4.1290000e+03   1.6770000e+03   4.4115343e-05
   4.1300000e+03   1.6772500e+03   4.5725036e-05
   4.1310000e+03   1.6775000e+03   4.9303206e-05
   4.1320000e+03   1.6777500e+03   5.3884089e-05
   4.1330000e+03   1.6780000e+03   5.1998793e-05
   4.1340000e+03   1.6782500e+03   5.4247065e-05
   4.1350000e+03   1.6785000e+03   5.9037239e-05
   4.1360000e+03   1.6787500e+03   6.3270273e-05
   4.1370000e+03   1.6790000e+03   6.2871255e-05
   4.1380000e+03   1.6792500e+03   6.4822148e-05
   4.1390000e+03   1.6795000e+03   6.8740587e-05
   4.1400000e+03   1.6797500e+03   7.5013503e-05
   4.1410000e+03   1.6800000e+03   7.6136344e-05
   4.1420000e+03   1.6802500e+03   7.7162218e-05
   4.1430000e+03   1.6805000e+03   7.9015749e-05
   4.1440000e+03   1.6807500e+03   8.7369656e-05
   4.1450000e+03   1.6810000e+03   8.9682206e-05
   4.1460000e+03   1.6812500e+03   9.0119803e-05
   4.1470000e+03   1.6815000e+03   9.2659427e-05
   4.1480000e+03   1.6817500e+03   1.0047087e-04
   4.1490000e+03   1.6820000e+03   1.0624194e-04
   4.1500000e+03   1.6822500e+03   1.0696563e-04
   4.1510000e+03   1.6825000e+03   1.0638391e-04
   4.1520000e+03   1.6827500e+03   1.1622931e-04
   4.1530000e+03   1.6830000e+03   1.2464845e-04
   4.1540000e+03   1.6832500e+03   1.2486712e-04
   4.1550000e+03   1.6835000e+03   1.2486717e-04
   4.1560000e+03   1.6837500e+03   1.3572186e-04
   4.1570000e+03   1.6840000e+03   1.4194953e-04
   4.1580000e+03   1.6842500e+03   1.4331752e-04
   4.1590000e+03   1.6845000e+03   1.4911552e-04
   4.1600000e+03   1.6847500e+03   1.5835209e-04
   4.1610000e+03   1.6850000e+03   1.5986259e-04
   4.1620000e+03   1.6852500e+03   1.6321817e-04
   4.1630000e+03   1.6855000e+03   1.7408774e-04
   4.1640000e+03   1.6857500e+03   1.8375457e-04
   4.1650000e+03   1.6860000e+03   1.8207753e-04
   4.1660000e+03   1.6862500e+03   1.8312551e-04
   4.1670000e+03   1.6865000e+03   1.9983655e-04
   4.1680000e+03   1.6867500e+03   2.1117755e-04
   4.1690000e+03   1.6870000e+03   2.0746326e-04
   4.1700000e+03   1.6872500e+03   2.0846234e-04
   4.1710000e+03   1.6875000e+03   2.2639308e-04
   4.1720000e+03   1.6877500e+03   2.4028334e-04
   4.1730000e+03   1.6880000e+03   2.3466704e-04
   4.1740000e+03   1.6882500e+03   2.3599496e-04
   4.1750000e+03   1.6885000e+03   2.5509965e-04
   4.1760000e+03   1.6887500e+03   2.6843120e-04
   4.1770000e+03   1.6890000e+03   2.6337323e-04
   4.1780000e+03   1.6892500e+03   2.6761853e-04
   4.1790000e+03   1.6895000e+03   2.8466659e-04
   4.1800000e+03   1.6897500e+03   2.9497626e-04
   4.1810000e+03   1.6900000e+03   2.9627369e-04
   4.1820000e+03   1.6902500e+03   3.0174714e-04
   4.1830000e+03   1.6905000e+03   3.1040527e-04
   4.1840000e+03   1.6907500e+03   3.2258821e-04
   4.1850000e+03   1.6910000e+03   3.3149870e-04
   4.1860000e+03   1.6912500e+03   3.3006850e-04
   4.1870000e+03   1.6915000e+03   3.4035433e-04
   4.1880000e+03   1.6917500e+03   3.5596252e-04
   4.1890000e+03   1.6920000e+03   3.5877085e-04
   4.1900000e+03   1.6922500e+03   3.6377807e-04
   4.1910000e+03   1.6925000e+03   3.7967761e-04
   4.1920000e+03   1.6927500e+03   3.8653564e-04
   4.1930000e+03   1.6930000e+03   3.8956337e-04
   4.1940000e+03   1.6932500e+03   4.0560279e-04
   4.1950000e+03   1.6935000e+03   4.2152791e-04
   4.1960000e+03   1.6937500e+03   4.2352756e-04
   4.1970000e+03   1.6940000e+03   4.2665010e-04
   4.1980000e+03   1.6942500e+03   4.4751774e-04
   4.1990000e+03   1.6945000e+03   4.6755424e-04
   4.2000000e+03   1.6947500e+03   4.6267187e-04
   4.2010000e+03   1.6950000e+03   4.6193298e-04
   4.2020000e+03   1.6952500e+03   4.9622556e-04
   4.2030000e+03   1.6955000e+03   5.1149889e-04
   4.2040000e+03   1.6957500e+03   4.9154350e-04
   4.2050000e+03   1.6960000e+03   5.0166257e-04
   4.2060000e+03   1.6962500e+03   5.3745633e-04
   4.2070000e+03   1.6965000e+03   5.3583004e-04
   4.2080000e+03   1.6967500e+03   5.1665883e-04
   4.2090000e+03   1.6970000e+03   5.3681233e-04
   4.2100000e+03   1.6972500e+03   5.6534636e-04
   4.2110000e+03   1.6975000e+03   5.5372401e-04
   4.2120000e+03   1.6977500e+03   5.4420535e-04
   4.2130000e+03   1.6980000e+03   5.7487057e-04
   4.2140000e+03   1.6982500e+03   5.8469578e-04
   4.2150000e+03   1.6985000e+03   5.6218124e-04
   4.2160000e+03   1.6987500e+03   5.7179115e-04
   4.2170000e+03   1.6990000e+03   5.9992517e-04
   4.2180000e+03   1.6992500e+03   5.8277679e-04
   4.2190000e+03   1.6995000e+03   5.6979968e-04
   4.2200000e+03   1.6997500e+03   5.9604281e-04
   4.2210000e+03   1.7000000e+03   6.0213107e-04
   4.2220000e+03   1.7002500e+03   5.7841225e-04
   4.2230000e+03   1.7005000e+03   5.8269535e-04
   4.2240000e+03   1.7007500e+03   6.0369310e-04
   4.2250000e+03   1.7010000e+03   5.9228112e-04
   4.2260000e+03   1.7012500e+03   5.7211908e-04
   4.2270000e+03   1.7015000e+03   5.8732930e-04
   4.2280000e+03   1.7017500e+03   5.9979275e-04
   4.2290000e+03   1.7020000e+03   5.7810151e-04
   4.2300000e+03   1.7022500e+03   5.6779392e-04
   4.2310000e+03   1.7025000e+03   5.8991600e-04
   4.2320000e+03   1.7027500e+03   5.8660847e-04
   4.2330000e+03   1.7030000e+03   5.6588298e-04
   4.2340000e+03   1.7032500e+03   5.7796916e-04
   4.2350000e+03   1.7035000e+03   5.9278666e-04
   4.2360000e+03   1.7037500e+03   5.7316105e-04
   4.2370000e+03   1.7040000e+03   5.7213425e-04
   4.2380000e+03   1.7042500e+03   5.8991844e-04
   4.2390000e+03   1.7045000e+03   5.8742094e-04
   4.2400000e+03   1.7047500e+03   5.8860971e-04
   4.2410000e+03   1.7050000e+03   5.9504828e-04
   4.2420000e+03   1.7052500e+03   6.0344639e-04
   4.2430000e+03   1.7055000e+03   6.1860179e-04
   4.2440000e+03   1.7057500e+03   6.0673426e-04
   4.2450000e+03   1.7060000e+03   6.2735819e-04
   4.2460000e+03   1.7062500e+03   6.2329548e-04
   4.2470000e+03   1.7065000e+03   6.2755782e-04
   4.2480000e+03   1.7067500e+03   6.2197506e-04
   4.2490000e+03   1.7070000e+03   6.1291490e-04
   4.2500000e+03   1.7072500e+03   6.0096677e-04
   4.2510000e+03   1.7075000e+03   5.6657989e-04
   4.2520000e+03   1.7077500e+03   5.3605886e-04
   4.2530000e+03   1.7080000e+03   4.7891007e-04
   4.2540000e+03   1.7082500e+03   4.1707880e-04
   4.2550000e+03   1.7085000e+03   3.3277395e-04
   4.2560000e+03   1.7087500e+03   2.4696350e-04
   4.2570000e+03   1.7090000e+03   1.5021124e-04
   4.2580000e+03   1.7092500e+03   7.4311386e-05
   4.2590000e+03   1.7095000e+03   3.3350577e-05
   4.2600000e+03   1.7097500e+03   7.7676404e-05
   4.2610000e+03   1.7100000e+03   2.5110420e-04
   4.2620000e+03   1.7102500e+03   5.7905775e-04
   4.2630000e+03   1.7105000e+03   8.0656061e-04
   4.2640000e+03   1.7107500e+03   8.1950617e-04
   4.2650000e+03   1.7110000e+03   8.9570878e-04
   4.2660000e+03   1.7112500e+03   1.0381582e-03
   4.2670000e+03   1.7115000e+03   1.0146245e-03
   4.2680000e+03   1.7117500e+03   8.6522291e-04
   4.2690000e+03   1.7120000e+03   7.4258305e-04
   4.2700000e+03   1.7122500e+03   6.5198152e-04
   4.2710000e+03   1.7125000e+03   6.0028905e-04
   4.2720000e+03   1.7127500e+03   5.8548428e-04
   4.2730000e+03   1.7130000e+03   5.7886744e-04
   4.2740000e+03   1.7132500e+03   5.7181394e-04
   4.2750000e+03   1.7135000e+03   5.7313069e-04
   4.2760000e+03   1.7137500e+03   5.7751331e-04
   4.2770000e+03   1.7140000e+03   5.7349405e-04
   4.2780000e+03   1.7142500e+03   5.6899002e-04
   4.2790000e+03   1.7145000e+03   5.8054485e-04
   4.2800000e+03   1.7147500e+03   5.8820697e-04
   4.2810000e+03   1.7150000e+03   5.8146117e-04
   4.2820000e+03   1.7152500e+03   5.9502634e-04
   4.2830000e+03   1.7155000e+03   6.1420499e-04
   4.2840000e+03   1.7157500e+03   6.0554672e-04
   4.2850000e+03   1.7160000e+03   6.1357044e-04
   4.2860000e+03   1.7162500e+03   6.4206605e-04
   4.2870000e+03   1.7165000e+03   6.3449481e-04
   4.2880000e+03   1.7167500e+03   6.3455270e-04
   4.2890000e+03   1.7170000e+03   6.6744836e-04
   4.2900000e+03   1.7172500e+03   6.7051639e-04
   4.2910000e+03   1.7175000e+03   6.6021268e-04
   4.2920000e+03   1.7177500e+03   6.8521205e-04
   4.2930000e+03   1.7180000e+03   6.9737138e-04
   4.2940000e+03   1.7182500e+03   6.8346449e-04
   4.2950000e+03   1.7185000e+03   6.9664900e-04
   4.2960000e+03   1.7187500e+03   7.1742849e-04
   4.2970000e+03   1.7190000e+03   7.0076985e-04
   4.2980000e+03   1.7192500e+03   7.0097438e-04
   4.2990000e+03   1.7195000e+03   7.3055212e-04
   4.3000000e+03   1.7197500e+03   7.1080883e-04
   4.3010000e+03   1.7200000e+03   6.9518159e-04
   4.3020000e+03   1.7202500e+03   7.3395838e-04
   4.3030000e+03   1.7205000e+03   7.1415903e-04
   4.3040000e+03   1.7207500e+03   6.7508299e-04
   4.3050000e+03   1.7210000e+03   7.1740094e-04
   4.3060000e+03   1.7212500e+03   7.1182195e-04
   4.3070000e+03   1.7215000e+03   6.5670305e-04
   4.3080000e+03   1.7217500e+03   6.8450812e-04
   4.3090000e+03   1.7220000e+03   6.9681891e-04
   4.3100000e+03   1.7222500e+03   6.4437398e-04
   4.3110000e+03   1.7225000e+03   6.4453448e-04
   4.3120000e+03   1.7227500e+03   6.6196565e-04
   4.3130000e+03   1.7230000e+03   6.1963899e-04
   4.3140000e+03   1.7232500e+03   6.0208294e-04
   4.3150000e+03   1.7235000e+03   6.1695229e-04
   4.3160000e+03   1.7237500e+03   5.8226152e-04
   4.3170000e+03   1.7240000e+03   5.5833045e-04
   4.3180000e+03   1.7242500e+03   5.7586432e-04
   4.3190000e+03   1.7245000e+03   5.3668803e-04
   4.3200000e+03   1.7247500e+03   5.0799928e-04
   4.3210000e+03   1.7250000e+03   5.3763831e-04
   4.3220000e+03   1.7252500e+03   5.0030151e-04
   4.3230000e+03   1.7255000e+03   4.6020707e-04
   4.3240000e+03   1.7257500e+03   4.9357208e-04
   4.3250000e+03   1.7260000e+03   4.7220647e-04
   4.3260000e+03   1.7262500e+03   4.2447062e-04
   4.3270000e+03   1.7265000e+03   4.4811164e-04
   4.3280000e+03   1.7267500e+03   4.3964161e-04
   4.3290000e+03   1.7270000e+03   3.9628274e-04
   4.3300000e+03   1.7272500e+03   4.0862373e-04
   4.3310000e+03   1.7275000e+03   4.0287772e-04
   4.3320000e+03   1.7277500e+03   3.6492294e-04
   4.3330000e+03   1.7280000e+03   3.7398858e-04
   4.3340000e+03   1.7282500e+03   3.6451653e-04
   4.3350000e+03   1.7285000e+03   3.2656248e-04
   4.3360000e+03   1.7287500e+03   3.4097627e-04
   4.3370000e+03   1.7290000e+03   3.3105435e-04
   4.3380000e+03   1.7292500e+03   2.8692804e-04
   4.3390000e+03   1.7295000e+03   3.0342660e-04
   4.3400000e+03   1.7297500e+03   3.0198650e-04
   4.3410000e+03   1.7300000e+03   2.5592518e-04
   4.3420000e+03   1.7302500e+03   2.6418851e-04
   4.3430000e+03   1.7305000e+03   2.6951573e-04
   4.3440000e+03   1.7307500e+03   2.2859517e-04
   4.3450000e+03   1.7310000e+03   2.3009004e-04
   4.3460000e+03   1.7312500e+03   2.3113575e-04
   4.3470000e+03   1.7315000e+03   1.9751678e-04
   4.3480000e+03   1.7317500e+03   2.0324773e-04
   4.3490000e+03   1.7320000e+03   1.9940182e-04
   4.3500000e+03   1.7322500e+03   1.6707978e-04
   4.3510000e+03   1.7325000e+03   1.7781358e-04
   4.3520000e+03   1.7327500e+03   1.7091627e-04
   4.3530000e+03   1.7330000e+03   1.4024365e-04
   4.3540000e+03   1.7332500e+03   1.5525413e-04
   4.3550000e+03   1.7335000e+03   1.4613313e-04
   4.3560000e+03   1.7337500e+03   1.1897943e-04
   4.3570000e+03   1.7340000e+03   1.3353260e-04
   4.3580000e+03   1.7342500e+03   1.2497176e-04
   4.3590000e+03   1.7345000e+03   1.0221814e-04
   4.3600000e+03   1.7347500e+03   1.1505925e-04
   4.3610000e+03   1.7350000e+03   1.0314249e-04
   4.3620000e+03   1.7352500e+03   8.7092189e-05
   4.3630000e+03   1.7355000e+03   1.0151161e-04
   4.3640000e+03   1.7357500e+03   8.5957065e-05
   4.3650000e+03   1.7360000e+03   7.3860053e-05
   4.3660000e+03   1.7362500e+03   8.6197306e-05
   4.3670000e+03   1.7365000e+03   7.1095180e-05
   4.3680000e+03   1.7367500e+03   6.5153611e-05
   4.3690000e+03   1.7370000e+03   7.2441956e-05
   4.3700000e+03   1.7372500e+03   5.6618797e-05
   4.3710000e+03   1.7375000e+03   5.6446355e-05
   4.3720000e+03   1.7377500e+03   5.8928912e-05
   4.3730000e+03   1.7380000e+03   4.5761387e-05
   4.3740000e+03   1.7382500e+03   4.9708546e-05
   4.3750000e+03   1.7385000e+03   4.8741437e-05
   4.3760000e+03   1.7387500e+03   3.7870207e-05
   4.3770000e+03   1.7390000e+03   4.3987981e-05
   4.3780000e+03   1.7392500e+03   4.0232152e-05
   4.3790000e+03   1.7395000e+03   3.2111744e-05
   4.3800000e+03   1.7397500e+03   3.8814524e-05
   4.3810000e+03   1.7400000e+03   3.3468037e-05
   4.3820000e+03   1.7402500e+03   2.8769589e-05
   4.3830000e+03   1.7405000e+03   3.3026312e-05
   4.3840000e+03   1.7407500e+03   2.6856184e-05
   4.3850000e+03   1.7410000e+03   2.6471547e-05
   4.3860000e+03   1.7412500e+03   2.7878999e-05
   4.3870000e+03   1.7415000e+03   2.1972790e-05
   4.3880000e+03   1.7417500e+03   2.3808691e-05
   4.3890000e+03   1.7420000e+03   2.3077567e-05
   4.3900000e+03   1.7422500e+03   1.8815667e-05
   4.3910000e+03   1.7425000e+03   2.1316136e-05
   4.3920000e+03   1.7427500e+03   1.8699598e-05
   4.3930000e+03   1.7430000e+03   1.6874437e-05
   4.3940000e+03   1.7432500e+03   1.8564195e-05
   4.3950000e+03   1.7435000e+03   1.5188734e-05
   4.3960000e+03   1.7437500e+03   1.5329238e-05
   4.3970000e+03   1.7440000e+03   1.5596341e-05
