   3.7800000e+02   7.6056383e+02   5.9783997e-06
   3.7900000e+02   7.6089341e+02   9.6055123e-06
   3.8000000e+02   7.6122326e+02   1.5991698e-05
   3.8100000e+02   7.6155340e+02   2.7647410e-05
   3.8200000e+02   7.6188381e+02   4.8942379e-05
   3.8300000e+02   7.6221450e+02   9.1076905e-05
   3.8400000e+02   7.6254548e+02   1.7956180e-04
   3.8500000e+02   7.6287673e+02   3.1023368e-04
   3.8600000e+02   7.6320827e+02   2.1227820e-04
   3.8700000e+02   7.6354009e+02   2.6753863e-05
   6.0000000e+02   8.4916738e+02   1.5560657e-05
   6.0100000e+02   8.4957379e+02   1.6586002e-05
   6.0200000e+02   8.4998058e+02   1.7729398e-05
   6.0300000e+02   8.5038772e+02   1.8582170e-05
   6.0400000e+02   8.5079524e+02   1.9817861e-05
   6.0500000e+02   8.5120312e+02   2.1307204e-05
   6.0600000e+02   8.5161136e+02   2.2638691e-05
   6.0700000e+02   8.5201998e+02   2.4500212e-05
   6.0800000e+02   8.5242896e+02   2.6031957e-05
   6.0900000e+02   8.5149312e+02   2.2080865e-05
   6.1000000e+02   8.5179979e+02   2.3244179e-05
   6.1100000e+02   8.5210669e+02   2.5036045e-05
   6.1200000e+02   8.5241384e+02   2.5881540e-05
   6.1300000e+02   8.5272123e+02   2.7058967e-05
   6.1400000e+02   8.5302886e+02   2.9391985e-05
   6.1500000e+02   8.5333673e+02   2.9748396e-05
   6.1600000e+02   8.5364484e+02   3.1739599e-05
   6.1700000e+02   8.5395319e+02   3.4481123e-05
   6.1800000e+02   8.5426179e+02   3.4388081e-05
   6.1900000e+02   8.5457062e+02   3.6545976e-05
   6.2000000e+02   8.5487970e+02   4.0562800e-05
   6.2100000e+02   8.5518902e+02   4.0481383e-05
   6.2200000e+02   8.5549859e+02   4.2694666e-05
   6.2300000e+02   8.5580839e+02   4.6895710e-05
   6.2400000e+02   8.5611844e+02   4.6585057e-05
   6.2500000e+02   8.5642873e+02   4.9872904e-05
   6.2600000e+02   8.5673927e+02   5.2927724e-05
   6.2700000e+02   8.5705005e+02   5.4115588e-05
   6.2800000e+02   8.5736108e+02   5.7417245e-05
   6.2900000e+02   8.5767235e+02   6.0051279e-05
   6.3000000e+02   8.5798386e+02   6.1181322e-05
   6.3100000e+02   8.5829562e+02   6.5841463e-05
   6.3200000e+02   8.5860762e+02   6.8090758e-05
   6.3300000e+02   8.5891987e+02   6.8120497e-05
   6.3400000e+02   8.5923237e+02   7.5742713e-05
   6.3500000e+02   8.5954511e+02   7.6865682e-05
   6.3600000e+02   8.5985809e+02   7.5822742e-05
   6.3700000e+02   8.6017133e+02   8.5717857e-05
   6.3800000e+02   8.6048481e+02   8.4971911e-05
   6.3900000e+02   8.6079853e+02   8.4338748e-05
   6.4000000e+02   8.6111251e+02   9.5692564e-05
   6.4100000e+02   8.6142673e+02   9.2758788e-05
   6.4200000e+02   8.6174120e+02   9.4752126e-05
   6.4300000e+02   8.6205591e+02   1.0347469e-04
   6.4400000e+02   8.6237088e+02   1.0291050e-04
   6.4500000e+02   8.6268609e+02   1.0436405e-04
   6.4600000e+02   8.6300155e+02   1.1084130e-04
   6.4700000e+02   8.6331726e+02   1.1556148e-04
   6.4800000e+02   8.6363322e+02   1.1358723e-04
   6.4900000e+02   8.6394943e+02   1.1887681e-04
   6.5000000e+02   8.6426589e+02   1.2895920e-04
   6.5100000e+02   8.6458260e+02   1.2402367e-04
   6.5200000e+02   8.6489955e+02   1.2801094e-04
   6.5300000e+02   8.6521676e+02   1.4149017e-04
   6.5400000e+02   8.6553422e+02   1.3938764e-04
   6.5500000e+02   8.6585193e+02   1.3628893e-04
   6.5600000e+02   8.6616989e+02   1.4904458e-04
   6.5700000e+02   8.6648810e+02   1.5594637e-04
   6.5800000e+02   8.6680657e+02   1.4574389e-04
   6.5900000e+02   8.6712528e+02   1.5169286e-04
   6.6000000e+02   8.6744425e+02   1.6717213e-04
   6.6100000e+02   8.6776347e+02   1.5819280e-04
   6.6200000e+02   8.6808294e+02   1.5449429e-04
   6.6300000e+02   8.6840267e+02   1.6941147e-04
   6.6400000e+02   8.6872264e+02   1.6988826e-04
   6.6500000e+02   8.6904288e+02   1.6154635e-04
   6.6600000e+02   8.6936336e+02   1.6303624e-04
   6.6700000e+02   8.6968410e+02   1.7602389e-04
   6.6800000e+02   8.7000509e+02   1.7106989e-04
   6.6900000e+02   8.7032634e+02   1.5996722e-04
   6.7000000e+02   8.7064784e+02   1.7003682e-04
   6.7100000e+02   8.7096960e+02   1.7472652e-04
   6.7200000e+02   8.7129161e+02   1.6616920e-04
   6.7300000e+02   8.7161388e+02   1.6002641e-04
   6.7400000e+02   8.7193640e+02   1.6663716e-04
   6.7500000e+02   8.7225918e+02   1.6883546e-04
   6.7600000e+02   8.7258222e+02   1.6092454e-04
   6.7700000e+02   8.7290551e+02   1.5540780e-04
   6.7800000e+02   8.7322906e+02   1.6180802e-04
   6.7900000e+02   8.7355286e+02   1.6277964e-04
   6.8000000e+02   8.7387692e+02   1.5293183e-04
   6.8100000e+02   8.7420124e+02   1.5060632e-04
   6.8200000e+02   8.7452582e+02   1.5433671e-04
   6.8300000e+02   8.7485066e+02   1.5149182e-04
   6.8400000e+02   8.7517575e+02   1.4674731e-04
   6.8500000e+02   8.7550110e+02   1.4454845e-04
   6.8600000e+02   8.7582671e+02   1.3971599e-04
   6.8700000e+02   8.7615258e+02   1.3959539e-04
   6.8800000e+02   8.7647871e+02   1.3635881e-04
   6.8900000e+02   8.7680510e+02   1.2830233e-04
   6.9000000e+02   8.7713175e+02   1.2814072e-04
   6.9100000e+02   8.7745866e+02   1.3665181e-04
   6.9200000e+02   8.7778583e+02   1.5712528e-04
   6.9300000e+02   8.7811326e+02   2.1440526e-04
   6.9400000e+02   8.7844095e+02   3.6218472e-04
   6.9500000e+02   8.7876890e+02   7.1831324e-04
   6.9600000e+02   8.7909711e+02   6.3275375e-04
   6.9700000e+02   8.7942559e+02   2.2081970e-04
   6.9800000e+02   8.7975432e+02   1.1783201e-04
   6.9900000e+02   8.8008332e+02   1.1806865e-04
   7.0000000e+02   8.8041258e+02   1.4198860e-04
   7.0100000e+02   8.8074211e+02   1.6229816e-04
   7.0200000e+02   8.8107189e+02   1.8908727e-04
   7.0300000e+02   8.8140194e+02   2.0657919e-04
   7.0400000e+02   8.8173226e+02   1.9890638e-04
   7.0500000e+02   8.8206284e+02   2.0236745e-04
   7.0600000e+02   8.8239368e+02   2.1612620e-04
   7.0700000e+02   8.8272478e+02   2.1972674e-04
   7.0800000e+02   8.8305615e+02   2.1841172e-04
   7.0900000e+02   8.8338779e+02   2.2429126e-04
   7.1000000e+02   8.8371969e+02   2.3751332e-04
   7.1100000e+02   8.8405185e+02   2.4317842e-04
   7.1200000e+02   8.8438429e+02   2.4351446e-04
   7.1300000e+02   8.8471698e+02   2.5113476e-04
   7.1400000e+02   8.8504995e+02   2.6312356e-04
   7.1500000e+02   8.8538318e+02   2.8035648e-04
   7.1600000e+02   8.8571667e+02   2.7280378e-04
   7.1700000e+02   8.8605044e+02   2.7222415e-04
   7.1800000e+02   8.8638447e+02   2.6586110e-04
   7.1900000e+02   8.8671877e+02   2.4841333e-04
   7.2000000e+02   8.8705333e+02   2.4784719e-04
   7.2100000e+02   8.8738817e+02   2.5906582e-04
   7.2200000e+02   8.8772327e+02   2.6977914e-04
   7.2300000e+02   8.8805864e+02   2.7259248e-04
   7.2400000e+02   8.8839428e+02   2.7642083e-04
   7.2500000e+02   8.8873019e+02   2.8187403e-04
   7.2600000e+02   8.8906637e+02   2.7681664e-04
   7.2700000e+02   8.8940282e+02   2.6819672e-04
   7.2800000e+02   8.8973954e+02   2.6879496e-04
   7.2900000e+02   8.9007653e+02   2.7370410e-04
   7.3000000e+02   8.9041379e+02   2.7364469e-04
   7.3100000e+02   8.9075132e+02   2.6791451e-04
   7.3200000e+02   8.9108912e+02   2.5898039e-04
   7.3300000e+02   8.9142720e+02   2.5786690e-04
   7.3400000e+02   8.9176554e+02   2.5052301e-04
   7.3500000e+02   8.9210416e+02   2.4158115e-04
   7.3600000e+02   8.9244305e+02   2.3468988e-04
   7.3700000e+02   8.9278221e+02   2.2537459e-04
   7.3800000e+02   8.9312164e+02   2.2117731e-04
   7.3900000e+02   8.9346135e+02   2.1175017e-04
   7.4000000e+02   8.9380133e+02   2.0604499e-04
   7.4100000e+02   8.9414159e+02   1.9801863e-04
   7.4200000e+02   8.9448212e+02   1.9792913e-04
   7.4300000e+02   8.9482292e+02   2.0772673e-04
   7.4400000e+02   8.9516400e+02   2.3281285e-04
   7.4500000e+02   8.9550535e+02   2.8189531e-04
   7.4600000e+02   8.9584698e+02   3.8143863e-04
   7.4700000e+02   8.9618888e+02   4.4893753e-04
   7.4800000e+02   8.9653106e+02   2.8226966e-04
   7.4900000e+02   8.9687351e+02   1.4434724e-04
   7.5000000e+02   8.9721624e+02   1.3316444e-04
   7.5100000e+02   8.9755925e+02   1.3995146e-04
   7.5200000e+02   8.9790253e+02   1.6001899e-04
   7.5300000e+02   8.9824609e+02   1.6074325e-04
   7.5400000e+02   8.9858993e+02   1.5170652e-04
   7.5500000e+02   8.9893405e+02   1.4665367e-04
   7.5600000e+02   8.9927844e+02   1.4298379e-04
   7.5700000e+02   8.9962311e+02   1.3826238e-04
   7.5800000e+02   8.9996806e+02   1.3432686e-04
   7.5900000e+02   9.0031329e+02   1.3100198e-04
   7.6000000e+02   9.0065880e+02   1.2768367e-04
   7.6100000e+02   9.0100459e+02   1.2678474e-04
   7.6200000e+02   9.0135066e+02   1.2528845e-04
   7.6300000e+02   9.0169700e+02   1.2320494e-04
   7.6400000e+02   9.0204363e+02   1.2122415e-04
   7.6500000e+02   9.0239054e+02   1.2068161e-04
   7.6600000e+02   9.0273773e+02   1.1992127e-04
   7.6700000e+02   9.0308520e+02   1.2087794e-04
   7.6800000e+02   9.0343295e+02   1.2378010e-04
   7.6900000e+02   9.0378098e+02   1.2545676e-04
   7.7000000e+02   9.1123900e+02   1.0130784e-04
   7.7100000e+02   9.1159380e+02   9.7909619e-05
   7.7200000e+02   9.1194889e+02   9.6021998e-05
   7.7300000e+02   9.1230426e+02   9.1730021e-05
   7.7400000e+02   9.1265992e+02   8.8735123e-05
   7.7500000e+02   9.1301587e+02   8.5324024e-05
   7.7600000e+02   9.1337211e+02   8.1157911e-05
   7.7700000e+02   9.1372864e+02   7.8175538e-05
   7.7800000e+02   9.1408545e+02   7.4559998e-05
   7.7900000e+02   9.1444255e+02   7.0784474e-05
   7.8000000e+02   9.1479995e+02   6.6121429e-05
   7.8100000e+02   9.1515763e+02   6.3569574e-05
   7.8200000e+02   9.1551560e+02   5.9445831e-05
   7.8300000e+02   9.1587386e+02   5.6466970e-05
   7.8400000e+02   9.1623241e+02   5.2947341e-05
   7.8500000e+02   9.1659126e+02   4.9388611e-05
   7.8600000e+02   9.1695039e+02   4.6409302e-05
   7.8700000e+02   9.1730982e+02   4.3318510e-05
   7.8800000e+02   9.1766953e+02   4.0257808e-05
   7.8900000e+02   9.1802954e+02   3.7811413e-05
   7.9000000e+02   9.1838984e+02   3.4858708e-05
   7.9100000e+02   9.1875043e+02   3.2297404e-05
   7.9200000e+02   9.1911132e+02   2.9818769e-05
   7.9300000e+02   9.1947250e+02   2.7590506e-05
   7.9400000e+02   9.1983397e+02   2.5127108e-05
   7.9500000e+02   9.2019574e+02   2.3489123e-05
   7.9600000e+02   9.2055780e+02   2.1740681e-05
   7.9700000e+02   9.2092015e+02   1.9822664e-05
   7.9800000e+02   9.2128280e+02   1.8428324e-05
   7.9900000e+02   9.2164575e+02   1.6765838e-05
   8.0000000e+02   9.2200899e+02   1.5393009e-05
   1.3690000e+03   1.2843537e+03   7.1599332e-05
   1.3700000e+03   1.2849170e+03   7.6651985e-05
   1.3710000e+03   1.2854807e+03   8.3165096e-05
   1.3720000e+03   1.2860450e+03   8.8117027e-05
   1.3730000e+03   1.2866098e+03   9.2633246e-05
   1.3740000e+03   1.2871750e+03   9.8685496e-05
   1.3750000e+03   1.2877407e+03   1.0848770e-04
   1.3760000e+03   1.2883069e+03   1.0796040e-04
   1.3770000e+03   1.2888736e+03   1.0312232e-04
   1.3780000e+03   1.2894408e+03   1.0984318e-04
   1.3790000e+03   1.2900084e+03   1.2176935e-04
   1.3800000e+03   1.2905765e+03   1.3428244e-04
   1.3810000e+03   1.2911452e+03   1.4208774e-04
   1.3820000e+03   1.2917143e+03   1.4929433e-04
   1.3830000e+03   1.2922839e+03   1.5869006e-04
   1.3840000e+03   1.2928540e+03   1.6364996e-04
   1.3850000e+03   1.2934245e+03   1.5957231e-04
   1.3860000e+03   1.2939956e+03   1.6388118e-04
   1.3870000e+03   1.2945671e+03   1.7068200e-04
   1.3880000e+03   1.2951392e+03   1.7290300e-04
   1.3890000e+03   1.2957117e+03   1.7997175e-04
   1.3900000e+03   1.2962847e+03   1.8144953e-04
   1.3910000e+03   1.2968582e+03   1.8178170e-04
   1.3920000e+03   1.2974323e+03   1.8460317e-04
   1.3930000e+03   1.2980068e+03   1.8573604e-04
   1.3940000e+03   1.2985817e+03   1.8731234e-04
   1.3950000e+03   1.2991572e+03   1.9317355e-04
   1.3960000e+03   1.2997332e+03   1.9213639e-04
   1.3970000e+03   1.3003097e+03   1.9681746e-04
   1.3980000e+03   1.3008867e+03   2.0983052e-04
   1.3990000e+03   1.3014641e+03   2.3118308e-04
   1.4000000e+03   1.3020421e+03   2.7726324e-04
   1.4010000e+03   1.3026205e+03   2.9566473e-04
   1.4020000e+03   1.3031995e+03   2.1262977e-04
   1.4030000e+03   1.3037790e+03   2.4100045e-04
   1.4040000e+03   1.3043589e+03   2.3572568e-04
   1.4050000e+03   1.3049394e+03   2.6960122e-04
   1.4060000e+03   1.3055203e+03   2.8725206e-04
   1.4070000e+03   1.3061018e+03   2.7903532e-04
   1.4080000e+03   1.3066837e+03   2.9076893e-04
   1.4090000e+03   1.3072662e+03   3.1327965e-04
   1.4100000e+03   1.3078491e+03   3.3976665e-04
   1.4110000e+03   1.3084326e+03   3.6850911e-04
   1.4120000e+03   1.3090166e+03   3.9199389e-04
   1.4130000e+03   1.3096010e+03   4.1815142e-04
   1.4140000e+03   1.3101860e+03   4.4807126e-04
   1.4150000e+03   1.3107715e+03   4.7564437e-04
   1.4160000e+03   1.3113575e+03   4.8907412e-04
   1.4170000e+03   1.3119440e+03   5.2765979e-04
   1.4180000e+03   1.3125310e+03   5.6480802e-04
   1.4190000e+03   1.3131185e+03   5.8197281e-04
   1.4200000e+03   1.3137065e+03   5.8418435e-04
   1.4210000e+03   1.3142950e+03   5.9914691e-04
   1.4220000e+03   1.3148840e+03   6.1784318e-04
   1.4230000e+03   1.3154736e+03   6.2085483e-04
   1.4240000e+03   1.3160636e+03   6.1343400e-04
   1.4250000e+03   1.3166542e+03   6.0726218e-04
   1.4260000e+03   1.3172452e+03   6.0007347e-04
   1.4270000e+03   1.3178368e+03   5.9146162e-04
   1.4280000e+03   1.3184289e+03   5.7811071e-04
   1.4290000e+03   1.3190215e+03   5.6052586e-04
   1.4300000e+03   1.3196146e+03   5.3252582e-04
   1.4310000e+03   1.3202083e+03   5.0713658e-04
   1.4320000e+03   1.3208024e+03   4.7728065e-04
   1.4330000e+03   1.3213971e+03   4.4723466e-04
   1.4340000e+03   1.3219923e+03   4.0336720e-04
   1.4350000e+03   1.3225880e+03   3.7423602e-04
   1.4360000e+03   1.3231842e+03   3.6680886e-04
   1.4370000e+03   1.3237809e+03   3.4355939e-04
   1.4380000e+03   1.3243782e+03   3.8127325e-04
   1.4390000e+03   1.3249759e+03   6.0354740e-04
   1.4400000e+03   1.3255742e+03   1.0373826e-03
   1.4410000e+03   1.3261730e+03   8.6226556e-04
   1.4420000e+03   1.3267724e+03   2.8084158e-04
   1.4430000e+03   1.3273722e+03   2.2618615e-04
   1.4440000e+03   1.3279726e+03   2.9535718e-04
   1.4450000e+03   1.3285735e+03   3.0393136e-04
   1.4460000e+03   1.3291749e+03   2.9912418e-04
   1.4470000e+03   1.3297768e+03   3.0431692e-04
   1.4480000e+03   1.3303793e+03   3.1334992e-04
   1.4490000e+03   1.3309823e+03   3.2433818e-04
   1.4500000e+03   1.3315858e+03   3.2528614e-04
   1.4510000e+03   1.3321898e+03   3.2990900e-04
   1.4520000e+03   1.3327944e+03   3.6632669e-04
   1.4530000e+03   1.3333995e+03   3.8755836e-04
   1.4540000e+03   1.3340051e+03   4.0056359e-04
   1.4550000e+03   1.3346113e+03   4.1522618e-04
   1.4560000e+03   1.3352180e+03   4.2394034e-04
   1.4570000e+03   1.3358252e+03   4.3079186e-04
   1.4580000e+03   1.3364329e+03   4.4337055e-04
   1.4590000e+03   1.3370412e+03   4.5457422e-04
   1.4600000e+03   1.3376500e+03   4.3373354e-04
   1.4610000e+03   1.3382593e+03   4.1694584e-04
   1.4620000e+03   1.3388692e+03   4.0295766e-04
   1.4630000e+03   1.3381662e+03   4.2114796e-04
   1.4640000e+03   1.3386744e+03   4.0561616e-04
   1.4650000e+03   1.3391829e+03   3.9663984e-04
   1.4660000e+03   1.3396919e+03   3.8369968e-04
   1.4670000e+03   1.3402013e+03   3.5804892e-04
   1.4680000e+03   1.3407110e+03   3.3154436e-04
   1.4690000e+03   1.3412212e+03   3.2879677e-04
   1.4700000e+03   1.3417318e+03   3.1985171e-04
   1.4710000e+03   1.3422428e+03   3.0237309e-04
   1.4720000e+03   1.3427542e+03   3.1036541e-04
   1.4730000e+03   1.3432660e+03   2.8681841e-04
   1.4740000e+03   1.3437782e+03   2.3037111e-04
   1.4750000e+03   1.3442909e+03   1.8822485e-04
   1.4760000e+03   1.3448039e+03   1.6430605e-04
   1.4770000e+03   1.3453174e+03   1.4423321e-04
   1.4780000e+03   1.3458312e+03   1.2629557e-04
   1.4790000e+03   1.3463455e+03   1.1132062e-04
   1.4800000e+03   1.3468602e+03   9.6644015e-05
   1.4810000e+03   1.3473753e+03   8.4338805e-05
   1.4820000e+03   1.3478908e+03   7.3804153e-05
   1.4830000e+03   1.3484067e+03   6.5435319e-05
   1.4840000e+03   1.3489230e+03   5.9219276e-05
   1.4850000e+03   1.3494398e+03   5.2845766e-05
   1.4860000e+03   1.3499570e+03   4.7534269e-05
   1.4870000e+03   1.3504745e+03   4.1980780e-05
   1.4880000e+03   1.3509925e+03   3.7498421e-05
   1.4890000e+03   1.3515109e+03   3.4251817e-05
   1.4900000e+03   1.3520298e+03   3.0174620e-05
   1.4910000e+03   1.3525490e+03   2.6528181e-05
   1.4920000e+03   1.3530687e+03   2.3161099e-05
   1.4930000e+03   1.3535887e+03   2.0280891e-05
   1.4940000e+03   1.3541092e+03   1.8032091e-05
   1.4950000e+03   1.3546301e+03   1.5519347e-05
   2.4240000e+03   8.5283794e+02   2.7868503e-05
   2.4250000e+03   8.5118646e+02   2.1366334e-05
   2.4260000e+03   9.0412005e+02   1.2831596e-04
   2.4270000e+03   9.0445904e+02   1.2933740e-04
   2.4280000e+03   9.0479804e+02   1.1742609e-04
   2.4290000e+03   9.0513704e+02   1.1817238e-04
   2.4300000e+03   9.0547604e+02   1.1979583e-04
   2.4310000e+03   9.0581504e+02   1.2000104e-04
   2.4320000e+03   9.0615403e+02   1.2017577e-04
   2.4330000e+03   9.0649303e+02   1.2110518e-04
   2.4340000e+03   9.0683203e+02   1.2108067e-04
   2.4350000e+03   9.0717103e+02   1.2110102e-04
   2.4360000e+03   9.0751002e+02   1.2243637e-04
   2.4370000e+03   9.0784902e+02   1.1981519e-04
   2.4380000e+03   9.0818802e+02   1.1912912e-04
   2.4390000e+03   9.0852702e+02   1.1735670e-04
   2.4400000e+03   9.0886602e+02   1.1649178e-04
   2.4410000e+03   9.0920501e+02   1.1352697e-04
   2.4420000e+03   9.0954401e+02   1.1331266e-04
   2.4430000e+03   9.0988301e+02   1.1056584e-04
   2.4440000e+03   9.1022201e+02   1.0792187e-04
   2.4450000e+03   9.1056101e+02   1.0654130e-04
   2.4460000e+03   9.1090000e+02   1.0316491e-04
   2.6240000e+03   1.2736630e+03   1.5759594e-05
   2.6250000e+03   1.2741975e+03   1.6988557e-05
   2.6260000e+03   1.2747321e+03   1.8667613e-05
   2.6270000e+03   1.2752666e+03   2.0720154e-05
   2.6280000e+03   1.2758011e+03   2.2433790e-05
   2.6290000e+03   1.2763357e+03   2.4529575e-05
   2.6300000e+03   1.2768702e+03   2.6254829e-05
   2.6310000e+03   1.2774047e+03   2.8977591e-05
   2.6320000e+03   1.2779393e+03   3.1921713e-05
   2.6330000e+03   1.2784738e+03   3.4521467e-05
   2.6340000e+03   1.2790084e+03   3.8263645e-05
   2.6350000e+03   1.2795429e+03   4.2178212e-05
   2.6360000e+03   1.2800774e+03   4.4699227e-05
   2.6370000e+03   1.2806120e+03   4.5490643e-05
   2.6380000e+03   1.2811465e+03   4.8895180e-05
   2.6390000e+03   1.2816810e+03   5.2894303e-05
   2.6400000e+03   1.2822156e+03   5.6284052e-05
   2.6410000e+03   1.2827501e+03   5.9857181e-05
   2.6420000e+03   1.2832846e+03   6.3294653e-05
   2.6430000e+03   1.2838192e+03   6.7675792e-05
   2.6440000e+03   1.3394790e+03   3.8975305e-04
   2.6450000e+03   1.3376580e+03   4.3273662e-04
