   3.7800000e+02   7.6055724e+02   5.9161537e-06
   3.7900000e+02   7.6088681e+02   9.5190450e-06
   3.8000000e+02   7.6121666e+02   1.5816101e-05
   3.8100000e+02   7.6154679e+02   2.7343340e-05
   3.8200000e+02   7.6187720e+02   4.8363174e-05
   3.8300000e+02   7.6220789e+02   8.9907295e-05
   3.8400000e+02   7.6253886e+02   1.7703633e-04
   3.8500000e+02   7.6287011e+02   3.0913602e-04
   3.8600000e+02   7.6320164e+02   2.1627594e-04
   3.8700000e+02   7.6353345e+02   2.8576969e-05
   6.0000000e+02   8.4915925e+02   1.5550929e-05
   6.0100000e+02   8.4956566e+02   1.6556693e-05
   6.0200000e+02   8.4997244e+02   1.7702651e-05
   6.0300000e+02   8.5037958e+02   1.8554842e-05
   6.0400000e+02   8.5078708e+02   1.9788390e-05
   6.0500000e+02   8.5119496e+02   2.1291623e-05
   6.0600000e+02   8.5160320e+02   2.2613075e-05
   6.0700000e+02   8.5201180e+02   2.4457630e-05
   6.0800000e+02   8.5242078e+02   2.5987222e-05
   6.0900000e+02   8.5148699e+02   2.2062227e-05
   6.1000000e+02   8.5179365e+02   2.3217196e-05
   6.1100000e+02   8.5210055e+02   2.5004842e-05
   6.1200000e+02   8.5240770e+02   2.5851903e-05
   6.1300000e+02   8.5271508e+02   2.7040158e-05
   6.1400000e+02   8.5302270e+02   2.9353586e-05
   6.1500000e+02   8.5333057e+02   2.9721641e-05
   6.1600000e+02   8.5363867e+02   3.1723519e-05
   6.1700000e+02   8.5394702e+02   3.4418475e-05
   6.1800000e+02   8.5425561e+02   3.4367311e-05
   6.1900000e+02   8.5456444e+02   3.6528291e-05
   6.2000000e+02   8.5487352e+02   4.0456969e-05
   6.2100000e+02   8.5518283e+02   4.0508036e-05
   6.2200000e+02   8.5549239e+02   4.2652294e-05
   6.2300000e+02   8.5580219e+02   4.6773772e-05
   6.2400000e+02   8.5611224e+02   4.6626781e-05
   6.2500000e+02   8.5642253e+02   4.9833192e-05
   6.2600000e+02   8.5673306e+02   5.2788136e-05
   6.2700000e+02   8.5704383e+02   5.4168464e-05
   6.2800000e+02   8.5735485e+02   5.7375248e-05
   6.2900000e+02   8.5766612e+02   5.9853079e-05
   6.3000000e+02   8.5797763e+02   6.1271814e-05
   6.3100000e+02   8.5828938e+02   6.5758056e-05
   6.3200000e+02   8.5860138e+02   6.7891575e-05
   6.3300000e+02   8.5891363e+02   6.8226527e-05
   6.3400000e+02   8.5922612e+02   7.5658290e-05
   6.3500000e+02   8.5953885e+02   7.6682159e-05
   6.3600000e+02   8.5985183e+02   7.5901509e-05
   6.3700000e+02   8.6016506e+02   8.5651885e-05
   6.3800000e+02   8.6047854e+02   8.4790364e-05
   6.3900000e+02   8.6079226e+02   8.4347283e-05
   6.4000000e+02   8.6110623e+02   9.5736329e-05
   6.4100000e+02   8.6142044e+02   9.2520980e-05
   6.4200000e+02   8.6173491e+02   9.4722716e-05
   6.4300000e+02   8.6204962e+02   1.0368911e-04
   6.4400000e+02   8.6236458e+02   1.0250094e-04
   6.4500000e+02   8.6267978e+02   1.0429024e-04
   6.4600000e+02   8.6299524e+02   1.1118946e-04
   6.4700000e+02   8.6331095e+02   1.1512505e-04
   6.4800000e+02   8.6362690e+02   1.1338739e-04
   6.4900000e+02   8.6394310e+02   1.1929246e-04
   6.5000000e+02   8.6425956e+02   1.2865429e-04
   6.5100000e+02   8.6457626e+02   1.2355914e-04
   6.5200000e+02   8.6489321e+02   1.2842537e-04
   6.5300000e+02   8.6521042e+02   1.4156021e-04
   6.5400000e+02   8.6552787e+02   1.3864913e-04
   6.5500000e+02   8.6584557e+02   1.3645209e-04
   6.5600000e+02   8.6616353e+02   1.4952279e-04
   6.5700000e+02   8.6648174e+02   1.5536866e-04
   6.5800000e+02   8.6680019e+02   1.4537054e-04
   6.5900000e+02   8.6711891e+02   1.5229269e-04
   6.6000000e+02   8.6743787e+02   1.6710353e-04
   6.6100000e+02   8.6775708e+02   1.5746611e-04
   6.6200000e+02   8.6807655e+02   1.5471580e-04
   6.6300000e+02   8.6839627e+02   1.7001858e-04
   6.6400000e+02   8.6871624e+02   1.6932396e-04
   6.6500000e+02   8.6903647e+02   1.6105749e-04
   6.6600000e+02   8.6935695e+02   1.6375901e-04
   6.6700000e+02   8.6967768e+02   1.7614724e-04
   6.6800000e+02   8.6999867e+02   1.7043088e-04
   6.6900000e+02   8.7031991e+02   1.5991137e-04
   6.7000000e+02   8.7064141e+02   1.7074466e-04
   6.7100000e+02   8.7096316e+02   1.7464771e-04
   6.7200000e+02   8.7128517e+02   1.6549949e-04
   6.7300000e+02   8.7160743e+02   1.6028454e-04
   6.7400000e+02   8.7192995e+02   1.6719015e-04
   6.7500000e+02   8.7225272e+02   1.6860226e-04
   6.7600000e+02   8.7257575e+02   1.6051585e-04
   6.7700000e+02   8.7289904e+02   1.5574926e-04
   6.7800000e+02   8.7322258e+02   1.6213590e-04
   6.7900000e+02   8.7354638e+02   1.6261434e-04
   6.8000000e+02   8.7387044e+02   1.5269979e-04
   6.8100000e+02   8.7419476e+02   1.5075437e-04
   6.8200000e+02   8.7451933e+02   1.5461567e-04
   6.8300000e+02   8.7484416e+02   1.5153279e-04
   6.8400000e+02   8.7516925e+02   1.4658131e-04
   6.8500000e+02   8.7549459e+02   1.4457033e-04
   6.8600000e+02   8.7582020e+02   1.3992302e-04
   6.8700000e+02   8.7614606e+02   1.3980109e-04
   6.8800000e+02   8.7647219e+02   1.3626479e-04
   6.8900000e+02   8.7679857e+02   1.2824415e-04
   6.9000000e+02   8.7712522e+02   1.2827425e-04
   6.9100000e+02   8.7745212e+02   1.3634777e-04
   6.9200000e+02   8.7777928e+02   1.5643431e-04
   6.9300000e+02   8.7810671e+02   2.1284443e-04
   6.9400000e+02   8.7843439e+02   3.5721384e-04
   6.9500000e+02   8.7876234e+02   7.1270653e-04
   6.9600000e+02   8.7909055e+02   6.4010566e-04
   6.9700000e+02   8.7941902e+02   2.2639889e-04
   6.9800000e+02   8.7974775e+02   1.1811467e-04
   6.9900000e+02   8.8007674e+02   1.1799897e-04
   7.0000000e+02   8.8040600e+02   1.4150552e-04
   7.0100000e+02   8.8073551e+02   1.6167289e-04
   7.0200000e+02   8.8106530e+02   1.8872845e-04
   7.0300000e+02   8.8139534e+02   2.0655683e-04
   7.0400000e+02   8.8172565e+02   1.9868145e-04
   7.0500000e+02   8.8205622e+02   2.0239031e-04
   7.0600000e+02   8.8238706e+02   2.1641075e-04
   7.0700000e+02   8.8271816e+02   2.1921377e-04
   7.0800000e+02   8.8304952e+02   2.1788897e-04
   7.0900000e+02   8.8338115e+02   2.2468733e-04
   7.1000000e+02   8.8371305e+02   2.3776833e-04
   7.1100000e+02   8.8404521e+02   2.4277531e-04
   7.1200000e+02   8.8437763e+02   2.4321890e-04
   7.1300000e+02   8.8471033e+02   2.5104850e-04
   7.1400000e+02   8.8504328e+02   2.6230974e-04
   7.1500000e+02   8.8537651e+02   2.8021440e-04
   7.1600000e+02   8.8571000e+02   2.7402362e-04
   7.1700000e+02   8.8604376e+02   2.7258317e-04
   7.1800000e+02   8.8637779e+02   2.6534826e-04
   7.1900000e+02   8.8671208e+02   2.4771359e-04
   7.2000000e+02   8.8704664e+02   2.4802294e-04
   7.2100000e+02   8.8738147e+02   2.5947425e-04
   7.2200000e+02   8.8771657e+02   2.6977553e-04
   7.2300000e+02   8.8805193e+02   2.7263479e-04
   7.2400000e+02   8.8838757e+02   2.7661103e-04
   7.2500000e+02   8.8872347e+02   2.8157898e-04
   7.2600000e+02   8.8905965e+02   2.7610667e-04
   7.2700000e+02   8.8939609e+02   2.6784189e-04
   7.2800000e+02   8.8973280e+02   2.6932223e-04
   7.2900000e+02   8.9006979e+02   2.7441242e-04
   7.3000000e+02   8.9040704e+02   2.7381082e-04
   7.3100000e+02   8.9074457e+02   2.6783255e-04
   7.3200000e+02   8.9108236e+02   2.5900819e-04
   7.3300000e+02   8.9142043e+02   2.5778544e-04
   7.3400000e+02   8.9175877e+02   2.5049186e-04
   7.3500000e+02   8.9209738e+02   2.4133363e-04
   7.3600000e+02   8.9243627e+02   2.3492714e-04
   7.3700000e+02   8.9277542e+02   2.2577214e-04
   7.3800000e+02   8.9311485e+02   2.2162187e-04
   7.3900000e+02   8.9345455e+02   2.1195634e-04
   7.4000000e+02   8.9379453e+02   2.0616907e-04
   7.4100000e+02   8.9413478e+02   1.9804205e-04
   7.4200000e+02   8.9447530e+02   1.9785573e-04
   7.4300000e+02   8.9481610e+02   2.0737369e-04
   7.4400000e+02   8.9515717e+02   2.3198680e-04
   7.4500000e+02   8.9549852e+02   2.8051275e-04
   7.4600000e+02   8.9584014e+02   3.7876920e-04
   7.4700000e+02   8.9618204e+02   4.5007081e-04
   7.4800000e+02   8.9652421e+02   2.8674165e-04
   7.4900000e+02   8.9686666e+02   1.4503588e-04
   7.5000000e+02   8.9720939e+02   1.3327076e-04
   7.5100000e+02   8.9755239e+02   1.3954562e-04
   7.5200000e+02   8.9789566e+02   1.5975614e-04
   7.5300000e+02   8.9823922e+02   1.6092561e-04
   7.5400000e+02   8.9858305e+02   1.5192353e-04
   7.5500000e+02   8.9892716e+02   1.4677381e-04
   7.5600000e+02   8.9927155e+02   1.4305128e-04
   7.5700000e+02   8.9961622e+02   1.3831171e-04
   7.5800000e+02   8.9996116e+02   1.3433593e-04
   7.5900000e+02   9.0030639e+02   1.3110751e-04
   7.6000000e+02   9.0065189e+02   1.2782098e-04
   7.6100000e+02   9.0099767e+02   1.2692669e-04
   7.6200000e+02   9.0134373e+02   1.2537118e-04
   7.6300000e+02   9.0169007e+02   1.2315294e-04
   7.6400000e+02   9.0203669e+02   1.2101537e-04
   7.6500000e+02   9.0238360e+02   1.2048638e-04
   7.6600000e+02   9.0273078e+02   1.1986477e-04
   7.6700000e+02   9.0307824e+02   1.2097531e-04
   7.6800000e+02   9.0342599e+02   1.2398405e-04
   7.6900000e+02   9.0377402e+02   1.2566472e-04
   7.7000000e+02   9.1123190e+02   1.0137347e-04
   7.7100000e+02   9.1158670e+02   9.7978942e-05
   7.7200000e+02   9.1194178e+02   9.6074748e-05
   7.7300000e+02   9.1229715e+02   9.1836822e-05
   7.7400000e+02   9.1265281e+02   8.8785559e-05
   7.7500000e+02   9.1300875e+02   8.5418692e-05
   7.7600000e+02   9.1336498e+02   8.1215417e-05
   7.7700000e+02   9.1372150e+02   7.8248819e-05
   7.7800000e+02   9.1407831e+02   7.4610856e-05
   7.7900000e+02   9.1443541e+02   7.0883553e-05
   7.8000000e+02   9.1479279e+02   6.6173970e-05
   7.8100000e+02   9.1515047e+02   6.3632363e-05
   7.8200000e+02   9.1550844e+02   5.9520930e-05
   7.8300000e+02   9.1586669e+02   5.6526561e-05
   7.8400000e+02   9.1622524e+02   5.3012583e-05
   7.8500000e+02   9.1658408e+02   4.9451900e-05
   7.8600000e+02   9.1694320e+02   4.6472910e-05
   7.8700000e+02   9.1730262e+02   4.3381368e-05
   7.8800000e+02   9.1766233e+02   4.0319977e-05
   7.8900000e+02   9.1802234e+02   3.7864021e-05
   7.9000000e+02   9.1838263e+02   3.4926090e-05
   7.9100000e+02   9.1874322e+02   3.2342590e-05
   7.9200000e+02   9.1910410e+02   2.9868058e-05
   7.9300000e+02   9.1946527e+02   2.7637783e-05
   7.9400000e+02   9.1982674e+02   2.5159039e-05
   7.9500000e+02   9.2018850e+02   2.3529037e-05
   7.9600000e+02   9.2055055e+02   2.1787835e-05
   7.9700000e+02   9.2091290e+02   1.9850917e-05
   7.9800000e+02   9.2127555e+02   1.8466481e-05
   7.9900000e+02   9.2163848e+02   1.6791893e-05
   8.0000000e+02   9.2200172e+02   1.5422218e-05
   1.3690000e+03   1.2843424e+03   7.1540243e-05
   1.3700000e+03   1.2849057e+03   7.6556627e-05
   1.3710000e+03   1.2854695e+03   8.2987162e-05
   1.3720000e+03   1.2860337e+03   8.8004407e-05
   1.3730000e+03   1.2865985e+03   9.2599782e-05
   1.3740000e+03   1.2871637e+03   9.8562196e-05
   1.3750000e+03   1.2877294e+03   1.0821477e-04
   1.3760000e+03   1.2882956e+03   1.0809545e-04
   1.3770000e+03   1.2888622e+03   1.0322601e-04
   1.3780000e+03   1.2894294e+03   1.0955190e-04
   1.3790000e+03   1.2899970e+03   1.2143919e-04
   1.3800000e+03   1.2905652e+03   1.3413268e-04
   1.3810000e+03   1.2911338e+03   1.4206059e-04
   1.3820000e+03   1.2917029e+03   1.4896122e-04
   1.3830000e+03   1.2922725e+03   1.5848419e-04
   1.3840000e+03   1.2928425e+03   1.6380251e-04
   1.3850000e+03   1.2934131e+03   1.5960245e-04
   1.3860000e+03   1.2939842e+03   1.6359730e-04
   1.3870000e+03   1.2945557e+03   1.7064120e-04
   1.3880000e+03   1.2951277e+03   1.7294204e-04
   1.3890000e+03   1.2957003e+03   1.7972825e-04
   1.3900000e+03   1.2962733e+03   1.8141547e-04
   1.3910000e+03   1.2968468e+03   1.8188838e-04
   1.3920000e+03   1.2974208e+03   1.8446004e-04
   1.3930000e+03   1.2979953e+03   1.8570875e-04
   1.3940000e+03   1.2985702e+03   1.8725899e-04
   1.3950000e+03   1.2991457e+03   1.9307396e-04
   1.3960000e+03   1.2997217e+03   1.9218718e-04
   1.3970000e+03   1.3002981e+03   1.9657542e-04
   1.3980000e+03   1.3008751e+03   2.0958818e-04
   1.3990000e+03   1.3014526e+03   2.3053554e-04
   1.4000000e+03   1.3020305e+03   2.7609651e-04
   1.4010000e+03   1.3026090e+03   2.9655243e-04
   1.4020000e+03   1.3031879e+03   2.1444293e-04
   1.4030000e+03   1.3037674e+03   2.4156283e-04
   1.4040000e+03   1.3043473e+03   2.3496938e-04
   1.4050000e+03   1.3049277e+03   2.6893858e-04
   1.4060000e+03   1.3055087e+03   2.8719001e-04
   1.4070000e+03   1.3060901e+03   2.7915357e-04
   1.4080000e+03   1.3066721e+03   2.9033691e-04
   1.4090000e+03   1.3072545e+03   3.1282480e-04
   1.4100000e+03   1.3078375e+03   3.3903933e-04
   1.4110000e+03   1.3084209e+03   3.6820886e-04
   1.4120000e+03   1.3090049e+03   3.9150128e-04
   1.4130000e+03   1.3095893e+03   4.1744349e-04
   1.4140000e+03   1.3101743e+03   4.4749069e-04
   1.4150000e+03   1.3107598e+03   4.7526277e-04
   1.4160000e+03   1.3113457e+03   4.8879669e-04
   1.4170000e+03   1.3119322e+03   5.2660835e-04
   1.4180000e+03   1.3125192e+03   5.6425782e-04
   1.4190000e+03   1.3131067e+03   5.8177009e-04
   1.4200000e+03   1.3136947e+03   5.8448257e-04
   1.4210000e+03   1.3142832e+03   5.9838629e-04
   1.4220000e+03   1.3148722e+03   6.1752074e-04
   1.4230000e+03   1.3154618e+03   6.2124647e-04
   1.4240000e+03   1.3160518e+03   6.1358107e-04
   1.4250000e+03   1.3166423e+03   6.0701968e-04
   1.4260000e+03   1.3172334e+03   6.0052541e-04
   1.4270000e+03   1.3178250e+03   5.9170407e-04
   1.4280000e+03   1.3184171e+03   5.7812824e-04
   1.4290000e+03   1.3190097e+03   5.6140179e-04
   1.4300000e+03   1.3196028e+03   5.3279597e-04
   1.4310000e+03   1.3201964e+03   5.0757701e-04
   1.4320000e+03   1.3207905e+03   4.7822906e-04
   1.4330000e+03   1.3213852e+03   4.4782525e-04
   1.4340000e+03   1.3219804e+03   4.0410208e-04
   1.4350000e+03   1.3225760e+03   3.7437745e-04
   1.4360000e+03   1.3231722e+03   3.6723457e-04
   1.4370000e+03   1.3237690e+03   3.4399476e-04
   1.4380000e+03   1.3243662e+03   3.7882644e-04
   1.4390000e+03   1.3249640e+03   5.9675965e-04
   1.4400000e+03   1.3255622e+03   1.0314471e-03
   1.4410000e+03   1.3261610e+03   8.7281693e-04
   1.4420000e+03   1.3267604e+03   2.8848662e-04
   1.4430000e+03   1.3273602e+03   2.2420589e-04
   1.4440000e+03   1.3279606e+03   2.9477984e-04
   1.4450000e+03   1.3285614e+03   3.0408785e-04
   1.4460000e+03   1.3291629e+03   2.9916754e-04
   1.4470000e+03   1.3297648e+03   3.0402925e-04
   1.4480000e+03   1.3303672e+03   3.1328680e-04
   1.4490000e+03   1.3309702e+03   3.2395683e-04
   1.4500000e+03   1.3315737e+03   3.2563445e-04
   1.4510000e+03   1.3321778e+03   3.2924332e-04
   1.4520000e+03   1.3327823e+03   3.6579329e-04
   1.4530000e+03   1.3333874e+03   3.8711751e-04
   1.4540000e+03   1.3339930e+03   4.0044150e-04
   1.4550000e+03   1.3345992e+03   4.1487153e-04
   1.4560000e+03   1.3352058e+03   4.2387439e-04
   1.4570000e+03   1.3358130e+03   4.3063747e-04
   1.4580000e+03   1.3364208e+03   4.4297045e-04
   1.4590000e+03   1.3370290e+03   4.5453606e-04
   1.4600000e+03   1.3376378e+03   4.3439347e-04
   1.4610000e+03   1.3382471e+03   4.1725713e-04
   1.4620000e+03   1.3388570e+03   4.0317241e-04
   1.4630000e+03   1.3381561e+03   4.2161488e-04
   1.4640000e+03   1.3386642e+03   4.0562909e-04
   1.4650000e+03   1.3391728e+03   3.9688060e-04
   1.4660000e+03   1.3396817e+03   3.8417425e-04
   1.4670000e+03   1.3401911e+03   3.5863850e-04
   1.4680000e+03   1.3407008e+03   3.3177252e-04
   1.4690000e+03   1.3412110e+03   3.2865841e-04
   1.4700000e+03   1.3417216e+03   3.2039609e-04
   1.4710000e+03   1.3422326e+03   3.0249625e-04
   1.4720000e+03   1.3427440e+03   3.1026353e-04
   1.4730000e+03   1.3432558e+03   2.8771425e-04
   1.4740000e+03   1.3437680e+03   2.3148058e-04
   1.4750000e+03   1.3442806e+03   1.8890223e-04
   1.4760000e+03   1.3447936e+03   1.6470503e-04
   1.4770000e+03   1.3453071e+03   1.4461341e-04
   1.4780000e+03   1.3458209e+03   1.2656820e-04
   1.4790000e+03   1.3463352e+03   1.1163457e-04
   1.4800000e+03   1.3468499e+03   9.6977059e-05
   1.4810000e+03   1.3473650e+03   8.4552419e-05
   1.4820000e+03   1.3478805e+03   7.3974187e-05
   1.4830000e+03   1.3483964e+03   6.5550702e-05
   1.4840000e+03   1.3489127e+03   5.9348662e-05
   1.4850000e+03   1.3494295e+03   5.2992520e-05
   1.4860000e+03   1.3499466e+03   4.7632029e-05
   1.4870000e+03   1.3504642e+03   4.2080900e-05
   1.4880000e+03   1.3509822e+03   3.7583008e-05
   1.4890000e+03   1.3515006e+03   3.4325832e-05
   1.4900000e+03   1.3520194e+03   3.0251249e-05
   1.4910000e+03   1.3525386e+03   2.6592199e-05
   1.4920000e+03   1.3530583e+03   2.3222106e-05
   1.4930000e+03   1.3535783e+03   2.0327037e-05
   1.4940000e+03   1.3540988e+03   1.8081373e-05
   1.4950000e+03   1.3546197e+03   1.5574386e-05
   2.4240000e+03   8.5282976e+02   2.7821972e-05
   2.4250000e+03   8.5118033e+02   2.1364642e-05
   2.4260000e+03   9.0411295e+02   1.2834445e-04
   2.4270000e+03   9.0445194e+02   1.2928472e-04
   2.4280000e+03   9.0479094e+02   1.1749795e-04
   2.4290000e+03   9.0512994e+02   1.1792804e-04
   2.4300000e+03   9.0546894e+02   1.1968927e-04
   2.4310000e+03   9.0580794e+02   1.2002608e-04
   2.4320000e+03   9.0614693e+02   1.2030267e-04
   2.4330000e+03   9.0648593e+02   1.2124068e-04
   2.4340000e+03   9.0682493e+02   1.2122213e-04
   2.4350000e+03   9.0716393e+02   1.2109725e-04
   2.4360000e+03   9.0750292e+02   1.2242445e-04
   2.4370000e+03   9.0784192e+02   1.1975505e-04
   2.4380000e+03   9.0818092e+02   1.1904051e-04
   2.4390000e+03   9.0851992e+02   1.1729825e-04
   2.4400000e+03   9.0885892e+02   1.1647781e-04
   2.4410000e+03   9.0919791e+02   1.1356892e-04
   2.4420000e+03   9.0953691e+02   1.1335477e-04
   2.4430000e+03   9.0987591e+02   1.1070311e-04
   2.4440000e+03   9.1021491e+02   1.0797845e-04
   2.4450000e+03   9.1055391e+02   1.0664279e-04
   2.4460000e+03   9.1089290e+02   1.0323763e-04
   2.6240000e+03   1.2736517e+03   1.5737150e-05
   2.6250000e+03   1.2741862e+03   1.6962563e-05
   2.6260000e+03   1.2747208e+03   1.8625010e-05
   2.6270000e+03   1.2752553e+03   2.0684397e-05
   2.6280000e+03   1.2757898e+03   2.2386424e-05
   2.6290000e+03   1.2763244e+03   2.4486285e-05
   2.6300000e+03   1.2768589e+03   2.6223098e-05
   2.6310000e+03   1.2773934e+03   2.8921781e-05
   2.6320000e+03   1.2779280e+03   3.1844280e-05
   2.6330000e+03   1.2784625e+03   3.4470241e-05
   2.6340000e+03   1.2789971e+03   3.8169031e-05
   2.6350000e+03   1.2795316e+03   4.2086090e-05
   2.6360000e+03   1.2800661e+03   4.4699796e-05
   2.6370000e+03   1.2806007e+03   4.5453001e-05
   2.6380000e+03   1.2811352e+03   4.8822795e-05
   2.6390000e+03   1.2816697e+03   5.2824638e-05
   2.6400000e+03   1.2822043e+03   5.6190427e-05
   2.6410000e+03   1.2827388e+03   5.9761817e-05
   2.6420000e+03   1.2832733e+03   6.3214953e-05
   2.6430000e+03   1.2838079e+03   6.7585424e-05
   2.6440000e+03   1.3394668e+03   3.9009435e-04
   2.6450000e+03   1.3376479e+03   4.3298341e-04
