   3.7800000e+02   7.6057042e+02   6.0408562e-06
   3.7900000e+02   7.6090000e+02   9.6929773e-06
   3.8000000e+02   7.6122986e+02   1.6169213e-05
   3.8100000e+02   7.6156000e+02   2.7955134e-05
   3.8200000e+02   7.6189042e+02   4.9531175e-05
   3.8300000e+02   7.6222112e+02   9.2263841e-05
   3.8400000e+02   7.6255210e+02   1.8212474e-04
   3.8500000e+02   7.6288336e+02   3.1119659e-04
   3.8600000e+02   7.6321490e+02   2.0822086e-04
   3.8700000e+02   7.6354673e+02   2.5028032e-05
   6.0000000e+02   8.4917550e+02   1.5570050e-05
   6.0100000e+02   8.4958193e+02   1.6614606e-05
   6.0200000e+02   8.4998872e+02   1.7755620e-05
   6.0300000e+02   8.5039587e+02   1.8610120e-05
   6.0400000e+02   8.5080339e+02   1.9848239e-05
   6.0500000e+02   8.5121128e+02   2.1322888e-05
   6.0600000e+02   8.5161953e+02   2.2664070e-05
   6.0700000e+02   8.5202816e+02   2.4541727e-05
   6.0800000e+02   8.5243714e+02   2.6077015e-05
   6.0900000e+02   8.5149925e+02   2.2099279e-05
   6.1000000e+02   8.5180592e+02   2.3271430e-05
   6.1100000e+02   8.5211283e+02   2.5066070e-05
   6.1200000e+02   8.5241999e+02   2.5912028e-05
   6.1300000e+02   8.5272738e+02   2.7078767e-05
   6.1400000e+02   8.5303501e+02   2.9428019e-05
   6.1500000e+02   8.5334289e+02   2.9777993e-05
   6.1600000e+02   8.5365100e+02   3.1755363e-05
   6.1700000e+02   8.5395936e+02   3.4540102e-05
   6.1800000e+02   8.5426796e+02   3.4412567e-05
   6.1900000e+02   8.5457680e+02   3.6564016e-05
   6.2000000e+02   8.5488588e+02   4.0665012e-05
   6.2100000e+02   8.5519521e+02   4.0458568e-05
   6.2200000e+02   8.5550478e+02   4.2736370e-05
   6.2300000e+02   8.5581459e+02   4.7015513e-05
   6.2400000e+02   8.5612465e+02   4.6548904e-05
   6.2500000e+02   8.5643494e+02   4.9908127e-05
   6.2600000e+02   8.5674549e+02   5.3067608e-05
   6.2700000e+02   8.5705627e+02   5.4066583e-05
   6.2800000e+02   8.5736730e+02   5.7451888e-05
   6.2900000e+02   8.5767857e+02   6.0251315e-05
   6.3000000e+02   8.5799009e+02   6.1097097e-05
   6.3100000e+02   8.5830186e+02   6.5914244e-05
   6.3200000e+02   8.5861387e+02   6.8292607e-05
   6.3300000e+02   8.5892612e+02   6.8026734e-05
   6.3400000e+02   8.5923862e+02   7.5811748e-05
   6.3500000e+02   8.5955137e+02   7.7051425e-05
   6.3600000e+02   8.5986436e+02   7.5760812e-05
   6.3700000e+02   8.6017760e+02   8.5764415e-05
   6.3800000e+02   8.6049108e+02   8.5156666e-05
   6.3900000e+02   8.6080481e+02   8.4350969e-05
   6.4000000e+02   8.6111879e+02   9.5626293e-05
   6.4100000e+02   8.6143302e+02   9.3000226e-05
   6.4200000e+02   8.6174749e+02   9.4801471e-05
   6.4300000e+02   8.6206221e+02   1.0323757e-04
   6.4400000e+02   8.6237718e+02   1.0331421e-04
   6.4500000e+02   8.6269240e+02   1.0446381e-04
   6.4600000e+02   8.6300786e+02   1.1047916e-04
   6.4700000e+02   8.6332358e+02   1.1597590e-04
   6.4800000e+02   8.6363954e+02   1.1381704e-04
   6.4900000e+02   8.6395576e+02   1.1846234e-04
   6.5000000e+02   8.6427222e+02   1.2922616e-04
   6.5100000e+02   8.6458893e+02   1.2451690e-04
   6.5200000e+02   8.6490590e+02   1.2762358e-04
   6.5300000e+02   8.6522311e+02   1.4137088e-04
   6.5400000e+02   8.6554057e+02   1.4012335e-04
   6.5500000e+02   8.6585829e+02   1.3618461e-04
   6.5600000e+02   8.6617625e+02   1.4853485e-04
   6.5700000e+02   8.6649447e+02   1.5647872e-04
   6.5800000e+02   8.6681294e+02   1.4617033e-04
   6.5900000e+02   8.6713166e+02   1.5111049e-04
   6.6000000e+02   8.6745063e+02   1.6717872e-04
   6.6100000e+02   8.6776986e+02   1.5892859e-04
   6.6200000e+02   8.6808933e+02   1.5434227e-04
   6.6300000e+02   8.6840906e+02   1.6876534e-04
   6.6400000e+02   8.6872905e+02   1.7040669e-04
   6.6500000e+02   8.6904928e+02   1.6208453e-04
   6.6600000e+02   8.6936977e+02   1.6234423e-04
   6.6700000e+02   8.6969052e+02   1.7584242e-04
   6.6800000e+02   8.7001152e+02   1.7169089e-04
   6.6900000e+02   8.7033277e+02   1.6009591e-04
   6.7000000e+02   8.7065428e+02   1.6932005e-04
   6.7100000e+02   8.7097604e+02   1.7474588e-04
   6.7200000e+02   8.7129806e+02   1.6684784e-04
   6.7300000e+02   8.7162033e+02   1.5982973e-04
   6.7400000e+02   8.7194286e+02   1.6606636e-04
   6.7500000e+02   8.7226564e+02   1.6902237e-04
   6.7600000e+02   8.7258868e+02   1.6134944e-04
   6.7700000e+02   8.7291198e+02   1.5510909e-04
   6.7800000e+02   8.7323553e+02   1.6146075e-04
   6.7900000e+02   8.7355934e+02   1.6290915e-04
   6.8000000e+02   8.7388341e+02   1.5317968e-04
   6.8100000e+02   8.7420773e+02   1.5048732e-04
   6.8200000e+02   8.7453232e+02   1.5404760e-04
   6.8300000e+02   8.7485716e+02   1.5143004e-04
   6.8400000e+02   8.7518226e+02   1.4691301e-04
   6.8500000e+02   8.7550761e+02   1.4453737e-04
   6.8600000e+02   8.7583323e+02   1.3952036e-04
   6.8700000e+02   8.7615910e+02   1.3937547e-04
   6.8800000e+02   8.7648524e+02   1.3643736e-04
   6.8900000e+02   8.7681163e+02   1.2837680e-04
   6.9000000e+02   8.7713829e+02   1.2801753e-04
   6.9100000e+02   8.7746520e+02   1.3696104e-04
   6.9200000e+02   8.7779237e+02   1.5783713e-04
   6.9300000e+02   8.7811981e+02   2.1599094e-04
   6.9400000e+02   8.7844750e+02   3.6727692e-04
   6.9500000e+02   8.7877546e+02   7.2366454e-04
   6.9600000e+02   8.7910368e+02   6.2523741e-04
   6.9700000e+02   8.7943216e+02   2.1544467e-04
   6.9800000e+02   8.7976090e+02   1.1758361e-04
   6.9900000e+02   8.8008991e+02   1.1815320e-04
   7.0000000e+02   8.8041917e+02   1.4245644e-04
   7.0100000e+02   8.8074870e+02   1.6293024e-04
   7.0200000e+02   8.8107849e+02   1.8944804e-04
   7.0300000e+02   8.8140855e+02   2.0657362e-04
   7.0400000e+02   8.8173887e+02   1.9914796e-04
   7.0500000e+02   8.8206945e+02   2.0237442e-04
   7.0600000e+02   8.8240030e+02   2.1580672e-04
   7.0700000e+02   8.8273141e+02   2.2021040e-04
   7.0800000e+02   8.8306278e+02   2.1897423e-04
   7.0900000e+02   8.8339442e+02   2.2393301e-04
   7.1000000e+02   8.8372633e+02   2.3722598e-04
   7.1100000e+02   8.8405850e+02   2.4354737e-04
   7.1200000e+02   8.8439094e+02   2.4382160e-04
   7.1300000e+02   8.8472364e+02   2.5121713e-04
   7.1400000e+02   8.8505661e+02   2.6396018e-04
   7.1500000e+02   8.8538984e+02   2.8053441e-04
   7.1600000e+02   8.8572335e+02   2.7160130e-04
   7.1700000e+02   8.8605712e+02   2.7178814e-04
   7.1800000e+02   8.8639115e+02   2.6631105e-04
   7.1900000e+02   8.8672546e+02   2.4916210e-04
   7.2000000e+02   8.8706003e+02   2.4774787e-04
   7.2100000e+02   8.8739487e+02   2.5867477e-04
   7.2200000e+02   8.8772998e+02   2.6975935e-04
   7.2300000e+02   8.8806535e+02   2.7253573e-04
   7.2400000e+02   8.8840100e+02   2.7619718e-04
   7.2500000e+02   8.8873691e+02   2.8211430e-04
   7.2600000e+02   8.8907310e+02   2.7752589e-04
   7.2700000e+02   8.8940955e+02   2.6862688e-04
   7.2800000e+02   8.8974628e+02   2.6833331e-04
   7.2900000e+02   8.9008327e+02   2.7298397e-04
   7.3000000e+02   8.9042054e+02   2.7342921e-04
   7.3100000e+02   8.9075807e+02   2.6796512e-04
   7.3200000e+02   8.9109588e+02   2.5894947e-04
   7.3300000e+02   8.9143396e+02   2.5793385e-04
   7.3400000e+02   8.9177231e+02   2.5054584e-04
   7.3500000e+02   8.9211093e+02   2.4184851e-04
   7.3600000e+02   8.9244983e+02   2.3448594e-04
   7.3700000e+02   8.9278900e+02   2.2500346e-04
   7.3800000e+02   8.9312844e+02   2.2072559e-04
   7.3900000e+02   8.9346815e+02   2.1153151e-04
   7.4000000e+02   8.9380814e+02   2.0590631e-04
   7.4100000e+02   8.9414840e+02   1.9799489e-04
   7.4200000e+02   8.9448893e+02   1.9800056e-04
   7.4300000e+02   8.9482974e+02   2.0807786e-04
   7.4400000e+02   8.9517082e+02   2.3364685e-04
   7.4500000e+02   8.9551218e+02   2.8329652e-04
   7.4600000e+02   8.9585381e+02   3.8411522e-04
   7.4700000e+02   8.9619572e+02   4.4768414e-04
   7.4800000e+02   8.9653790e+02   2.7781365e-04
   7.4900000e+02   8.9688036e+02   1.4370887e-04
   7.5000000e+02   8.9722310e+02   1.3306466e-04
   7.5100000e+02   8.9756611e+02   1.4036708e-04
   7.5200000e+02   8.9790940e+02   1.6027446e-04
   7.5300000e+02   8.9825297e+02   1.6056193e-04
   7.5400000e+02   8.9859681e+02   1.5149246e-04
   7.5500000e+02   8.9894093e+02   1.4653007e-04
   7.5600000e+02   8.9928533e+02   1.4291119e-04
   7.5700000e+02   8.9963001e+02   1.3821233e-04
   7.5800000e+02   8.9997497e+02   1.3432325e-04
   7.5900000e+02   9.0032020e+02   1.3090384e-04
   7.6000000e+02   9.0066571e+02   1.2755103e-04
   7.6100000e+02   9.0101151e+02   1.2663558e-04
   7.6200000e+02   9.0135758e+02   1.2519081e-04
   7.6300000e+02   9.0170393e+02   1.2324278e-04
   7.6400000e+02   9.0205057e+02   1.2143036e-04
   7.6500000e+02   9.0239748e+02   1.2088711e-04
   7.6600000e+02   9.0274467e+02   1.2000402e-04
   7.6700000e+02   9.0309215e+02   1.2080412e-04
   7.6800000e+02   9.0343990e+02   1.2358203e-04
   7.6900000e+02   9.0378794e+02   1.2524126e-04
   7.7000000e+02   9.1124609e+02   1.0123955e-04
   7.7100000e+02   9.1160090e+02   9.7839060e-05
   7.7200000e+02   9.1195599e+02   9.5966751e-05
   7.7300000e+02   9.1231137e+02   9.1622774e-05
   7.7400000e+02   9.1266704e+02   8.8682329e-05
   7.7500000e+02   9.1302299e+02   8.5227697e-05
   7.7600000e+02   9.1337924e+02   8.1099850e-05
   7.7700000e+02   9.1373577e+02   7.8101223e-05
   7.7800000e+02   9.1409259e+02   7.4509037e-05
   7.7900000e+02   9.1444970e+02   7.0684178e-05
   7.8000000e+02   9.1480710e+02   6.6070550e-05
   7.8100000e+02   9.1516478e+02   6.3505332e-05
   7.8200000e+02   9.1552276e+02   5.9371351e-05
   7.8300000e+02   9.1588103e+02   5.6406316e-05
   7.8400000e+02   9.1623959e+02   5.2881633e-05
   7.8500000e+02   9.1659844e+02   4.9325490e-05
   7.8600000e+02   9.1695758e+02   4.6345571e-05
   7.8700000e+02   9.1731701e+02   4.3255592e-05
   7.8800000e+02   9.1767673e+02   4.0196148e-05
   7.8900000e+02   9.1803674e+02   3.7758234e-05
   7.9000000e+02   9.1839705e+02   3.4791384e-05
   7.9100000e+02   9.1875765e+02   3.2251504e-05
   7.9200000e+02   9.1911854e+02   2.9769282e-05
   7.9300000e+02   9.1947973e+02   2.7542297e-05
   7.9400000e+02   9.1984120e+02   2.5095987e-05
   7.9500000e+02   9.2020298e+02   2.3449642e-05
   7.9600000e+02   9.2056504e+02   2.1692945e-05
   7.9700000e+02   9.2092740e+02   1.9794576e-05
   7.9800000e+02   9.2129006e+02   1.8389750e-05
   7.9900000e+02   9.2165301e+02   1.6739813e-05
   8.0000000e+02   9.2201625e+02   1.5363792e-05
   1.3690000e+03   1.2843649e+03   7.1659717e-05
   1.3700000e+03   1.2849282e+03   7.6754669e-05
   1.3710000e+03   1.2854920e+03   8.3342615e-05
   1.3720000e+03   1.2860563e+03   8.8221209e-05
   1.3730000e+03   1.2866211e+03   9.2664458e-05
   1.3740000e+03   1.2871863e+03   9.8824159e-05
   1.3750000e+03   1.2877520e+03   1.0875829e-04
   1.3760000e+03   1.2883182e+03   1.0780062e-04
   1.3770000e+03   1.2888849e+03   1.0302584e-04
   1.3780000e+03   1.2894521e+03   1.1015351e-04
   1.3790000e+03   1.2900198e+03   1.2209120e-04
   1.3800000e+03   1.2905879e+03   1.3440503e-04
   1.3810000e+03   1.2911565e+03   1.4213184e-04
   1.3820000e+03   1.2917257e+03   1.4964490e-04
   1.3830000e+03   1.2922953e+03   1.5886990e-04
   1.3840000e+03   1.2928654e+03   1.6348618e-04
   1.3850000e+03   1.2934359e+03   1.5957873e-04
   1.3860000e+03   1.2940070e+03   1.6414917e-04
   1.3870000e+03   1.2945786e+03   1.7069331e-04
   1.3880000e+03   1.2951506e+03   1.7289911e-04
   1.3890000e+03   1.2957232e+03   1.8020670e-04
   1.3900000e+03   1.2962962e+03   1.8145941e-04
   1.3910000e+03   1.2968697e+03   1.8169387e-04
   1.3920000e+03   1.2974437e+03   1.8474875e-04
   1.3930000e+03   1.2980182e+03   1.8574898e-04
   1.3940000e+03   1.2985932e+03   1.8738038e-04
   1.3950000e+03   1.2991687e+03   1.9326301e-04
   1.3960000e+03   1.2997447e+03   1.9209180e-04
   1.3970000e+03   1.3003212e+03   1.9707183e-04
   1.3980000e+03   1.3008982e+03   2.1006373e-04
   1.3990000e+03   1.3014757e+03   2.3184029e-04
   1.4000000e+03   1.3020536e+03   2.7847094e-04
   1.4010000e+03   1.3026321e+03   2.9472100e-04
   1.4020000e+03   1.3032111e+03   2.1084248e-04
   1.4030000e+03   1.3037905e+03   2.4038627e-04
   1.4040000e+03   1.3043705e+03   2.3647322e-04
   1.4050000e+03   1.3049510e+03   2.7026289e-04
   1.4060000e+03   1.3055319e+03   2.8728974e-04
   1.4070000e+03   1.3061134e+03   2.7893313e-04
   1.4080000e+03   1.3066954e+03   2.9120017e-04
   1.4090000e+03   1.3072778e+03   3.1374889e-04
   1.4100000e+03   1.3078608e+03   3.4049751e-04
   1.4110000e+03   1.3084443e+03   3.6877361e-04
   1.4120000e+03   1.3090282e+03   3.9253180e-04
   1.4130000e+03   1.3096127e+03   4.1885186e-04
   1.4140000e+03   1.3101977e+03   4.4864723e-04
   1.4150000e+03   1.3107832e+03   4.7594800e-04
   1.4160000e+03   1.3113692e+03   4.8943522e-04
   1.4170000e+03   1.3119557e+03   5.2872209e-04
   1.4180000e+03   1.3125427e+03   5.6535303e-04
   1.4190000e+03   1.3131302e+03   5.8208066e-04
   1.4200000e+03   1.3137182e+03   5.8397351e-04
   1.4210000e+03   1.3143068e+03   5.9993866e-04
   1.4220000e+03   1.3148958e+03   6.1811645e-04
   1.4230000e+03   1.3154853e+03   6.2042873e-04
   1.4240000e+03   1.3160754e+03   6.1340306e-04
   1.4250000e+03   1.3166660e+03   6.0741256e-04
   1.4260000e+03   1.3172571e+03   5.9961149e-04
   1.4270000e+03   1.3178486e+03   5.9128621e-04
   1.4280000e+03   1.3184407e+03   5.7803989e-04
   1.4290000e+03   1.3190334e+03   5.5961936e-04
   1.4300000e+03   1.3196265e+03   5.3231742e-04
   1.4310000e+03   1.3202201e+03   5.0664268e-04
   1.4320000e+03   1.3208143e+03   4.7636160e-04
   1.4330000e+03   1.3214090e+03   4.4663367e-04
   1.4340000e+03   1.3220042e+03   4.0260610e-04
   1.4350000e+03   1.3225999e+03   3.7413322e-04
   1.4360000e+03   1.3231961e+03   3.6636706e-04
   1.4370000e+03   1.3237928e+03   3.4313980e-04
   1.4380000e+03   1.3243901e+03   3.8379067e-04
   1.4390000e+03   1.3249879e+03   6.1043729e-04
   1.4400000e+03   1.3255862e+03   1.0429526e-03
   1.4410000e+03   1.3261850e+03   8.5150396e-04
   1.4420000e+03   1.3267843e+03   2.7353970e-04
   1.4430000e+03   1.3273842e+03   2.2817578e-04
   1.4440000e+03   1.3279846e+03   2.9592612e-04
   1.4450000e+03   1.3285855e+03   3.0376012e-04
   1.4460000e+03   1.3291869e+03   2.9908986e-04
   1.4470000e+03   1.3297889e+03   3.0459741e-04
   1.4480000e+03   1.3303913e+03   3.1341613e-04
   1.4490000e+03   1.3309943e+03   3.2471627e-04
   1.4500000e+03   1.3315979e+03   3.2492427e-04
   1.4510000e+03   1.3322019e+03   3.3060144e-04
   1.4520000e+03   1.3328065e+03   3.6685066e-04
   1.4530000e+03   1.3334116e+03   3.8799038e-04
   1.4540000e+03   1.3340172e+03   4.0069992e-04
   1.4550000e+03   1.3346234e+03   4.1556030e-04
   1.4560000e+03   1.3352301e+03   4.2402317e-04
   1.4570000e+03   1.3358373e+03   4.3093100e-04
   1.4580000e+03   1.3364451e+03   4.4378867e-04
   1.4590000e+03   1.3370534e+03   4.5460048e-04
   1.4600000e+03   1.3376622e+03   4.3311672e-04
   1.4610000e+03   1.3382715e+03   4.1662928e-04
   1.4620000e+03   1.3388814e+03   4.0273898e-04
   1.4630000e+03   1.3381764e+03   4.2065786e-04
   1.4640000e+03   1.3386846e+03   4.0563483e-04
   1.4650000e+03   1.3391931e+03   3.9637805e-04
   1.4660000e+03   1.3397021e+03   3.8324019e-04
   1.4670000e+03   1.3402115e+03   3.5744038e-04
   1.4680000e+03   1.3407212e+03   3.3132790e-04
   1.4690000e+03   1.3412314e+03   3.2894032e-04
   1.4700000e+03   1.3417420e+03   3.1930605e-04
   1.4710000e+03   1.3422530e+03   3.0225832e-04
   1.4720000e+03   1.3427644e+03   3.1044982e-04
   1.4730000e+03   1.3432763e+03   2.8590398e-04
   1.4740000e+03   1.3437885e+03   2.2927304e-04
   1.4750000e+03   1.3443011e+03   1.8755439e-04
   1.4760000e+03   1.3448142e+03   1.6390185e-04
   1.4770000e+03   1.3453276e+03   1.4385485e-04
   1.4780000e+03   1.3458415e+03   1.2602602e-04
   1.4790000e+03   1.3463558e+03   1.1100992e-04
   1.4800000e+03   1.3468705e+03   9.6312267e-05
   1.4810000e+03   1.3473856e+03   8.4123245e-05
   1.4820000e+03   1.3479011e+03   7.3633568e-05
   1.4830000e+03   1.3484170e+03   6.5322398e-05
   1.4840000e+03   1.3489334e+03   5.9090999e-05
   1.4850000e+03   1.3494501e+03   5.2700493e-05
   1.4860000e+03   1.3499673e+03   4.7435110e-05
   1.4870000e+03   1.3504849e+03   4.1881490e-05
   1.4880000e+03   1.3510029e+03   3.7414628e-05
   1.4890000e+03   1.3515213e+03   3.4176383e-05
   1.4900000e+03   1.3520401e+03   3.0098016e-05
   1.4910000e+03   1.3525594e+03   2.6463629e-05
   1.4920000e+03   1.3530791e+03   2.3100635e-05
   1.4930000e+03   1.3535991e+03   2.0235436e-05
   1.4940000e+03   1.3541196e+03   1.7982447e-05
   1.4950000e+03   1.3546406e+03   1.5464379e-05
   2.4240000e+03   8.5284612e+02   2.7916071e-05
   2.4250000e+03   8.5119259e+02   2.1368052e-05
   2.4260000e+03   9.0412714e+02   1.2826507e-04
   2.4270000e+03   9.0446613e+02   1.2936061e-04
   2.4280000e+03   9.0480513e+02   1.1738901e-04
   2.4290000e+03   9.0514413e+02   1.1841883e-04
   2.4300000e+03   9.0548313e+02   1.1991764e-04
   2.4310000e+03   9.0582213e+02   1.1999449e-04
   2.4320000e+03   9.0616112e+02   1.2006191e-04
   2.4330000e+03   9.0650012e+02   1.2096959e-04
   2.4340000e+03   9.0683912e+02   1.2092994e-04
   2.4350000e+03   9.0717812e+02   1.2109270e-04
   2.4360000e+03   9.0751711e+02   1.2243213e-04
   2.4370000e+03   9.0785611e+02   1.1987014e-04
   2.4380000e+03   9.0819511e+02   1.1921470e-04
   2.4390000e+03   9.0853411e+02   1.1741915e-04
   2.4400000e+03   9.0887311e+02   1.1651101e-04
   2.4410000e+03   9.0921210e+02   1.1349706e-04
   2.4420000e+03   9.0955110e+02   1.1327526e-04
   2.4430000e+03   9.0989010e+02   1.1043323e-04
   2.4440000e+03   9.1022910e+02   1.0786725e-04
   2.4450000e+03   9.1056810e+02   1.0643705e-04
   2.4460000e+03   9.1090709e+02   1.0309111e-04
   2.6240000e+03   1.2736742e+03   1.5781781e-05
   2.6250000e+03   1.2742087e+03   1.7014107e-05
   2.6260000e+03   1.2747433e+03   1.8711260e-05
   2.6270000e+03   1.2752778e+03   2.0756543e-05
   2.6280000e+03   1.2758123e+03   2.2480767e-05
   2.6290000e+03   1.2763469e+03   2.4571990e-05
   2.6300000e+03   1.2768814e+03   2.6287779e-05
   2.6310000e+03   1.2774159e+03   2.9032212e-05
   2.6320000e+03   1.2779505e+03   3.1999143e-05
   2.6330000e+03   1.2784850e+03   3.4573707e-05
   2.6340000e+03   1.2790196e+03   3.8359035e-05
   2.6350000e+03   1.2795541e+03   4.2270760e-05
   2.6360000e+03   1.2800886e+03   4.4694574e-05
   2.6370000e+03   1.2806232e+03   4.5528034e-05
   2.6380000e+03   1.2811577e+03   4.8969230e-05
   2.6390000e+03   1.2816922e+03   5.2966642e-05
   2.6400000e+03   1.2822268e+03   5.6380308e-05
   2.6410000e+03   1.2827613e+03   5.9952111e-05
   2.6420000e+03   1.2832958e+03   6.3370006e-05
   2.6430000e+03   1.2838304e+03   6.7761381e-05
   2.6440000e+03   1.3394912e+03   3.8940550e-04
   2.6450000e+03   1.3376682e+03   4.3247555e-04
