   1.6600000e+02   7.5312500e+02   6.4189449e-04
   1.6700000e+02   7.5375000e+02   7.4742135e-04
   1.8800000e+02   7.6687500e+02   5.4726449e-04
   1.8900000e+02   7.6750000e+02   5.4956709e-04
   1.9400000e+02   7.7062500e+02   6.1136168e-04
   1.9500000e+02   7.7125000e+02   5.6632403e-04
   2.0600000e+02   7.7812500e+02   8.4225912e-04
   2.0700000e+02   7.7875000e+02   7.5934977e-04
   2.0800000e+02   7.7937500e+02   6.4381584e-04
   2.0900000e+02   7.8000000e+02   1.0517024e-03
   2.1000000e+02   7.8062500e+02   1.0724552e-03
   2.1800000e+02   7.8562500e+02   5.4228584e-04
   2.1900000e+02   7.8625000e+02   6.6385715e-04
   2.2000000e+02   7.8687500e+02   7.0760215e-04
   2.2100000e+02   7.8750000e+02   1.1569105e-03
   2.2200000e+02   7.8812500e+02   1.5559227e-03
   2.2300000e+02   7.8875000e+02   1.0094910e-03
   2.3100000e+02   7.9375000e+02   5.3401963e-04
   2.3200000e+02   7.9437500e+02   7.3884296e-04
   2.3400000e+02   7.9562500e+02   1.0142169e-03
   2.3500000e+02   7.9625000e+02   1.5891133e-03
   2.3600000e+02   7.9687500e+02   1.0255386e-03
   2.3700000e+02   7.9750000e+02   1.1389122e-03
   2.3800000e+02   7.9812500e+02   1.1248939e-03
   2.3900000e+02   7.9875000e+02   5.2347657e-04
   2.5100000e+02   8.0625000e+02   1.0601701e-03
   2.5200000e+02   8.0687500e+02   1.4579043e-03
   2.5300000e+02   8.0750000e+02   1.7685312e-03
   2.5400000e+02   8.0812500e+02   9.3324022e-04
   2.5600000e+02   8.0937500e+02   5.5978038e-04
   2.5700000e+02   8.1000000e+02   6.2825405e-04
   2.6000000e+02   8.1187500e+02   6.9904959e-04
   2.6100000e+02   8.1250000e+02   9.8088132e-04
   2.6300000e+02   8.1375000e+02   1.5128327e-03
   2.6400000e+02   8.1437500e+02   2.2421565e-03
   2.6500000e+02   8.1500000e+02   1.4257307e-03
   2.6600000e+02   8.1562500e+02   1.8988683e-03
   2.6700000e+02   8.1625000e+02   3.6756773e-03
   2.6800000e+02   8.1687500e+02   3.2860963e-03
   2.6900000e+02   8.1750000e+02   7.5671645e-04
   2.8300000e+02   8.2625000e+02   1.2226430e-03
   2.8400000e+02   8.2687500e+02   2.8820741e-03
   2.8500000e+02   8.2750000e+02   4.7638171e-03
   2.8600000e+02   8.2812500e+02   3.3650912e-03
   2.8700000e+02   8.2875000e+02   6.6375596e-04
   2.9000000e+02   8.3062500e+02   9.7071412e-04
   2.9100000e+02   8.3125000e+02   5.8738100e-04
   2.9200000e+02   8.3187500e+02   1.0377655e-03
   2.9300000e+02   8.3250000e+02   2.7284998e-03
   2.9400000e+02   8.3312500e+02   2.1983943e-03
   2.9500000e+02   8.3375000e+02   1.9074334e-03
   2.9600000e+02   8.3437500e+02   2.6097917e-03
   2.9700000e+02   8.3500000e+02   1.9744419e-03
   2.9800000e+02   8.3562500e+02   5.9816903e-04
   3.1600000e+02   8.4687500e+02   2.4327598e-03
   3.1700000e+02   8.4750000e+02   5.3160279e-03
   3.1800000e+02   8.4812500e+02   3.5456926e-03
   3.1900000e+02   8.4875000e+02   6.9458124e-04
   3.2200000e+02   8.5062500e+02   1.1420024e-03
   3.2300000e+02   8.5125000e+02   2.6548059e-03
   3.2400000e+02   8.5187500e+02   2.1210079e-03
   3.2500000e+02   8.5250000e+02   2.4816727e-03
   3.2600000e+02   8.5312500e+02   5.2758793e-03
   3.2700000e+02   8.5375000e+02   7.3869365e-03
   3.2800000e+02   8.5437500e+02   3.5055210e-03
   3.4800000e+02   8.6687500e+02   2.0434043e-03
   3.4900000e+02   8.6750000e+02   8.8760280e-03
   3.5000000e+02   8.6812500e+02   1.0060356e-02
   3.5100000e+02   8.6875000e+02   2.9266743e-03
   3.5500000e+02   8.7125000e+02   1.3079571e-03
   3.5600000e+02   8.7187500e+02   2.9912822e-03
   3.5700000e+02   8.7250000e+02   3.3518270e-03
   3.5800000e+02   8.7312500e+02   1.7061633e-03
   3.8000000e+02   8.8687500e+02   9.4650380e-04
   3.8100000e+02   8.8750000e+02   5.4392693e-03
   3.8200000e+02   8.8812500e+02   7.9808965e-03
   3.8300000e+02   8.8875000e+02   2.8181079e-03
   3.8700000e+02   8.9125000e+02   2.3900598e-03
   3.8800000e+02   8.9187500e+02   7.5842311e-03
   3.8900000e+02   8.9250000e+02   6.0104457e-03
   3.9000000e+02   8.9312500e+02   1.2166078e-03
   4.1300000e+02   9.0750000e+02   4.1228469e-03
   4.1400000e+02   9.0812500e+02   9.8014659e-03
   4.1500000e+02   9.0875000e+02   5.5103491e-03
   4.1600000e+02   9.0937500e+02   7.4879561e-04
   4.2100000e+02   9.1250000e+02   5.9652681e-04
   4.2600000e+02   9.1562500e+02   6.3740336e-04
   4.3000000e+02   9.1812500e+02   7.0650525e-04
   4.3100000e+02   9.1875000e+02   1.0841054e-03
   4.3200000e+02   9.1937500e+02   6.0193824e-04
   4.3400000e+02   9.2062500e+02   1.6881130e-03
   4.3500000e+02   9.2125000e+02   3.5066689e-03
   4.3600000e+02   9.2187500e+02   2.0510577e-03
   4.3700000e+02   9.2250000e+02   6.5694400e-04
   4.3800000e+02   9.2312500e+02   2.3107718e-03
   4.3900000e+02   9.2375000e+02   3.5898914e-03
   4.4000000e+02   9.2437500e+02   2.1979357e-03
   4.4100000e+02   9.2500000e+02   2.5553921e-03
   4.4200000e+02   9.2562500e+02   4.7931378e-03
   4.4300000e+02   9.2625000e+02   4.0063366e-03
   4.4400000e+02   9.2687500e+02   8.1463340e-03
   4.4500000e+02   9.2750000e+02   1.1985955e-02
   4.4600000e+02   9.2812500e+02   9.7640106e-03
   4.4700000e+02   9.2875000e+02   1.1684582e-02
   4.4800000e+02   9.2937500e+02   1.2375131e-02
   4.4900000e+02   9.3000000e+02   1.5831342e-02
   4.5000000e+02   9.3062500e+02   2.4349624e-02
   4.5100000e+02   9.3125000e+02   2.7678433e-02
   4.5200000e+02   9.3187500e+02   2.1533549e-02
   4.5300000e+02   9.3250000e+02   1.3267863e-02
   4.5400000e+02   9.3312500e+02   8.5645791e-03
   4.5500000e+02   9.3375000e+02   5.2002033e-03
   4.5600000e+02   9.3437500e+02   4.0507578e-03
   4.5700000e+02   9.3500000e+02   2.4034413e-03
   4.5800000e+02   9.3562500e+02   1.9125543e-03
   4.5900000e+02   9.3625000e+02   1.4283582e-03
   4.6000000e+02   9.3687500e+02   7.7937452e-04
   4.6100000e+02   9.3750000e+02   7.9628355e-04
   4.7700000e+02   9.4750000e+02   1.4332443e-03
   4.7800000e+02   9.4812500e+02   3.7427897e-03
   4.7900000e+02   9.4875000e+02   2.4187165e-03
   4.8000000e+02   9.4937500e+02   5.8098908e-04
   4.8200000e+02   9.5062500e+02   5.5456231e-04
   4.8300000e+02   9.5125000e+02   2.6912005e-03
   4.8400000e+02   9.5187500e+02   4.1217652e-03
   4.8500000e+02   9.5250000e+02   1.6868738e-03
   4.9200000e+02   9.5687500e+02   5.1842955e-04
   4.9300000e+02   9.5750000e+02   8.5508917e-04
   4.9400000e+02   9.5812500e+02   1.1642356e-03
   4.9500000e+02   9.5875000e+02   9.8011266e-04
   4.9600000e+02   9.5937500e+02   1.6661770e-03
   4.9700000e+02   9.6000000e+02   1.9177865e-03
   4.9800000e+02   9.6062500e+02   3.0532537e-03
   4.9900000e+02   9.6125000e+02   4.1093202e-03
   5.0000000e+02   9.6187500e+02   6.0471415e-03
   5.0100000e+02   9.6250000e+02   7.2563109e-03
   5.0200000e+02   9.6312500e+02   7.9506208e-03
   5.0300000e+02   9.6375000e+02   1.0777366e-02
   5.0400000e+02   9.6437500e+02   1.5050088e-02
   5.0500000e+02   9.6500000e+02   2.1375432e-02
   5.0600000e+02   9.6562500e+02   2.5971475e-02
   5.0700000e+02   9.6625000e+02   3.0589496e-02
   5.0800000e+02   9.6687500e+02   3.9863216e-02
   5.0900000e+02   9.6750000e+02   3.6808124e-02
   5.1000000e+02   9.6812500e+02   1.5823862e-02
   5.1100000e+02   9.6875000e+02   2.8016729e-03
   5.1200000e+02   9.6937500e+02   5.3763130e-04
   5.1500000e+02   9.7125000e+02   1.6152112e-03
   5.1600000e+02   9.7187500e+02   3.1715197e-03
   5.1700000e+02   9.7250000e+02   1.5886916e-03
   5.4600000e+02   9.9062500e+02   5.9590610e-04
   5.4700000e+02   9.9125000e+02   2.9634775e-03
   5.4800000e+02   9.9187500e+02   8.7487139e-03
   5.4900000e+02   9.9250000e+02   1.5760745e-02
   5.5000000e+02   9.9312500e+02   9.9779166e-03
   5.5100000e+02   9.9375000e+02   1.6352061e-03
   5.7100000e+02   1.0062500e+03   6.7036024e-04
   5.7200000e+02   1.0068750e+03   5.4588911e-03
   5.7300000e+02   1.0075000e+03   1.1961818e-02
   5.7400000e+02   1.0081250e+03   6.7051347e-03
   5.7500000e+02   1.0087500e+03   9.5870665e-04
   5.7700000e+02   1.0100000e+03   5.4710643e-04
   5.7800000e+02   1.0106250e+03   3.2210211e-03
   5.7900000e+02   1.0112500e+03   5.8206150e-03
   5.8000000e+02   1.0118750e+03   5.1047508e-03
   5.8100000e+02   1.0125000e+03   6.7385964e-03
   5.8200000e+02   1.0131250e+03   7.0168590e-03
   5.8300000e+02   1.0137500e+03   3.0512538e-03
   6.0300000e+02   1.0262500e+03   2.7023404e-03
   6.0400000e+02   1.0268750e+03   7.8474655e-03
   6.0500000e+02   1.0275000e+03   5.7345436e-03
   6.0600000e+02   1.0281250e+03   1.0269830e-03
   6.0900000e+02   1.0300000e+03   1.7149859e-03
   6.1000000e+02   1.0306250e+03   2.0631211e-03
   6.1100000e+02   1.0312500e+03   2.2405434e-03
   6.1200000e+02   1.0318750e+03   5.7115124e-03
   6.1300000e+02   1.0325000e+03   6.2095527e-03
   6.1400000e+02   1.0331250e+03   6.0288676e-03
   6.1500000e+02   1.0337500e+03   1.1566173e-02
   6.1600000e+02   1.0343750e+03   1.1489351e-02
   6.1700000e+02   1.0350000e+03   3.6424801e-03
   6.3300000e+02   1.0450000e+03   8.8092184e-04
   6.3400000e+02   1.0456250e+03   8.0118054e-03
   6.3500000e+02   1.0462500e+03   2.2815731e-02
   6.3600000e+02   1.0468750e+03   1.5876181e-02
   6.3700000e+02   1.0475000e+03   2.4172220e-03
   6.3800000e+02   1.0481250e+03   6.0523998e-04
   6.3900000e+02   1.0487500e+03   1.0481082e-03
   6.4000000e+02   1.0493750e+03   1.7678386e-03
   6.4100000e+02   1.0500000e+03   8.4694854e-04
   6.4200000e+02   1.0506250e+03   8.3950697e-04
   6.4300000e+02   1.0512500e+03   2.1693384e-03
   6.4400000e+02   1.0518750e+03   2.3116634e-03
   6.4500000e+02   1.0525000e+03   3.1532859e-03
   6.4600000e+02   1.0531250e+03   5.8492227e-03
   6.4700000e+02   1.0537500e+03   4.8860366e-03
   6.4800000e+02   1.0543750e+03   5.0712342e-03
   6.4900000e+02   1.0550000e+03   4.1134466e-03
   6.5000000e+02   1.0556250e+03   1.4246633e-03
   6.6400000e+02   1.0643750e+03   1.0434921e-03
   6.6500000e+02   1.0650000e+03   8.1897837e-03
   6.6600000e+02   1.0656250e+03   1.5411466e-02
   6.6700000e+02   1.0662500e+03   6.5813628e-03
   6.6800000e+02   1.0668750e+03   9.1712034e-04
   6.6900000e+02   1.0675000e+03   1.4941129e-03
   6.7000000e+02   1.0681250e+03   2.0724425e-03
   6.7100000e+02   1.0687500e+03   7.3320701e-04
   6.7300000e+02   1.0700000e+03   7.4971668e-04
   6.7400000e+02   1.0706250e+03   1.5030954e-03
   6.7500000e+02   1.0712500e+03   7.0224687e-04
   6.7600000e+02   1.0718750e+03   8.4612199e-04
   6.7700000e+02   1.0725000e+03   1.8205687e-03
   6.7800000e+02   1.0731250e+03   1.8186456e-03
   6.7900000e+02   1.0737500e+03   3.0649048e-03
   6.8000000e+02   1.0743750e+03   4.3354398e-03
   6.8100000e+02   1.0750000e+03   3.5241502e-03
   6.8200000e+02   1.0756250e+03   5.4801471e-03
   6.8300000e+02   1.0762500e+03   4.3833222e-03
   6.8400000e+02   1.0768750e+03   1.2354888e-03
   6.9400000e+02   1.0831250e+03   5.2414859e-04
   6.9500000e+02   1.0837500e+03   4.5591025e-03
   6.9600000e+02   1.0843750e+03   1.6510561e-02
   6.9700000e+02   1.0850000e+03   1.3787113e-02
   6.9800000e+02   1.0856250e+03   2.8442209e-03
   6.9900000e+02   1.0862500e+03   1.0307687e-03
   7.0000000e+02   1.0868750e+03   5.5082676e-04
   7.0300000e+02   1.0887500e+03   1.0152395e-03
   7.0400000e+02   1.0893750e+03   1.9677099e-03
   7.0500000e+02   1.0900000e+03   9.5644020e-04
   7.0700000e+02   1.0912500e+03   6.5511216e-04
   7.0800000e+02   1.0918750e+03   1.0967588e-03
   7.0900000e+02   1.0925000e+03   5.1736636e-04
   7.1000000e+02   1.0931250e+03   6.6325378e-04
   7.1100000e+02   1.0937500e+03   1.1425470e-03
   7.1200000e+02   1.0943750e+03   1.2490140e-03
   7.1300000e+02   1.0950000e+03   2.2278455e-03
   1.3100000e+03   1.0956250e+03   2.2121636e-03
   1.3110000e+03   1.0962500e+03   1.9200101e-03
   1.3120000e+03   1.0968750e+03   1.4179637e-03
