   3.2500000e+02   7.4348812e+02   5.1300606e-04
   3.5600000e+02   7.5338322e+02   8.7231244e-04
   3.5700000e+02   7.5370673e+02   8.4947046e-04
   3.7800000e+02   7.6056383e+02   9.6267461e-04
   3.7900000e+02   7.6089341e+02   5.4680349e-04
   3.9700000e+02   7.6687382e+02   6.1859983e-04
   3.9800000e+02   7.6720875e+02   6.3080153e-04
   4.0000000e+02   7.6787948e+02   5.0245423e-04
   4.0800000e+02   7.7057384e+02   6.2707344e-04
   4.0900000e+02   7.7091193e+02   1.2061214e-03
   4.1000000e+02   7.7125031e+02   5.6633685e-04
   4.1800000e+02   7.7396777e+02   6.4637573e-04
   4.2500000e+02   7.7636085e+02   6.8033026e-04
   4.2600000e+02   7.7670389e+02   5.5015658e-04
   4.3000000e+02   7.7807900e+02   1.1384091e-03
   4.3100000e+02   7.7842351e+02   1.3396845e-03
   4.3400000e+02   7.7945884e+02   8.3586095e-04
   4.3500000e+02   7.7980454e+02   7.7785582e-04
   4.3600000e+02   7.8015054e+02   1.0490079e-03
   4.3700000e+02   7.8049683e+02   1.7234752e-03
   4.3800000e+02   7.8084343e+02   8.7601714e-04
   4.4900000e+02   7.9174895e+02   6.1800927e-04
   4.5500000e+02   7.9388892e+02   6.7947028e-04
   4.5600000e+02   7.9424666e+02   1.1937713e-03
   4.5700000e+02   7.9460470e+02   6.0610338e-04
   4.6000000e+02   7.9568070e+02   8.4776263e-04
   4.6100000e+02   7.9603999e+02   2.3580183e-03
   4.6200000e+02   7.9639959e+02   1.7810162e-03
   4.6400000e+02   7.9711971e+02   8.7736261e-04
   4.6500000e+02   7.9748024e+02   1.3415623e-03
   4.6600000e+02   7.9784109e+02   1.1120083e-03
   4.6700000e+02   7.9820224e+02   1.3918180e-03
   4.6800000e+02   7.9856371e+02   7.5598720e-04
   4.8800000e+02   8.0585925e+02   7.2448092e-04
   4.8900000e+02   8.0622737e+02   1.1658300e-03
   4.9000000e+02   8.0659580e+02   1.2295198e-03
   4.9100000e+02   8.0696456e+02   1.3471106e-03
   4.9200000e+02   8.0733364e+02   2.0095839e-03
   4.9300000e+02   8.0770304e+02   2.0686742e-03
   4.9400000e+02   8.0807276e+02   9.4058812e-04
   4.9800000e+02   8.0955487e+02   9.8986833e-04
   4.9900000e+02   8.0992621e+02   8.2396770e-04
   5.0500000e+02   8.1216105e+02   1.3959647e-03
   5.0600000e+02   8.1253466e+02   1.1934873e-03
   5.0900000e+02   8.1365747e+02   6.3833500e-04
   5.1000000e+02   8.1403239e+02   2.9905547e-03
   5.1100000e+02   8.1440764e+02   3.2294107e-03
   5.1200000e+02   8.1478322e+02   9.0223568e-04
   5.1300000e+02   8.1515913e+02   8.9858631e-04
   5.1400000e+02   8.1553537e+02   1.9645339e-03
   5.1500000e+02   8.1591194e+02   2.0354265e-03
   5.1600000e+02   8.1628884e+02   4.1863649e-03
   5.1700000e+02   8.1666607e+02   5.4315480e-03
   5.1800000e+02   8.1704363e+02   2.2545305e-03
   5.4200000e+02   8.2620538e+02   1.0939234e-03
   5.4300000e+02   8.2659134e+02   2.0636279e-03
   5.4400000e+02   8.2697764e+02   2.7911642e-03
   5.4500000e+02   8.2736429e+02   4.8198909e-03
   5.4600000e+02   8.2775127e+02   6.1726632e-03
   5.4700000e+02   8.2813860e+02   3.3002265e-03
   5.4800000e+02   8.2852627e+02   5.4377112e-04
   5.5300000e+02   8.3046977e+02   1.2376212e-03
   5.5400000e+02   8.3085951e+02   1.1841572e-03
   5.5700000e+02   8.3203078e+02   8.4656380e-04
   5.5800000e+02   8.3242190e+02   3.4697572e-03
   5.5900000e+02   8.3281337e+02   3.6877924e-03
   5.6000000e+02   8.3320518e+02   1.1311950e-03
   5.6100000e+02   8.3359734e+02   1.3830485e-03
   5.6200000e+02   8.3398985e+02   2.6598791e-03
   5.6300000e+02   8.3438271e+02   2.5141023e-03
   5.6400000e+02   8.3477591e+02   2.8466843e-03
   5.6500000e+02   8.3516947e+02   1.6838402e-03
   5.9400000e+02   8.4673652e+02   1.1705554e-03
   5.9500000e+02   8.4714075e+02   3.7847357e-03
   5.9600000e+02   8.4754535e+02   6.9057262e-03
   5.9700000e+02   8.4795031e+02   5.1235137e-03
   5.9800000e+02   8.4835564e+02   1.3292372e-03
   6.0400000e+02   8.5079524e+02   1.2161536e-03
   6.0500000e+02   8.5120312e+02   3.5234378e-03
   6.0600000e+02   8.5161136e+02   2.8475486e-03
   6.0700000e+02   8.5201998e+02   1.0172415e-03
   6.0800000e+02   8.5242896e+02   2.3874473e-03
   6.0900000e+02   8.5149312e+02   4.0224349e-03
   6.1000000e+02   8.5179979e+02   1.3264304e-03
   6.1100000e+02   8.5210669e+02   7.8734224e-04
   6.1200000e+02   8.5241384e+02   2.1590940e-03
   6.1300000e+02   8.5272123e+02   3.8902280e-03
   6.1400000e+02   8.5302886e+02   3.0886769e-03
   6.1500000e+02   8.5333673e+02   5.4016584e-03
   6.1600000e+02   8.5364484e+02   1.1323003e-02
   6.1700000e+02   8.5395319e+02   9.3224125e-03
   6.1800000e+02   8.5426179e+02   2.6046592e-03
   6.1900000e+02   8.5457062e+02   6.7643268e-04
   6.5800000e+02   8.6680657e+02   6.7106848e-04
   6.5900000e+02   8.6712528e+02   1.9133115e-03
   6.6000000e+02   8.6744425e+02   7.1727074e-03
   6.6100000e+02   8.6776347e+02   1.6299693e-02
   6.6200000e+02   8.6808294e+02   1.4309919e-02
   6.6300000e+02   8.6840267e+02   4.4307975e-03
   6.6400000e+02   8.6872264e+02   1.1047190e-03
   6.6500000e+02   8.6904288e+02   5.4022533e-04
   6.7200000e+02   8.7129161e+02   1.0541456e-03
   6.7300000e+02   8.7161388e+02   3.0168689e-03
   6.7400000e+02   8.7193640e+02   2.9535066e-03
   6.7500000e+02   8.7225918e+02   3.2579532e-03
   6.7600000e+02   8.7258222e+02   4.7607925e-03
   6.7700000e+02   8.7290551e+02   2.4134922e-03
   6.7800000e+02   8.7322906e+02   5.3889208e-04
   7.2000000e+02   8.8705333e+02   6.8595787e-04
   7.2100000e+02   8.8738817e+02   2.2679878e-03
   7.2200000e+02   8.8772327e+02   9.1952824e-03
   7.2300000e+02   8.8805864e+02   1.2752042e-02
   7.2400000e+02   8.8839428e+02   5.3041185e-03
   7.2500000e+02   8.8873019e+02   1.1087619e-03
   7.3200000e+02   8.9108912e+02   6.0168601e-04
   7.3300000e+02   8.9142720e+02   1.8701636e-03
   7.3400000e+02   8.9176554e+02   7.5850882e-03
   7.3500000e+02   8.9210416e+02   1.2594160e-02
   7.3600000e+02   8.9244305e+02   7.0802497e-03
   7.3700000e+02   8.9278221e+02   1.5039655e-03
   7.7300000e+02   9.1230426e+02   9.6555355e-04
   7.7400000e+02   9.1265992e+02   6.7694589e-04
   7.8200000e+02   9.1551560e+02   8.4224082e-04
   7.8300000e+02   9.1587386e+02   7.8729725e-04
   7.9000000e+02   9.1838984e+02   1.3014603e-03
   7.9100000e+02   9.1875043e+02   1.5832384e-03
   7.9200000e+02   9.1911132e+02   7.0020931e-04
   7.9600000e+02   9.2055780e+02   5.3291741e-04
   7.9700000e+02   9.2092015e+02   3.0784176e-03
   7.9800000e+02   9.2128280e+02   5.4298625e-03
   7.9900000e+02   9.2164575e+02   2.9193333e-03
   8.0000000e+02   9.2200899e+02   8.8571254e-04
   8.0300000e+02   9.2310048e+02   1.5214495e-03
   8.0400000e+02   9.2346490e+02   4.3599595e-03
   8.0500000e+02   9.2382962e+02   4.6349322e-03
   8.0600000e+02   9.2419464e+02   2.4589341e-03
   8.0700000e+02   9.2455995e+02   1.0350295e-03
   8.0800000e+02   9.2492556e+02   1.1166557e-03
   8.0900000e+02   9.2529148e+02   4.2564103e-03
   8.1000000e+02   9.2565768e+02   6.7263856e-03
   8.1100000e+02   9.2602419e+02   4.3222210e-03
   8.1200000e+02   9.2639100e+02   2.2630884e-03
   8.1300000e+02   9.2675810e+02   3.8726365e-03
   8.1400000e+02   9.2712551e+02   1.4141958e-02
   8.1500000e+02   9.2749321e+02   1.5825487e-02
   8.1600000e+02   9.2786122e+02   7.8659279e-03
   8.1700000e+02   9.2822952e+02   7.2811044e-03
   8.1800000e+02   9.2859813e+02   1.2158377e-02
   8.1900000e+02   9.2896704e+02   1.4676712e-02
   8.2000000e+02   9.2933625e+02   1.0363791e-02
   8.2100000e+02   9.2970576e+02   1.2317312e-02
   8.2200000e+02   9.3007557e+02   1.5882638e-02
   8.2300000e+02   9.3044568e+02   2.1161568e-02
   8.2400000e+02   9.3081610e+02   2.9522354e-02
   8.2500000e+02   9.3118682e+02   2.7863718e-02
   8.2600000e+02   9.3155785e+02   2.6668548e-02
   8.2700000e+02   9.3192918e+02   2.3062353e-02
   8.2800000e+02   9.3230081e+02   1.2710614e-02
   8.2900000e+02   9.3267274e+02   1.0307615e-02
   8.3000000e+02   9.3304499e+02   1.1381637e-02
   8.3100000e+02   9.3341753e+02   5.6225120e-03
   8.3200000e+02   9.3379038e+02   3.4318532e-03
   8.3300000e+02   9.3416354e+02   5.4900612e-03
   8.3400000e+02   9.3453700e+02   4.4033788e-03
   8.3500000e+02   9.3491077e+02   1.7098852e-03
   8.3600000e+02   9.3528485e+02   1.5534448e-03
   8.3700000e+02   9.3565923e+02   2.3316022e-03
   8.3800000e+02   9.3603392e+02   2.0585089e-03
   8.3900000e+02   9.3640892e+02   8.2697753e-04
   8.4000000e+02   9.3678422e+02   5.6540656e-04
   8.4100000e+02   9.3715983e+02   8.6278761e-04
   8.4200000e+02   9.3753576e+02   1.0259525e-03
   8.4300000e+02   9.3791199e+02   6.1937547e-04
   8.6900000e+02   9.4780345e+02   2.5305308e-03
   8.7000000e+02   9.4818814e+02   5.6945191e-03
   8.7100000e+02   9.4857316e+02   3.4203229e-03
   8.7200000e+02   9.4895849e+02   6.6942474e-04
   8.7300000e+02   9.4934413e+02   5.4529670e-04
   8.7700000e+02   9.5088992e+02   5.5203492e-04
   8.7800000e+02   9.5127717e+02   2.0877210e-03
   8.7900000e+02   9.5166474e+02   5.9184515e-03
   8.8000000e+02   9.5205263e+02   4.5260230e-03
   8.8100000e+02   9.5244084e+02   9.2330933e-04
   8.9100000e+02   9.5634071e+02   6.9101402e-04
   8.9400000e+02   9.5751700e+02   8.9993068e-04
   8.9500000e+02   9.5790975e+02   1.5562732e-03
   8.9600000e+02   9.5830282e+02   1.0154641e-03
   8.9700000e+02   9.5869623e+02   6.7705083e-04
   8.9800000e+02   9.5908996e+02   1.2500851e-03
   8.9900000e+02   9.5948401e+02   2.0732410e-03
   9.0000000e+02   9.5987840e+02   1.9281080e-03
   9.0100000e+02   9.6027311e+02   1.6440677e-03
   9.0200000e+02   9.6066816e+02   3.3511295e-03
   9.0300000e+02   9.6106353e+02   4.7207575e-03
   9.0400000e+02   9.6145923e+02   3.3906883e-03
   9.0500000e+02   9.6185526e+02   5.9712832e-03
   9.0600000e+02   9.6225162e+02   9.0260974e-03
   9.0700000e+02   9.6264832e+02   6.3166606e-03
   9.0800000e+02   9.6304534e+02   6.8588121e-03
   9.0900000e+02   9.6344270e+02   1.0556546e-02
   9.1000000e+02   9.6384038e+02   9.9499373e-03
   9.1100000e+02   9.6423840e+02   1.4024626e-02
   9.1200000e+02   9.6463675e+02   1.8154579e-02
   9.1300000e+02   9.6503543e+02   2.0958478e-02
   9.1400000e+02   9.6543445e+02   2.7657431e-02
   9.1500000e+02   9.6583380e+02   2.4719837e-02
   9.1600000e+02   9.6623348e+02   2.8486265e-02
   9.1700000e+02   9.6663350e+02   3.6163185e-02
   9.1800000e+02   9.6703385e+02   4.5050673e-02
   9.1900000e+02   9.6743454e+02   4.3058209e-02
   9.2000000e+02   9.6783557e+02   2.5828979e-02
   9.2100000e+02   9.6823692e+02   8.9815938e-03
   9.2200000e+02   9.6863862e+02   2.0233103e-03
   9.2300000e+02   9.6904065e+02   9.2373736e-04
   9.2400000e+02   9.6944302e+02   5.9514814e-04
   9.2900000e+02   9.7145992e+02   2.1399335e-03
   9.3000000e+02   9.7186431e+02   4.5838793e-03
   9.3100000e+02   9.7226905e+02   2.3813173e-03
   9.7800000e+02   9.9076701e+02   5.5457212e-04
   9.7900000e+02   9.9118759e+02   2.0923473e-03
   9.8000000e+02   9.9160852e+02   5.3634201e-03
   9.8100000e+02   9.9202981e+02   8.8589622e-03
   9.8200000e+02   9.9245145e+02   1.9320000e-02
   9.8300000e+02   9.9287344e+02   1.7059981e-02
   9.8400000e+02   9.9329579e+02   4.0468587e-03
   9.8500000e+02   9.9371849e+02   9.1307355e-04
   1.0150000e+03   1.0065665e+03   9.7938352e-04
   1.0160000e+03   1.0070003e+03   5.4647685e-03
   1.0170000e+03   1.0074346e+03   1.5683989e-02
   1.0180000e+03   1.0078692e+03   1.1634961e-02
   1.0190000e+03   1.0083042e+03   2.1137470e-03
   1.0200000e+03   1.0087396e+03   6.7506555e-04
   1.0240000e+03   1.0104847e+03   1.2444337e-03
   1.0250000e+03   1.0109220e+03   5.9745577e-03
   1.0260000e+03   1.0113595e+03   7.2049144e-03
   1.0270000e+03   1.0117975e+03   3.3410761e-03
   1.0280000e+03   1.0122358e+03   5.8505819e-03
   1.0290000e+03   1.0126745e+03   7.8388133e-03
   1.0300000e+03   1.0131136e+03   7.8738329e-03
   1.0310000e+03   1.0135530e+03   4.5298803e-03
   1.0320000e+03   1.0139929e+03   7.8057726e-04
   1.0590000e+03   1.0260106e+03   5.9712309e-04
   1.0600000e+03   1.0264611e+03   3.4637227e-03
   1.0610000e+03   1.0269119e+03   1.0404615e-02
   1.0620000e+03   1.0273631e+03   8.1703249e-03
   1.0630000e+03   1.0278147e+03   1.4216069e-03
   1.0670000e+03   1.0296250e+03   5.1968961e-04
   1.0680000e+03   1.0300785e+03   2.1213386e-03
   1.0690000e+03   1.0305324e+03   2.8257152e-03
   1.0700000e+03   1.0309868e+03   1.3335231e-03
   1.0710000e+03   1.0314415e+03   1.7498663e-03
   1.0720000e+03   1.0318966e+03   7.0784825e-03
   1.0730000e+03   1.0323520e+03   7.3698538e-03
   1.0740000e+03   1.0328079e+03   3.8562385e-03
   1.0750000e+03   1.0332642e+03   6.1560559e-03
   1.0760000e+03   1.0337209e+03   1.1422526e-02
   1.0770000e+03   1.0341779e+03   1.6100676e-02
   1.0780000e+03   1.0346354e+03   8.3733377e-03
   1.0790000e+03   1.0350932e+03   1.1885900e-03
   1.1000000e+03   1.0447996e+03   5.5861063e-04
   1.1010000e+03   1.0452662e+03   1.2766430e-03
   1.1020000e+03   1.0457332e+03   6.8036508e-03
   1.1030000e+03   1.0462006e+03   2.7219135e-02
   1.1210000e+03   1.0642251e+03   5.1245589e-04
   1.1220000e+03   1.0647080e+03   1.8110945e-03
   1.1230000e+03   1.0651912e+03   1.2403474e-02
   1.1240000e+03   1.0656749e+03   1.8779219e-02
   1.1250000e+03   1.0661590e+03   6.6357887e-03
   1.1260000e+03   1.0666435e+03   1.0035526e-03
   1.1270000e+03   1.0671284e+03   6.1974570e-04
   1.1280000e+03   1.0676138e+03   1.9918835e-03
   1.1290000e+03   1.0680995e+03   2.4014636e-03
   1.1300000e+03   1.0685857e+03   8.9634614e-04
   1.1330000e+03   1.0700468e+03   7.7836962e-04
   1.1340000e+03   1.0705347e+03   1.7419832e-03
   1.1350000e+03   1.0710230e+03   1.1192246e-03
   1.1370000e+03   1.0720008e+03   8.2484795e-04
   1.1380000e+03   1.0724904e+03   2.1192096e-03
   1.1390000e+03   1.0729803e+03   1.8791130e-03
   1.1400000e+03   1.0734707e+03   1.4155138e-03
   1.1410000e+03   1.0739616e+03   4.2383724e-03
   1.1420000e+03   1.0744528e+03   4.4746789e-03
   1.1430000e+03   1.0749445e+03   3.0278999e-03
   1.1440000e+03   1.0754366e+03   4.7963829e-03
   1.1450000e+03   1.0759291e+03   6.4475453e-03
   1.1460000e+03   1.0764221e+03   3.5011717e-03
   1.1470000e+03   1.0769155e+03   5.6289454e-04
   1.1600000e+03   1.0833687e+03   7.2878332e-04
   1.1610000e+03   1.0838681e+03   4.1522561e-03
   1.1620000e+03   1.0843680e+03   1.8454798e-02
   1.1630000e+03   1.0848683e+03   1.7934006e-02
   1.1640000e+03   1.0853690e+03   3.7594533e-03
   1.1650000e+03   1.0858702e+03   1.2418249e-03
   1.1660000e+03   1.0863718e+03   1.1229979e-03
   1.1670000e+03   1.0868738e+03   5.3799897e-04
   1.1710000e+03   1.0888864e+03   1.2482313e-03
   1.1720000e+03   1.0893906e+03   2.2451986e-03
   1.1730000e+03   1.0898953e+03   1.0872886e-03
   1.1760000e+03   1.0914120e+03   8.7970557e-04
   1.1770000e+03   1.0919184e+03   1.2176011e-03
   1.1800000e+03   1.0934404e+03   1.1857264e-03
   1.1810000e+03   1.0939487e+03   1.2606107e-03
   1.1820000e+03   1.0944573e+03   9.2420366e-04
   1.1830000e+03   1.0949665e+03   2.5048776e-03
   1.1840000e+03   1.0954760e+03   2.3713465e-03
   1.1850000e+03   1.0959860e+03   1.7667110e-03
   1.1860000e+03   1.0964965e+03   2.0992940e-03
   1.1870000e+03   1.0970074e+03   1.1347411e-03
   1.1980000e+03   1.1026570e+03   2.1568388e-03
   1.1990000e+03   1.1031733e+03   1.2411153e-02
   1.2000000e+03   1.1036900e+03   1.3222248e-02
   1.2010000e+03   1.1042073e+03   3.1577177e-03
   1.2020000e+03   1.1047249e+03   7.2470280e-04
   1.2080000e+03   1.1078406e+03   7.3402098e-04
   1.2130000e+03   1.1104496e+03   1.4052377e-03
   1.2140000e+03   1.1109728e+03   1.3367438e-03
   1.2170000e+03   1.1125451e+03   5.8938174e-04
   1.2180000e+03   1.1130702e+03   8.1268838e-04
   1.2210000e+03   1.1146481e+03   7.9584375e-04
   1.2220000e+03   1.1151750e+03   6.4355626e-04
   1.2230000e+03   1.1157023e+03   1.2565186e-03
   1.2240000e+03   1.1162302e+03   1.5802506e-03
   1.2250000e+03   1.1167585e+03   1.3294398e-03
   1.2260000e+03   1.1172872e+03   2.3292600e-03
   1.2270000e+03   1.1178165e+03   1.9913220e-03
   1.2330000e+03   1.1210018e+03   5.8034406e-04
   1.2340000e+03   1.1215343e+03   5.6993462e-03
   1.2350000e+03   1.1220673e+03   1.4654841e-02
   1.2360000e+03   1.1226008e+03   9.2076985e-03
   1.2370000e+03   1.1231347e+03   9.8761113e-04
   1.2530000e+03   1.1317430e+03   8.4481009e-04
   1.2540000e+03   1.1322851e+03   6.1155089e-04
   1.2620000e+03   1.1366394e+03   7.7782184e-04
   2.4140000e+03   7.8591116e+02   6.7036807e-04
   2.4150000e+03   7.8624667e+02   7.5384682e-04
   2.4160000e+03   7.8658218e+02   6.1289063e-04
   2.4170000e+03   7.8691768e+02   5.9716223e-04
   2.4180000e+03   7.8725319e+02   8.1683243e-04
   2.4190000e+03   7.8758870e+02   1.2343728e-03
   2.4200000e+03   7.8792421e+02   1.6204473e-03
   2.4210000e+03   7.8825972e+02   1.8672825e-03
   2.4220000e+03   7.8859523e+02   1.4605353e-03
   2.4230000e+03   7.8893074e+02   5.2591213e-04
   2.4240000e+03   8.5283794e+02   3.4732336e-03
   2.4250000e+03   8.5118646e+02   4.1031699e-03
   2.4350000e+03   9.0717103e+02   5.2319669e-04
   2.4360000e+03   9.0751002e+02   1.5199383e-03
   2.4370000e+03   9.0784902e+02   8.8005440e-03
   2.4380000e+03   9.0818802e+02   1.5771569e-02
   2.4390000e+03   9.0852702e+02   8.4291055e-03
   2.4400000e+03   9.0886602e+02   1.6994607e-03
   2.4410000e+03   9.0920501e+02   6.0747437e-04
   2.4490000e+03   1.0466498e+03   2.6029691e-02
   2.4500000e+03   1.0470989e+03   5.8808811e-03
   2.4510000e+03   1.0475479e+03   1.2297396e-03
   2.4520000e+03   1.0479970e+03   6.2974740e-04
   2.4530000e+03   1.0484461e+03   5.2620237e-04
   2.4540000e+03   1.0488951e+03   1.3664981e-03
   2.4550000e+03   1.0493442e+03   2.0663994e-03
   2.4560000e+03   1.0497932e+03   1.2455665e-03
   2.4580000e+03   1.0506914e+03   5.4459367e-04
   2.4590000e+03   1.0511404e+03   2.1358137e-03
   2.4600000e+03   1.0515895e+03   3.0583305e-03
   2.4610000e+03   1.0520386e+03   1.6888001e-03
   2.4620000e+03   1.0524876e+03   2.1050876e-03
   2.4630000e+03   1.0529367e+03   6.3539854e-03
   2.4640000e+03   1.0533858e+03   6.2460655e-03
   2.4650000e+03   1.0538348e+03   3.8315331e-03
   2.4660000e+03   1.0542839e+03   5.0682593e-03
   2.4670000e+03   1.0547329e+03   5.3990272e-03
   2.4680000e+03   1.0551820e+03   3.5803398e-03
   2.4690000e+03   1.0556311e+03   8.2920786e-04
   2.4700000e+03   1.1371608e+03   8.1161721e-04
   2.4710000e+03   1.1376824e+03   7.0233408e-04
   2.4720000e+03   1.1382041e+03   5.4726368e-04
   2.4750000e+03   1.1397692e+03   1.0471040e-03
   2.4760000e+03   1.1402909e+03   6.0507000e-03
   2.4770000e+03   1.1408126e+03   7.2722033e-03
   2.4780000e+03   1.1413342e+03   1.9374189e-03
   2.5090000e+03   1.1575065e+03   5.2838456e-04
   2.5100000e+03   1.1580282e+03   9.1442787e-04
   2.5110000e+03   1.1585499e+03   4.2186585e-03
   2.5120000e+03   1.1590716e+03   5.7151563e-03
   2.5130000e+03   1.1595933e+03   2.1384220e-03
   2.5460000e+03   1.1768089e+03   2.3404517e-03
   2.5470000e+03   1.1773306e+03   2.5031787e-03
   2.5480000e+03   1.1778523e+03   7.0925219e-04
   2.5800000e+03   1.1945462e+03   8.2100294e-04
   2.5810000e+03   1.1950679e+03   1.4386557e-03
   2.5820000e+03   1.1955896e+03   8.1157834e-04
   2.6150000e+03   1.2128052e+03   5.8783904e-04
