   3.6700000e+02   7.3650000e+02   5.2639201e-04
   3.9500000e+02   7.4350000e+02   5.2167738e-04
   4.3400000e+02   7.5325000e+02   6.5524936e-04
   4.3500000e+02   7.5350000e+02   9.3953614e-04
   4.3600000e+02   7.5375000e+02   8.1415445e-04
   4.6300000e+02   7.6050000e+02   9.8979948e-04
   4.6400000e+02   7.6075000e+02   7.8255284e-04
   4.8800000e+02   7.6675000e+02   5.2401004e-04
   4.8900000e+02   7.6700000e+02   6.9357798e-04
   4.9000000e+02   7.6725000e+02   5.9606851e-04
   4.9200000e+02   7.6775000e+02   5.2026308e-04
   5.0400000e+02   7.7075000e+02   1.0763611e-03
   5.0500000e+02   7.7100000e+02   1.2737232e-03
   5.0600000e+02   7.7125000e+02   5.2923767e-04
   5.1700000e+02   7.7400000e+02   7.2686904e-04
   5.1800000e+02   7.7425000e+02   5.0281602e-04
   5.2600000e+02   7.7625000e+02   5.7409975e-04
   5.2700000e+02   7.7650000e+02   7.8629265e-04
   5.3300000e+02   7.7800000e+02   8.3261004e-04
   5.3400000e+02   7.7825000e+02   1.5707129e-03
   5.3500000e+02   7.7850000e+02   1.1832348e-03
   5.3900000e+02   7.7950000e+02   9.3359693e-04
   5.4000000e+02   7.7975000e+02   8.1249100e-04
   5.4100000e+02   7.8000000e+02   7.0913943e-04
   5.4200000e+02   7.8025000e+02   1.3567618e-03
   5.4300000e+02   7.8050000e+02   1.8842797e-03
   5.4400000e+02   7.8075000e+02   1.2198770e-03
   5.6300000e+02   7.8550000e+02   5.0690046e-04
   5.6400000e+02   7.8575000e+02   5.5668390e-04
   5.6500000e+02   7.8600000e+02   7.0188199e-04
   5.6600000e+02   7.8625000e+02   8.1261607e-04
   5.6700000e+02   7.8650000e+02   6.2772463e-04
   5.6800000e+02   7.8675000e+02   5.6506333e-04
   5.6900000e+02   7.8700000e+02   6.0259397e-04
   5.7000000e+02   7.8725000e+02   8.0198167e-04
   5.7100000e+02   7.8750000e+02   1.1317388e-03
   5.7200000e+02   7.8775000e+02   1.4609188e-03
   5.7300000e+02   7.8800000e+02   1.7130072e-03
   5.7400000e+02   7.8825000e+02   1.8242667e-03
   5.7500000e+02   7.8850000e+02   1.7829764e-03
   5.7600000e+02   7.8875000e+02   1.0409613e-03
   5.8800000e+02   7.9175000e+02   7.4699763e-04
   5.9700000e+02   7.9400000e+02   9.3250064e-04
   5.9800000e+02   7.9425000e+02   1.3586526e-03
   5.9900000e+02   7.9450000e+02   8.2204764e-04
   6.0400000e+02   7.9575000e+02   9.8549386e-04
   6.0500000e+02   7.9600000e+02   2.4585771e-03
   6.0600000e+02   7.9625000e+02   2.5455993e-03
   6.0700000e+02   7.9650000e+02   1.0857857e-03
   6.1000000e+02   7.9725000e+02   1.1990930e-03
   6.1100000e+02   7.9750000e+02   1.5164802e-03
   6.1200000e+02   7.9775000e+02   1.0124423e-03
   6.1300000e+02   7.9800000e+02   1.1764944e-03
   6.1400000e+02   7.9825000e+02   1.6095186e-03
   6.1500000e+02   7.9850000e+02   8.9702651e-04
   6.4400000e+02   8.0575000e+02   5.9400226e-04
   6.4500000e+02   8.0600000e+02   9.0902550e-04
   6.4600000e+02   8.0625000e+02   1.2831280e-03
   6.4700000e+02   8.0650000e+02   1.2466381e-03
   6.4800000e+02   8.0675000e+02   1.1829469e-03
   6.4900000e+02   8.0700000e+02   1.3429488e-03
   6.5000000e+02   8.0725000e+02   1.8525761e-03
   6.5100000e+02   8.0750000e+02   2.3371017e-03
   6.5200000e+02   8.0775000e+02   2.0782264e-03
   6.5300000e+02   8.0800000e+02   1.1395588e-03
   6.5900000e+02   8.0950000e+02   9.5699723e-04
   6.6000000e+02   8.0975000e+02   1.2120487e-03
   6.6100000e+02   8.1000000e+02   6.6435876e-04
   6.6900000e+02   8.1200000e+02   9.4912738e-04
   6.7000000e+02   8.1225000e+02   1.8041704e-03
   6.7100000e+02   8.1250000e+02   1.3899899e-03
   6.7600000e+02   8.1375000e+02   7.7918893e-04
   6.7700000e+02   8.1400000e+02   2.7797286e-03
   6.7800000e+02   8.1425000e+02   4.3366355e-03
   6.7900000e+02   8.1450000e+02   2.5576955e-03
   6.8000000e+02   8.1475000e+02   8.0743076e-04
   6.8100000e+02   8.1500000e+02   5.0267311e-04
   6.8200000e+02   8.1525000e+02   1.0479163e-03
   6.8300000e+02   8.1550000e+02   2.2038591e-03
   6.8400000e+02   8.1575000e+02   2.0955558e-03
   6.8500000e+02   8.1600000e+02   1.7573379e-03
   6.8600000e+02   8.1625000e+02   3.5997028e-03
   6.8700000e+02   8.1650000e+02   6.1510752e-03
   6.8800000e+02   8.1675000e+02   5.3819905e-03
   6.8900000e+02   8.1700000e+02   2.2287944e-03
   6.9000000e+02   8.1725000e+02   5.6733096e-04
   7.2600000e+02   8.2625000e+02   1.1932433e-03
   7.2700000e+02   8.2650000e+02   2.0106588e-03
   7.2800000e+02   8.2675000e+02   2.2779327e-03
   7.2900000e+02   8.2700000e+02   2.6971088e-03
   7.3000000e+02   8.2725000e+02   3.9572503e-03
   7.3100000e+02   8.2750000e+02   5.8050429e-03
   7.3200000e+02   8.2775000e+02   6.7983647e-03
   7.3300000e+02   8.2800000e+02   4.8797307e-03
   7.3400000e+02   8.2825000e+02   1.7068188e-03
   7.4200000e+02   8.3025000e+02   6.1509405e-04
   7.4300000e+02   8.3050000e+02   1.4394790e-03
   7.4400000e+02   8.3075000e+02   1.5595304e-03
   7.4500000e+02   8.3100000e+02   7.7395557e-04
   7.4900000e+02   8.3200000e+02   5.6013467e-04
   7.5000000e+02   8.3225000e+02   1.8250773e-03
   7.5100000e+02   8.3250000e+02   4.4195509e-03
   7.5200000e+02   8.3275000e+02   4.6058456e-03
   7.5300000e+02   8.3300000e+02   2.0489675e-03
   7.5400000e+02   8.3325000e+02   7.6318406e-04
   7.5500000e+02   8.3350000e+02   7.8694911e-04
   7.5600000e+02   8.3375000e+02   2.0014699e-03
   7.5700000e+02   8.3400000e+02   3.2039325e-03
   7.5800000e+02   8.3425000e+02   2.4603508e-03
   7.5900000e+02   8.3450000e+02   2.1766233e-03
   7.6000000e+02   8.3475000e+02   3.3653249e-03
   7.6100000e+02   8.3500000e+02   2.6922616e-03
   7.6200000e+02   8.3525000e+02   9.9328218e-04
   8.0800000e+02   8.4675000e+02   1.0284237e-03
   8.0900000e+02   8.4700000e+02   2.4239694e-03
   8.1000000e+02   8.4725000e+02   4.6621014e-03
   8.1100000e+02   8.4750000e+02   7.3382493e-03
   8.1200000e+02   8.4775000e+02   7.7042705e-03
   8.1300000e+02   8.4800000e+02   4.5882223e-03
   8.1400000e+02   8.4825000e+02   1.6279941e-03
   8.1500000e+02   8.4850000e+02   5.4187766e-04
   8.2400000e+02   8.5075000e+02   7.2786763e-04
   8.2500000e+02   8.5100000e+02   2.2609412e-03
   8.2600000e+02   8.5125000e+02   4.5259139e-03
   8.2700000e+02   8.5150000e+02   3.8475395e-03
   8.2800000e+02   8.5175000e+02   1.5888361e-03
   8.2900000e+02   8.5200000e+02   7.8480390e-04
   8.3000000e+02   8.5225000e+02   1.1460314e-03
   8.3100000e+02   8.5250000e+02   2.8231563e-03
   8.3200000e+02   8.5275000e+02   4.0567720e-03
   8.3300000e+02   8.5300000e+02   3.1718639e-03
   8.3400000e+02   8.5325000e+02   4.0764209e-03
   8.3500000e+02   8.5350000e+02   8.7124203e-03
   8.3600000e+02   8.5375000e+02   1.2033101e-02
   8.3700000e+02   8.5400000e+02   8.1791349e-03
   8.3800000e+02   8.5425000e+02   2.8215836e-03
   8.3900000e+02   8.5450000e+02   8.8210632e-04
   8.8800000e+02   8.6675000e+02   5.6324029e-04
   8.8900000e+02   8.6700000e+02   1.1415680e-03
   8.9000000e+02   8.6725000e+02   3.2732258e-03
   8.9100000e+02   8.6750000e+02   8.7946462e-03
   8.9200000e+02   8.6775000e+02   1.6313516e-02
   8.9300000e+02   8.6800000e+02   1.7049042e-02
   8.9400000e+02   8.6825000e+02   8.8377383e-03
   8.9500000e+02   8.6850000e+02   2.6970051e-03
   8.9600000e+02   8.6875000e+02   9.7713135e-04
   8.9700000e+02   8.6900000e+02   5.3076819e-04
   9.0600000e+02   8.7125000e+02   8.5357131e-04
   9.0700000e+02   8.7150000e+02   2.3470960e-03
   9.0800000e+02   8.7175000e+02   3.4905442e-03
   9.0900000e+02   8.7200000e+02   2.7436701e-03
   9.1000000e+02   8.7225000e+02   3.1103994e-03
   9.1100000e+02   8.7250000e+02   5.0003552e-03
   9.1200000e+02   8.7275000e+02   4.0017039e-03
   9.1300000e+02   8.7300000e+02   1.5098191e-03
   9.6900000e+02   8.8700000e+02   5.5458311e-04
   9.7000000e+02   8.8725000e+02   1.2064431e-03
   9.7100000e+02   8.8750000e+02   3.6540294e-03
   9.7200000e+02   8.8775000e+02   9.9832002e-03
   9.7300000e+02   8.8800000e+02   1.4106248e-02
   9.7400000e+02   8.8825000e+02   9.0053351e-03
   9.7500000e+02   8.8850000e+02   3.0237103e-03
   9.7600000e+02   8.8875000e+02   9.8908799e-04
   9.8600000e+02   8.9125000e+02   8.8838819e-04
   9.8700000e+02   8.9150000e+02   2.5764473e-03
   9.8800000e+02   8.9175000e+02   7.0940580e-03
   9.8900000e+02   8.9200000e+02   1.2727056e-02
   9.9000000e+02   8.9225000e+02   1.1785079e-02
   9.9100000e+02   8.9250000e+02   5.2496230e-03
   9.9200000e+02   8.9275000e+02   1.5737728e-03
   9.9300000e+02   8.9300000e+02   6.1316043e-04
   1.0500000e+03   9.0725000e+02   5.7306662e-04
   1.0510000e+03   9.0750000e+02   1.4480310e-03
   1.0520000e+03   9.0775000e+02   4.9665303e-03
   1.0530000e+03   9.0800000e+02   1.3954295e-02
   1.0540000e+03   9.0825000e+02   1.7164264e-02
   1.0550000e+03   9.0850000e+02   8.5910390e-03
   1.0560000e+03   9.0875000e+02   2.6795088e-03
   1.0570000e+03   9.0900000e+02   1.0208601e-03
   1.0580000e+03   9.0925000e+02   5.0976012e-04
   1.0700000e+03   9.1225000e+02   9.7101580e-04
   1.0710000e+03   9.1250000e+02   9.9779079e-04
   1.0830000e+03   9.1550000e+02   8.5450909e-04
   1.0840000e+03   9.1575000e+02   1.0166928e-03
   1.0850000e+03   9.1600000e+02   5.2904170e-04
   1.0940000e+03   9.1825000e+02   6.9602352e-04
   1.0950000e+03   9.1850000e+02   1.6832502e-03
   1.0960000e+03   9.1875000e+02   1.6950714e-03
   1.0970000e+03   9.1900000e+02   8.4114475e-04
   1.0980000e+03   9.1925000e+02   5.3195930e-04
   1.1040000e+03   9.2075000e+02   1.1129714e-03
   1.1050000e+03   9.2100000e+02   3.7648151e-03
   1.1060000e+03   9.2125000e+02   6.1963441e-03
   1.1070000e+03   9.2150000e+02   4.2014518e-03
   1.1080000e+03   9.2175000e+02   1.7633515e-03
   1.1090000e+03   9.2200000e+02   8.9223156e-04
   1.1130000e+03   9.2300000e+02   8.5065776e-04
   1.1140000e+03   9.2325000e+02   2.4791262e-03
   1.1150000e+03   9.2350000e+02   4.9487488e-03
   1.1160000e+03   9.2375000e+02   4.8944704e-03
   1.1170000e+03   9.2400000e+02   3.5473707e-03
   1.1180000e+03   9.2425000e+02   2.2510724e-03
   1.1190000e+03   9.2450000e+02   1.0218565e-03
   1.1200000e+03   9.2475000e+02   8.3238606e-04
   1.1210000e+03   9.2500000e+02   1.2645016e-03
   1.1220000e+03   9.2525000e+02   3.2436306e-03
   1.1230000e+03   9.2550000e+02   6.7304779e-03
   1.1240000e+03   9.2575000e+02   6.9135638e-03
   1.1250000e+03   9.2600000e+02   4.3484023e-03
   1.1260000e+03   9.2625000e+02   2.5995118e-03
   1.1270000e+03   9.2650000e+02   1.9049930e-03
   1.1280000e+03   9.2675000e+02   3.4491322e-03
   1.1290000e+03   9.2700000e+02   9.5305451e-03
   1.1300000e+03   9.2725000e+02   1.8318471e-02
   1.1310000e+03   9.2750000e+02   1.6318879e-02
   1.1320000e+03   9.2775000e+02   9.1000450e-03
   1.1330000e+03   9.2800000e+02   6.5907800e-03
   1.1340000e+03   9.2825000e+02   7.3009305e-03
   1.1350000e+03   9.2850000e+02   1.0627462e-02
   1.1360000e+03   9.2875000e+02   1.4646631e-02
   1.1370000e+03   9.2900000e+02   1.4682922e-02
   1.1380000e+03   9.2925000e+02   1.1393155e-02
   1.1390000e+03   9.2950000e+02   9.1735327e-03
   1.1400000e+03   9.2975000e+02   1.3239985e-02
   1.1410000e+03   9.3000000e+02   1.6445489e-02
   1.1420000e+03   9.3025000e+02   1.5849690e-02
   1.1430000e+03   9.3050000e+02   2.2069243e-02
   1.1440000e+03   9.3075000e+02   3.1112665e-02
   1.1450000e+03   9.3100000e+02   3.0280926e-02
   1.1460000e+03   9.3125000e+02   2.7563721e-02
   1.1470000e+03   9.3150000e+02   2.6304220e-02
   1.1480000e+03   9.3175000e+02   2.6303865e-02
   1.1490000e+03   9.3200000e+02   2.1901560e-02
   1.1500000e+03   9.3225000e+02   1.3508268e-02
   1.1510000e+03   9.3250000e+02   8.9704305e-03
   1.1520000e+03   9.3275000e+02   1.0847662e-02
   1.1530000e+03   9.3300000e+02   1.2931376e-02
   1.1540000e+03   9.3325000e+02   8.4749249e-03
   1.1550000e+03   9.3350000e+02   3.7219430e-03
   1.1560000e+03   9.3375000e+02   3.2460388e-03
   1.1570000e+03   9.3400000e+02   4.4426495e-03
   1.1580000e+03   9.3425000e+02   6.1423409e-03
   1.1590000e+03   9.3450000e+02   4.8298301e-03
   1.1600000e+03   9.3475000e+02   2.2765986e-03
   1.1610000e+03   9.3500000e+02   1.4107882e-03
   1.1620000e+03   9.3525000e+02   1.4539384e-03
   1.1630000e+03   9.3550000e+02   1.8718191e-03
   1.1640000e+03   9.3575000e+02   2.5840988e-03
   1.1650000e+03   9.3600000e+02   2.3110005e-03
   1.1660000e+03   9.3625000e+02   1.1728099e-03
   1.1670000e+03   9.3650000e+02   5.6600200e-04
   1.1690000e+03   9.3700000e+02   6.7866842e-04
   1.1700000e+03   9.3725000e+02   9.0228993e-04
   1.1710000e+03   9.3750000e+02   1.0952567e-03
   1.1720000e+03   9.3775000e+02   8.5596455e-04
   1.2120000e+03   9.4775000e+02   1.5041372e-03
   1.2130000e+03   9.4800000e+02   4.7242281e-03
   1.2140000e+03   9.4825000e+02   6.8019793e-03
   1.2150000e+03   9.4850000e+02   3.9574097e-03
   1.2160000e+03   9.4875000e+02   1.2107309e-03
   1.2170000e+03   9.4900000e+02   5.4303587e-04
   1.2180000e+03   9.4925000e+02   5.6354359e-04
   1.2190000e+03   9.4950000e+02   5.2569276e-04
   1.2250000e+03   9.5100000e+02   6.1527981e-04
   1.2260000e+03   9.5125000e+02   1.4963592e-03
   1.2270000e+03   9.5150000e+02   4.3997730e-03
   1.2280000e+03   9.5175000e+02   7.3686415e-03
   1.2290000e+03   9.5200000e+02   5.0992920e-03
   1.2300000e+03   9.5225000e+02   1.7522660e-03
   1.2310000e+03   9.5250000e+02   6.9432289e-04
   1.2460000e+03   9.5625000e+02   7.8313409e-04
   1.2470000e+03   9.5650000e+02   6.2957783e-04
   1.2510000e+03   9.5750000e+02   7.2186393e-04
   1.2520000e+03   9.5775000e+02   1.6109483e-03
   1.2530000e+03   9.5800000e+02   1.6956945e-03
   1.2540000e+03   9.5825000e+02   1.0334424e-03
   1.2550000e+03   9.5850000e+02   6.5493144e-04
   1.2560000e+03   9.5875000e+02   6.4324549e-04
   1.2570000e+03   9.5900000e+02   9.0421483e-04
   1.2580000e+03   9.5925000e+02   1.7030903e-03
   1.2590000e+03   9.5950000e+02   2.2748675e-03
   1.2600000e+03   9.5975000e+02   2.0485324e-03
   1.2610000e+03   9.6000000e+02   1.7261459e-03
   1.2620000e+03   9.6025000e+02   1.4955098e-03
   1.2630000e+03   9.6050000e+02   1.9263637e-03
   1.2640000e+03   9.6075000e+02   3.8604217e-03
   1.2650000e+03   9.6100000e+02   5.2159059e-03
   1.2660000e+03   9.6125000e+02   4.2198292e-03
   1.2670000e+03   9.6150000e+02   2.8957726e-03
   1.2680000e+03   9.6175000e+02   3.7100137e-03
   1.2690000e+03   9.6200000e+02   7.8488258e-03
   1.2700000e+03   9.6225000e+02   1.0304976e-02
   1.2710000e+03   9.6250000e+02   7.2890186e-03
   1.2720000e+03   9.6275000e+02   5.1060218e-03
   1.2730000e+03   9.6300000e+02   5.6901082e-03
   1.2740000e+03   9.6325000e+02   9.1484091e-03
   1.2750000e+03   9.6350000e+02   1.1423814e-02
   1.2760000e+03   9.6375000e+02   1.0371134e-02
   1.2770000e+03   9.6400000e+02   9.1300507e-03
   1.2780000e+03   9.6425000e+02   1.3413864e-02
   1.2790000e+03   9.6450000e+02   1.9629820e-02
   1.2800000e+03   9.6475000e+02   1.8153748e-02
   1.2810000e+03   9.6500000e+02   1.7464705e-02
   1.2820000e+03   9.6525000e+02   2.8135786e-02
   1.2830000e+03   9.6550000e+02   3.0725065e-02
   1.2840000e+03   9.6575000e+02   2.2493331e-02
   1.2850000e+03   9.6600000e+02   2.4937384e-02
   1.2860000e+03   9.6625000e+02   3.1893659e-02
   1.2870000e+03   9.6650000e+02   3.0814113e-02
   1.2880000e+03   9.6675000e+02   3.8513057e-02
   1.2890000e+03   9.6700000e+02   4.4572644e-02
   1.2900000e+03   9.6725000e+02   4.7717556e-02
   1.2910000e+03   9.6750000e+02   4.4516195e-02
   1.2920000e+03   9.6775000e+02   3.0443007e-02
   1.2930000e+03   9.6800000e+02   1.8035082e-02
   1.2940000e+03   9.6825000e+02   7.2556356e-03
   1.2950000e+03   9.6850000e+02   2.6451453e-03
   1.2960000e+03   9.6875000e+02   1.1691451e-03
   1.2970000e+03   9.6900000e+02   9.0712319e-04
   1.2980000e+03   9.6925000e+02   5.3808741e-04
   1.2990000e+03   9.6950000e+02   5.3245828e-04
   1.3060000e+03   9.7125000e+02   5.8299331e-04
   1.3070000e+03   9.7150000e+02   2.0632159e-03
   1.3080000e+03   9.7175000e+02   5.1547273e-03
   1.3090000e+03   9.7200000e+02   5.3534142e-03
   1.3100000e+03   9.7225000e+02   2.0557504e-03
   1.3110000e+03   9.7250000e+02   6.3398865e-04
   1.3850000e+03   9.9100000e+02   8.7513327e-04
   1.3860000e+03   9.9125000e+02   2.1062238e-03
   1.3870000e+03   9.9150000e+02   5.1210356e-03
   1.3880000e+03   9.9175000e+02   6.8627971e-03
   1.3890000e+03   9.9200000e+02   6.9334428e-03
   1.3900000e+03   9.9225000e+02   1.2464297e-02
   1.3910000e+03   9.9250000e+02   2.3049921e-02
   1.3920000e+03   9.9275000e+02   2.3482517e-02
   1.3930000e+03   9.9300000e+02   1.1742799e-02
   1.3940000e+03   9.9325000e+02   3.6813445e-03
   1.3950000e+03   9.9350000e+02   1.3999352e-03
   1.3960000e+03   9.9375000e+02   7.4093500e-04
   1.4470000e+03   1.0065000e+03   7.3133358e-04
   1.4480000e+03   1.0067500e+03   1.3817182e-03
   1.4490000e+03   1.0070000e+03   3.8421803e-03
   1.4500000e+03   1.0072500e+03   1.1787977e-02
   1.4510000e+03   1.0075000e+03   2.0740281e-02
   1.4520000e+03   1.0077500e+03   1.5817867e-02
   1.4530000e+03   1.0080000e+03   5.8890629e-03
   1.4540000e+03   1.0082500e+03   1.9614201e-03
   1.4550000e+03   1.0085000e+03   9.1561528e-04
   1.4560000e+03   1.0087500e+03   6.0271813e-04
   1.4620000e+03   1.0102500e+03   5.2829114e-04
   1.4630000e+03   1.0105000e+03   1.0045995e-03
   1.4640000e+03   1.0107500e+03   2.8042846e-03
   1.4650000e+03   1.0110000e+03   7.4077824e-03
   1.4660000e+03   1.0112500e+03   9.7047326e-03
   1.4670000e+03   1.0115000e+03   5.7012709e-03
   1.4680000e+03   1.0117500e+03   2.4778361e-03
   1.4690000e+03   1.0120000e+03   2.9267078e-03
   1.4700000e+03   1.0122500e+03   6.4286436e-03
   1.4710000e+03   1.0125000e+03   8.4092428e-03
   1.4720000e+03   1.0127500e+03   6.8604575e-03
   1.4730000e+03   1.0130000e+03   8.5779094e-03
   1.4740000e+03   1.0132500e+03   9.1794236e-03
   1.4750000e+03   1.0135000e+03   4.6429227e-03
   1.4760000e+03   1.0137500e+03   1.4852912e-03
   1.4770000e+03   1.0140000e+03   6.0560508e-04
   1.5260000e+03   1.0262500e+03   9.5900837e-04
   1.5270000e+03   1.0265000e+03   2.6598052e-03
   1.5280000e+03   1.0267500e+03   8.1893567e-03
   1.5290000e+03   1.0270000e+03   1.4258810e-02
   1.5300000e+03   1.0272500e+03   1.0741420e-02
   1.5310000e+03   1.0275000e+03   3.9208489e-03
   1.5320000e+03   1.0277500e+03   1.3219770e-03
   1.5330000e+03   1.0280000e+03   6.4348351e-04
   1.5400000e+03   1.0297500e+03   5.6753700e-04
   1.5410000e+03   1.0300000e+03   1.3428872e-03
   1.5420000e+03   1.0302500e+03   3.0532212e-03
   1.5430000e+03   1.0305000e+03   3.5632355e-03
   1.5440000e+03   1.0307500e+03   1.9557111e-03
   1.5450000e+03   1.0310000e+03   9.0025654e-04
   1.5460000e+03   1.0312500e+03   7.8265914e-04
   1.5470000e+03   1.0315000e+03   1.4833075e-03
   1.5480000e+03   1.0317500e+03   4.3814235e-03
   1.5490000e+03   1.0320000e+03   9.9251887e-03
   1.5500000e+03   1.0322500e+03   1.0215705e-02
   1.5510000e+03   1.0325000e+03   4.9225430e-03
   1.5520000e+03   1.0327500e+03   2.5736753e-03
   1.5530000e+03   1.0330000e+03   4.2294627e-03
   1.5540000e+03   1.0332500e+03   7.4882442e-03
   1.5550000e+03   1.0335000e+03   7.6083643e-03
   1.5560000e+03   1.0337500e+03   9.3129273e-03
   1.5570000e+03   1.0340000e+03   1.7208700e-02
   1.5580000e+03   1.0342500e+03   1.9742264e-02
   1.5590000e+03   1.0345000e+03   1.0872997e-02
   1.5600000e+03   1.0347500e+03   3.4188346e-03
   1.5610000e+03   1.0350000e+03   1.2115201e-03
   1.5620000e+03   1.0352500e+03   6.3966191e-04
   1.6000000e+03   1.0447500e+03   5.0184690e-04
   1.6010000e+03   1.0450000e+03   6.3601293e-04
   1.6020000e+03   1.0452500e+03   1.0827544e-03
   1.6030000e+03   1.0455000e+03   1.7756195e-03
   1.6040000e+03   1.0457500e+03   4.4665966e-03
   1.6050000e+03   1.0460000e+03   1.4735107e-02
   1.6060000e+03   1.0462500e+03   3.5950081e-02
   1.6070000e+03   1.0465000e+03   3.9328028e-02
   1.6080000e+03   1.0467500e+03   1.9236509e-02
   1.6090000e+03   1.0470000e+03   5.3509715e-03
   1.6100000e+03   1.0472500e+03   1.9683570e-03
   1.6110000e+03   1.0475000e+03   1.1557726e-03
   1.6120000e+03   1.0477500e+03   7.1551661e-04
   1.6130000e+03   1.0480000e+03   5.8062311e-04
   1.6160000e+03   1.0487500e+03   6.1384319e-04
   1.6170000e+03   1.0490000e+03   1.4650889e-03
   1.6180000e+03   1.0492500e+03   2.6215859e-03
   1.6190000e+03   1.0495000e+03   2.3952093e-03
   1.6200000e+03   1.0497500e+03   1.0415191e-03
   1.6250000e+03   1.0510000e+03   9.7528625e-04
   1.6260000e+03   1.0512500e+03   2.6179053e-03
   1.6270000e+03   1.0515000e+03   4.2165675e-03
   1.6280000e+03   1.0517500e+03   2.9456135e-03
   1.6290000e+03   1.0520000e+03   1.2750077e-03
   1.6300000e+03   1.0522500e+03   7.5973781e-04
   1.6310000e+03   1.0525000e+03   1.2939809e-03
   1.6320000e+03   1.0527500e+03   3.7140598e-03
   1.6330000e+03   1.0530000e+03   8.6284769e-03
   1.6340000e+03   1.0532500e+03   8.8346479e-03
   1.6350000e+03   1.0535000e+03   4.2048855e-03
   1.6360000e+03   1.0537500e+03   2.2792675e-03
   1.6370000e+03   1.0540000e+03   4.2079849e-03
   1.6380000e+03   1.0542500e+03   6.0832926e-03
   1.6390000e+03   1.0545000e+03   5.1583734e-03
   1.6400000e+03   1.0547500e+03   5.5741722e-03
   1.6410000e+03   1.0550000e+03   5.4678029e-03
   1.6420000e+03   1.0552500e+03   2.6400400e-03
   1.6430000e+03   1.0555000e+03   8.9954553e-04
   1.6790000e+03   1.0645000e+03   7.3104067e-04
   1.6800000e+03   1.0647500e+03   1.3383679e-03
   1.6810000e+03   1.0650000e+03   3.7422654e-03
   1.6820000e+03   1.0652500e+03   1.2628088e-02
   1.6830000e+03   1.0655000e+03   2.6376111e-02
   1.6840000e+03   1.0657500e+03   2.3044100e-02
   1.6850000e+03   1.0660000e+03   8.4603015e-03
   1.6860000e+03   1.0662500e+03   2.4370194e-03
   1.6870000e+03   1.0665000e+03   1.0276744e-03
   1.6880000e+03   1.0667500e+03   6.7369097e-04
   1.6900000e+03   1.0672500e+03   5.3169355e-04
   1.6910000e+03   1.0675000e+03   9.9608829e-04
   1.6920000e+03   1.0677500e+03   2.8016894e-03
   1.6930000e+03   1.0680000e+03   3.5635755e-03
   1.6940000e+03   1.0682500e+03   2.0660686e-03
   1.6950000e+03   1.0685000e+03   7.1095405e-04
   1.7020000e+03   1.0702500e+03   1.1326815e-03
   1.7030000e+03   1.0705000e+03   2.4320970e-03
   1.7040000e+03   1.0707500e+03   2.1442227e-03
   1.7050000e+03   1.0710000e+03   9.0536692e-04
   1.7100000e+03   1.0722500e+03   1.2594359e-03
   1.7110000e+03   1.0725000e+03   2.7634130e-03
   1.7120000e+03   1.0727500e+03   2.8281099e-03
   1.7130000e+03   1.0730000e+03   1.4189168e-03
   1.7140000e+03   1.0732500e+03   6.3044038e-04
   1.7150000e+03   1.0735000e+03   8.2292144e-04
   1.7160000e+03   1.0737500e+03   2.2437496e-03
   1.7170000e+03   1.0740000e+03   5.5459492e-03
   1.7180000e+03   1.0742500e+03   6.4795689e-03
   1.7190000e+03   1.0745000e+03   3.5855211e-03
   1.7200000e+03   1.0747500e+03   1.8695172e-03
   1.7210000e+03   1.0750000e+03   3.1067989e-03
   1.7220000e+03   1.0752500e+03   4.0396571e-03
   1.7230000e+03   1.0755000e+03   4.1686472e-03
   1.7240000e+03   1.0757500e+03   6.8735490e-03
   1.7250000e+03   1.0760000e+03   8.8067439e-03
   1.7260000e+03   1.0762500e+03   5.1973969e-03
   1.7270000e+03   1.0765000e+03   1.7080355e-03
   1.7280000e+03   1.0767500e+03   6.0617019e-04
   1.7550000e+03   1.0835000e+03   7.8350733e-04
   1.7560000e+03   1.0837500e+03   1.4692795e-03
   1.7570000e+03   1.0840000e+03   3.7628736e-03
   1.7580000e+03   1.0842500e+03   1.3194064e-02
   1.7590000e+03   1.0845000e+03   3.0767807e-02
   1.7600000e+03   1.0847500e+03   2.8905841e-02
   1.7610000e+03   1.0850000e+03   1.1311820e-02
   1.7620000e+03   1.0852500e+03   3.3003400e-03
   1.7630000e+03   1.0855000e+03   1.3781895e-03
   1.7640000e+03   1.0857500e+03   9.5563929e-04
   1.7650000e+03   1.0860000e+03   1.0790868e-03
   1.7660000e+03   1.0862500e+03   1.4863886e-03
   1.7670000e+03   1.0865000e+03   1.1194348e-03
   1.7680000e+03   1.0867500e+03   5.2677154e-04
   1.7770000e+03   1.0890000e+03   1.3726312e-03
   1.7780000e+03   1.0892500e+03   3.2225964e-03
   1.7790000e+03   1.0895000e+03   3.0415535e-03
   1.7800000e+03   1.0897500e+03   1.2503039e-03
   1.7870000e+03   1.0915000e+03   9.7425550e-04
   1.7880000e+03   1.0917500e+03   1.9046393e-03
   1.7890000e+03   1.0920000e+03   1.5333877e-03
   1.7900000e+03   1.0922500e+03   5.2542156e-04
   1.7950000e+03   1.0935000e+03   1.4755337e-03
   1.7960000e+03   1.0937500e+03   2.0319056e-03
   1.7970000e+03   1.0940000e+03   1.1428354e-03
   1.8000000e+03   1.0947500e+03   1.4391912e-03
   1.8010000e+03   1.0950000e+03   3.6107870e-03
   1.8020000e+03   1.0952500e+03   3.6691691e-03
   1.8030000e+03   1.0955000e+03   1.6505019e-03
   1.8040000e+03   1.0957500e+03   1.1549153e-03
   1.8050000e+03   1.0960000e+03   2.0482486e-03
   1.8060000e+03   1.0962500e+03   2.2567486e-03
   1.8070000e+03   1.0965000e+03   2.1598083e-03
   1.8080000e+03   1.0967500e+03   2.1264182e-03
   1.8090000e+03   1.0970000e+03   1.0132474e-03
   1.8310000e+03   1.1025000e+03   6.2137601e-04
   1.8320000e+03   1.1027500e+03   1.5282390e-03
   1.8330000e+03   1.1030000e+03   5.2770576e-03
   1.8340000e+03   1.1032500e+03   1.6737566e-02
   1.8350000e+03   1.1035000e+03   2.2835772e-02
   1.8360000e+03   1.1037500e+03   1.2057131e-02
   1.8370000e+03   1.1040000e+03   3.5254195e-03
   1.8380000e+03   1.1042500e+03   1.6712581e-03
   1.8390000e+03   1.1045000e+03   1.0506845e-03
   1.8400000e+03   1.1047500e+03   5.1144701e-04
   1.8520000e+03   1.1077500e+03   1.0681556e-03
   1.8530000e+03   1.1080000e+03   9.8127101e-04
   1.8620000e+03   1.1102500e+03   6.0965874e-04
   1.8630000e+03   1.1105000e+03   1.8796579e-03
   1.8640000e+03   1.1107500e+03   2.3937721e-03
   1.8650000e+03   1.1110000e+03   1.1872145e-03
   1.8720000e+03   1.1127500e+03   9.4504767e-04
   1.8730000e+03   1.1130000e+03   1.2741065e-03
   1.8740000e+03   1.1132500e+03   6.6780757e-04
   1.8790000e+03   1.1145000e+03   9.3771701e-04
   1.8800000e+03   1.1147500e+03   1.2604256e-03
   1.8810000e+03   1.1150000e+03   7.1101573e-04
   1.8840000e+03   1.1157500e+03   1.3965289e-03
   1.8850000e+03   1.1160000e+03   2.4357572e-03
   1.8860000e+03   1.1162500e+03   1.6905596e-03
   1.8870000e+03   1.1165000e+03   8.8103805e-04
   1.8880000e+03   1.1167500e+03   1.2367073e-03
   1.8890000e+03   1.1170000e+03   1.6336906e-03
   1.8900000e+03   1.1172500e+03   2.0375645e-03
   1.8910000e+03   1.1175000e+03   3.1902190e-03
   1.8920000e+03   1.1177500e+03   2.7266325e-03
   1.8930000e+03   1.1180000e+03   1.0795768e-03
   1.9060000e+03   1.1212500e+03   7.0038266e-04
   1.9070000e+03   1.1215000e+03   2.0077682e-03
   1.9080000e+03   1.1217500e+03   7.7003767e-03
   1.9090000e+03   1.1220000e+03   2.0490194e-02
   1.9100000e+03   1.1222500e+03   2.1900852e-02
   1.9110000e+03   1.1225000e+03   9.1809463e-03
   1.9120000e+03   1.1227500e+03   2.3547790e-03
   1.9130000e+03   1.1230000e+03   7.8414259e-04
   1.9250000e+03   1.1260000e+03   6.3219368e-04
   1.9380000e+03   1.1292500e+03   6.6762051e-04
   1.9470000e+03   1.1315000e+03   5.1355440e-04
   1.9480000e+03   1.1317500e+03   1.2771907e-03
   1.9490000e+03   1.1320000e+03   1.2460167e-03
   1.9560000e+03   1.1337500e+03   5.2878657e-04
   1.9570000e+03   1.1340000e+03   6.8644137e-04
   1.9630000e+03   1.1355000e+03   7.0428601e-04
   1.9640000e+03   1.1357500e+03   5.4105012e-04
   1.9670000e+03   1.1365000e+03   7.6722997e-04
   1.9680000e+03   1.1367500e+03   1.2620663e-03
   1.9690000e+03   1.1370000e+03   8.6389859e-04
   1.9710000e+03   1.1375000e+03   7.0577621e-04
   1.9720000e+03   1.1377500e+03   7.8764463e-04
   1.9730000e+03   1.1380000e+03   7.7690495e-04
   1.9740000e+03   1.1382500e+03   5.5511011e-04
   1.9790000e+03   1.1395000e+03   5.0305170e-04
   1.9800000e+03   1.1397500e+03   5.4725143e-04
   1.9810000e+03   1.1400000e+03   1.1740493e-03
   1.9820000e+03   1.1402500e+03   4.3425448e-03
   1.9830000e+03   1.1405000e+03   1.0881959e-02
   1.9840000e+03   1.1407500e+03   1.1112501e-02
   1.9850000e+03   1.1410000e+03   4.6331644e-03
   1.9860000e+03   1.1412500e+03   1.2494061e-03
   1.9960000e+03   1.1437500e+03   6.0822269e-04
   1.9970000e+03   1.1440000e+03   6.6533866e-04
   2.0320000e+03   1.1527500e+03   6.1557922e-04
   2.0330000e+03   1.1530000e+03   5.5503802e-04
   2.0500000e+03   1.1572500e+03   6.3409240e-04
   2.0510000e+03   1.1575000e+03   5.3279859e-04
   2.0530000e+03   1.1580000e+03   5.9587513e-04
   2.0540000e+03   1.1582500e+03   1.1228193e-03
   2.0550000e+03   1.1585000e+03   2.7903552e-03
   2.0560000e+03   1.1587500e+03   6.6716275e-03
   2.0570000e+03   1.1590000e+03   8.8122302e-03
   2.0580000e+03   1.1592500e+03   5.2727795e-03
   2.0590000e+03   1.1595000e+03   1.7157637e-03
   2.0600000e+03   1.1597500e+03   5.2357237e-04
   2.1270000e+03   1.1765000e+03   6.1767625e-04
   2.1280000e+03   1.1767500e+03   2.0897205e-03
   2.1290000e+03   1.1770000e+03   3.8351824e-03
   2.1300000e+03   1.1772500e+03   3.4698578e-03
   2.1310000e+03   1.1775000e+03   1.6348861e-03
   2.1320000e+03   1.1777500e+03   6.0755455e-04
   2.2000000e+03   1.1947500e+03   1.2889975e-03
   2.2010000e+03   1.1950000e+03   2.0338901e-03
   2.2020000e+03   1.1952500e+03   1.6165724e-03
   2.2030000e+03   1.1955000e+03   8.5241376e-04
