   1.8940000e+03   2.2080540e+03
   1.8950000e+03   2.2089814e+03
   1.8960000e+03   2.2099100e+03
   1.8970000e+03   2.2108390e+03
   1.8990000e+03   2.2126992e+03
   1.9000000e+03   2.2136310e+03
   1.9010000e+03   2.2145630e+03
   1.9020000e+03   2.2154960e+03
   1.9030000e+03   2.2164291e+03
   1.9040000e+03   2.2173640e+03
   1.9050000e+03   2.2182990e+03
   1.9060000e+03   2.2192350e+03
   1.9070000e+03   2.2201720e+03
   1.9080000e+03   2.2211091e+03
   1.9090000e+03   2.2220473e+03
   1.9100000e+03   2.2229863e+03
   1.9110000e+03   2.2239262e+03
   1.9120000e+03   2.2248670e+03
   1.9130000e+03   2.2258083e+03
   1.9140000e+03   2.2267504e+03
   1.9150000e+03   2.2276933e+03
   1.9160000e+03   2.2286372e+03
   1.9170000e+03   2.2295820e+03
   1.9180000e+03   2.2305270e+03
   1.9190000e+03   2.2314731e+03
   1.9200000e+03   2.2324200e+03
   1.9210000e+03   2.2333680e+03
   1.9220000e+03   2.2343161e+03
   1.9230000e+03   2.2352653e+03
   1.9240000e+03   2.2362153e+03
   1.9250000e+03   2.2371660e+03
   1.9260000e+03   2.2381180e+03
   1.9270000e+03   2.2390700e+03
   1.9280000e+03   2.2400231e+03
   1.9290000e+03   2.2409772e+03
   1.9300000e+03   2.2419320e+03
   1.9310000e+03   2.2428874e+03
   1.9320000e+03   2.2438440e+03
   1.9330000e+03   2.2448010e+03
   1.9340000e+03   2.2457590e+03
   1.9350000e+03   2.2467180e+03
   1.9360000e+03   2.2476772e+03
   1.9370000e+03   2.2486380e+03
   1.9380000e+03   2.2495990e+03
   1.9390000e+03   2.2505610e+03
   1.9400000e+03   2.2515234e+03
   1.9410000e+03   2.2524870e+03
   1.9420000e+03   2.2534511e+03
   1.9430000e+03   2.2544170e+03
   1.9440000e+03   2.2553823e+03
   1.9450000e+03   2.2563491e+03
   1.9460000e+03   2.2573170e+03
   1.9470000e+03   2.2582851e+03
   1.9480000e+03   2.2592541e+03
   1.9490000e+03   2.2602241e+03
   1.9500000e+03   2.2611950e+03
   1.9510000e+03   2.2621670e+03
   1.9520000e+03   2.2631391e+03
   1.9530000e+03   2.2641123e+03
   1.9540000e+03   2.2650864e+03
   1.9550000e+03   2.2660612e+03
   1.9560000e+03   2.2670370e+03
   1.9570000e+03   2.2680134e+03
   1.9580000e+03   2.2689910e+03
   1.9590000e+03   2.2699690e+03
   1.9600000e+03   2.2709480e+03
   1.9610000e+03   2.2719274e+03
   1.9620000e+03   2.2729080e+03
   1.9630000e+03   2.2738894e+03
   1.9640000e+03   2.2748720e+03
   1.9650000e+03   2.2758550e+03
   1.9660000e+03   2.2768390e+03
   1.9670000e+03   2.2778232e+03
   1.9680000e+03   2.2788090e+03
   1.9690000e+03   2.2797951e+03
   1.9700000e+03   2.2807824e+03
   1.9710000e+03   2.2817710e+03
   1.9720000e+03   2.2827592e+03
   1.9730000e+03   2.2837490e+03
   1.9740000e+03   2.2847400e+03
   1.9750000e+03   2.2857310e+03
   1.9760000e+03   2.2867230e+03
   1.9770000e+03   2.2877160e+03
   1.9780000e+03   2.2887100e+03
   1.9790000e+03   2.2897043e+03
   1.9800000e+03   2.2907000e+03
   1.9810000e+03   2.2916962e+03
   1.9820000e+03   2.2926933e+03
   1.9830000e+03   2.2936914e+03
   1.9840000e+03   2.2946904e+03
   1.9850000e+03   2.2956900e+03
   1.9860000e+03   2.2966910e+03
   1.9870000e+03   2.2976920e+03
   1.9880000e+03   2.2986940e+03
   1.9890000e+03   2.2996972e+03
   1.9900000e+03   2.3007011e+03
   1.9910000e+03   2.3017060e+03
   1.9920000e+03   2.3027120e+03
   1.9930000e+03   2.3037180e+03
   1.9940000e+03   2.3047253e+03
   1.9950000e+03   2.3057333e+03
   1.9960000e+03   2.3067424e+03
   1.9970000e+03   2.3077524e+03
   1.9980000e+03   2.3087631e+03
   1.9990000e+03   2.3097750e+03
   2.0000000e+03   2.3107871e+03
   2.0010000e+03   2.3118010e+03
   2.0020000e+03   2.3128144e+03
   2.0030000e+03   2.3138300e+03
   2.0040000e+03   2.3148454e+03
   2.0050000e+03   2.3158620e+03
   2.0060000e+03   2.3168800e+03
   2.0070000e+03   2.3178981e+03
   2.0080000e+03   2.3189174e+03
   2.0090000e+03   2.3199380e+03
   2.0100000e+03   2.3209590e+03
   2.0110000e+03   2.3219810e+03
   2.0120000e+03   2.3230034e+03
   2.0130000e+03   2.3240270e+03
   2.0140000e+03   2.3250520e+03
   2.0150000e+03   2.2997890e+03
   2.0160000e+03   2.3006940e+03
   2.0170000e+03   2.3015991e+03
   2.0180000e+03   2.3025051e+03
   2.0190000e+03   2.3034120e+03
   2.0200000e+03   2.3043200e+03
   2.0210000e+03   2.3052280e+03
   2.0220000e+03   2.3061370e+03
   2.0230000e+03   2.3070470e+03
   2.0240000e+03   2.3079570e+03
   2.0250000e+03   2.3088681e+03
   2.0260000e+03   2.3097802e+03
   2.0270000e+03   2.3106930e+03
   2.0280000e+03   2.3116064e+03
   2.0290000e+03   2.3125210e+03
   2.0300000e+03   2.3134360e+03
   2.0310000e+03   2.3143513e+03
   2.0320000e+03   2.3152680e+03
   2.0330000e+03   2.3161850e+03
   2.0340000e+03   2.3171030e+03
   2.0350000e+03   2.3180220e+03
   2.0360000e+03   2.3189411e+03
   2.0370000e+03   2.3198613e+03
   2.0380000e+03   2.3207822e+03
   2.0390000e+03   2.3217041e+03
   2.0400000e+03   2.3226264e+03
   2.0410000e+03   2.3235500e+03
   2.0420000e+03   2.3244740e+03
   2.0430000e+03   2.3253984e+03
   2.0440000e+03   2.3263240e+03
   2.0450000e+03   2.3272502e+03
   2.0460000e+03   2.3281772e+03
   2.0470000e+03   2.3291050e+03
   2.0480000e+03   2.3300334e+03
   2.0490000e+03   2.3309630e+03
   2.0500000e+03   2.3318930e+03
   2.0510000e+03   2.3328240e+03
   2.0520000e+03   2.3337553e+03
   2.0530000e+03   2.3346874e+03
   2.0540000e+03   2.3356210e+03
   2.0550000e+03   2.3365550e+03
   2.0560000e+03   2.3374892e+03
   2.0570000e+03   2.3384250e+03
   2.0580000e+03   2.3393610e+03
   2.0590000e+03   2.3402980e+03
   2.0600000e+03   2.3412360e+03
   2.0610000e+03   2.3421740e+03
   2.0620000e+03   2.3431132e+03
   2.0630000e+03   2.3440532e+03
   2.0640000e+03   2.3449941e+03
   2.0650000e+03   2.3459360e+03
   2.0660000e+03   2.3468780e+03
   2.0670000e+03   2.3478210e+03
   2.0680000e+03   2.3487651e+03
   2.0690000e+03   2.3497100e+03
   2.0700000e+03   2.3506552e+03
   2.0710000e+03   2.3516013e+03
   2.0720000e+03   2.3525483e+03
   2.0730000e+03   2.3534963e+03
   2.0740000e+03   2.3544450e+03
   2.0750000e+03   2.3553942e+03
   2.0760000e+03   2.3563442e+03
   2.0770000e+03   2.3572951e+03
   2.0780000e+03   2.3582470e+03
   2.0790000e+03   2.3591994e+03
   2.0800000e+03   2.3601530e+03
   2.0810000e+03   2.3611070e+03
   2.0820000e+03   2.3620620e+03
   2.0830000e+03   2.3630173e+03
   2.0840000e+03   2.3639740e+03
   2.0850000e+03   2.3649311e+03
   2.0860000e+03   2.3658891e+03
   2.0870000e+03   2.3668480e+03
   2.0880000e+03   2.3678080e+03
   2.0890000e+03   2.3687680e+03
   2.0900000e+03   2.3697290e+03
   2.0910000e+03   2.3706911e+03
   2.0920000e+03   2.3716540e+03
   2.0930000e+03   2.3726174e+03
   2.0940000e+03   2.3735820e+03
   2.0950000e+03   2.3745471e+03
   2.0960000e+03   2.3755131e+03
   2.0970000e+03   2.3764800e+03
   2.0980000e+03   2.3774480e+03
   2.0990000e+03   2.3784160e+03
   2.1000000e+03   2.3793850e+03
   2.1010000e+03   2.3803550e+03
   2.1020000e+03   2.3813260e+03
   2.1030000e+03   2.3822973e+03
   2.1040000e+03   2.3832700e+03
   2.1050000e+03   2.3842431e+03
   2.1060000e+03   2.3852170e+03
   2.1070000e+03   2.3861920e+03
   2.1080000e+03   2.3871680e+03
   2.1090000e+03   2.3881440e+03
   2.1100000e+03   2.3891213e+03
   2.1110000e+03   2.3900993e+03
   2.1120000e+03   2.3910783e+03
   2.1130000e+03   2.3920581e+03
   2.1140000e+03   2.3930390e+03
   2.1150000e+03   2.3940200e+03
   2.1160000e+03   2.3950021e+03
   2.1170000e+03   2.3959851e+03
   2.1180000e+03   2.3969690e+03
   2.1190000e+03   2.3979540e+03
   2.1200000e+03   2.3989390e+03
   2.1210000e+03   2.3999252e+03
   2.1220000e+03   2.4009123e+03
   2.1230000e+03   2.4019001e+03
   2.1240000e+03   2.4028890e+03
   2.1250000e+03   2.4038790e+03
   2.1260000e+03   2.4048690e+03
   2.1270000e+03   2.4058601e+03
   2.1280000e+03   2.4068522e+03
   2.1290000e+03   2.4078450e+03
   2.1300000e+03   2.4088390e+03
   2.1310000e+03   2.4098332e+03
   2.1320000e+03   2.4108290e+03
   2.1330000e+03   2.4118250e+03
   2.1340000e+03   2.4128220e+03
   2.1350000e+03   2.4138200e+03
   2.1360000e+03   2.4148183e+03
   2.1370000e+03   2.4158180e+03
   2.1380000e+03   2.4168183e+03
   2.1390000e+03   2.4178200e+03
   2.1400000e+03   2.4188220e+03
   2.1410000e+03   2.4198244e+03
   2.1420000e+03   2.4208281e+03
   2.1430000e+03   2.4218330e+03
   2.1440000e+03   2.4228381e+03
   2.1450000e+03   2.4461840e+03
   2.1460000e+03   2.4472084e+03
   2.1470000e+03   2.4482340e+03
   2.1480000e+03   2.4492600e+03
   2.1490000e+03   2.4502870e+03
   2.1500000e+03   2.4513150e+03
   2.1510000e+03   2.4523440e+03
   2.1520000e+03   2.4533730e+03
   2.1530000e+03   2.4544033e+03
   2.1540000e+03   2.4554350e+03
   2.1550000e+03   2.4564670e+03
   2.1560000e+03   2.4575000e+03
   2.1570000e+03   2.4585332e+03
   2.1580000e+03   2.4595680e+03
   2.1590000e+03   2.4606032e+03
   2.1600000e+03   2.4616400e+03
   2.1610000e+03   2.4626770e+03
   2.1620000e+03   2.4637150e+03
   2.1630000e+03   2.4647540e+03
   2.1640000e+03   2.4657934e+03
   2.1650000e+03   2.4668340e+03
   2.1660000e+03   2.4678754e+03
   2.1670000e+03   2.4689180e+03
   2.1680000e+03   2.4699610e+03
   2.1690000e+03   2.4710050e+03
   2.1700000e+03   2.4720500e+03
   2.1710000e+03   2.4730960e+03
   2.1720000e+03   2.4741423e+03
   2.1730000e+03   2.4751900e+03
   2.1740000e+03   2.4762380e+03
   2.1750000e+03   2.4772873e+03
   2.1760000e+03   2.4783374e+03
   2.1770000e+03   2.4793881e+03
   2.1780000e+03   2.4804401e+03
   2.1790000e+03   2.4814930e+03
   2.1800000e+03   2.4825463e+03
   2.1810000e+03   2.4836010e+03
   2.1820000e+03   2.4846560e+03
   2.1830000e+03   2.4857121e+03
   2.1840000e+03   2.4867692e+03
   2.1850000e+03   2.4878271e+03
   2.1860000e+03   2.4888860e+03
   2.1870000e+03   2.4899460e+03
   2.1880000e+03   2.4910061e+03
   2.1890000e+03   2.4920680e+03
   2.1900000e+03   2.4931300e+03
   2.1910000e+03   2.4941931e+03
   2.7150000e+03   2.3260761e+03
   2.7160000e+03   2.2988850e+03
   2.7170000e+03   2.4238110e+03
   2.7180000e+03   2.4247840e+03
   2.7190000e+03   2.4257563e+03
   2.7200000e+03   2.4267290e+03
   2.7210000e+03   2.4277020e+03
   2.7220000e+03   2.4286750e+03
   2.7230000e+03   2.4296472e+03
   2.7240000e+03   2.4306201e+03
   2.7250000e+03   2.4315930e+03
   2.7260000e+03   2.4325654e+03
   2.7270000e+03   2.4335383e+03
   2.7280000e+03   2.4345110e+03
   2.7290000e+03   2.4354840e+03
   2.7300000e+03   2.4364570e+03
   2.7310000e+03   2.4374291e+03
   2.7320000e+03   2.4384020e+03
   2.7330000e+03   2.4393750e+03
   2.7340000e+03   2.4403474e+03
   2.7350000e+03   2.4413203e+03
   2.7360000e+03   2.4422930e+03
   2.7370000e+03   2.4432660e+03
   2.7380000e+03   2.4442390e+03
   2.7390000e+03   2.4452111e+03
