   1.0000000e+00   6.4961720e+02
   2.0000000e+00   6.4985570e+02
   3.0000000e+00   6.5009430e+02
   4.0000000e+00   6.5033310e+02
   5.0000000e+00   6.5057210e+02
   6.0000000e+00   6.5081130e+02
   7.0000000e+00   6.5105060e+02
   8.0000000e+00   6.5129020e+02
   9.0000000e+00   6.5152990e+02
   1.0000000e+01   6.5176990e+02
   1.1000000e+01   6.5201000e+02
   1.2000000e+01   6.5225030e+02
   1.3000000e+01   6.5249080e+02
   1.4000000e+01   6.5273150e+02
   1.5000000e+01   6.5297240e+02
   1.6000000e+01   6.5321350e+02
   1.7000000e+01   6.5345470e+02
   1.8000000e+01   6.5369620e+02
   1.9000000e+01   6.5393780e+02
   2.0000000e+01   6.5417970e+02
   2.1000000e+01   6.5442170e+02
   2.2000000e+01   6.5466390e+02
   2.3000000e+01   6.5490630e+02
   2.4000000e+01   6.5514890e+02
   2.5000000e+01   6.5539170e+02
   2.6000000e+01   6.5563470e+02
   2.7000000e+01   6.5587790e+02
   2.8000000e+01   6.5612120e+02
   2.9000000e+01   6.5636480e+02
   3.0000000e+01   6.5660850e+02
   3.1000000e+01   6.5685250e+02
   3.2000000e+01   6.5709660e+02
   3.3000000e+01   6.5734090e+02
   3.4000000e+01   6.5758550e+02
   3.5000000e+01   6.5783020e+02
   3.6000000e+01   6.5807510e+02
   3.7000000e+01   6.5832030e+02
   3.8000000e+01   6.5856560e+02
   3.9000000e+01   6.5881100e+02
   4.0000000e+01   6.5905670e+02
   4.1000000e+01   6.5930260e+02
   4.2000000e+01   6.5954860e+02
   4.3000000e+01   6.5979490e+02
   4.4000000e+01   6.6004140e+02
   4.5000000e+01   6.6028810e+02
   4.6000000e+01   6.6053490e+02
   4.7000000e+01   6.6078200e+02
   4.8000000e+01   6.6102920e+02
   4.9000000e+01   6.6127670e+02
   5.0000000e+01   6.6152440e+02
   5.1000000e+01   6.6177220e+02
   5.2000000e+01   6.6202020e+02
   5.3000000e+01   6.6226840e+02
   5.4000000e+01   6.6251690e+02
   5.5000000e+01   6.6276550e+02
   5.6000000e+01   6.6301430e+02
   5.7000000e+01   6.6326340e+02
   5.8000000e+01   6.6351260e+02
   5.9000000e+01   6.6376200e+02
   6.0000000e+01   6.6401160e+02
   6.1000000e+01   6.6426140e+02
   6.2000000e+01   6.6451150e+02
   6.3000000e+01   6.6476170e+02
   6.4000000e+01   6.6501210e+02
   6.5000000e+01   6.6526270e+02
   6.6000000e+01   6.6551350e+02
   6.7000000e+01   6.6576450e+02
   6.8000000e+01   6.6601570e+02
   6.9000000e+01   6.6626720e+02
   7.0000000e+01   6.6651880e+02
   7.1000000e+01   6.6677060e+02
   7.2000000e+01   6.6702260e+02
   7.3000000e+01   6.6727480e+02
   7.4000000e+01   6.6752730e+02
   7.5000000e+01   6.6777990e+02
   7.6000000e+01   6.6803270e+02
   7.7000000e+01   6.6828570e+02
   7.8000000e+01   6.6853890e+02
   7.9000000e+01   6.6879240e+02
   8.0000000e+01   6.6904600e+02
   8.1000000e+01   6.6929990e+02
   8.2000000e+01   6.6955390e+02
   8.3000000e+01   6.6980810e+02
   8.4000000e+01   6.7006260e+02
   8.5000000e+01   6.7031720e+02
   8.6000000e+01   6.7057210e+02
   8.7000000e+01   6.7082710e+02
   8.8000000e+01   6.7108240e+02
   8.9000000e+01   6.7133780e+02
   9.0000000e+01   6.7159350e+02
   9.1000000e+01   6.7184940e+02
   9.2000000e+01   6.7210550e+02
   9.3000000e+01   6.7236180e+02
   9.4000000e+01   6.7261820e+02
   9.5000000e+01   6.7287490e+02
   9.6000000e+01   6.7313180e+02
   9.7000000e+01   6.7338900e+02
   9.8000000e+01   6.7364620e+02
   9.9000000e+01   6.7390380e+02
   1.0000000e+02   6.7416150e+02
   1.0100000e+02   6.7441940e+02
   1.0200000e+02   6.7467760e+02
   1.0300000e+02   6.7493590e+02
   1.0400000e+02   6.7519450e+02
   1.0500000e+02   6.7545320e+02
   1.0600000e+02   6.7571220e+02
   1.0700000e+02   6.7597140e+02
   1.0800000e+02   6.7623080e+02
   1.0900000e+02   6.7649040e+02
   1.1000000e+02   6.7675020e+02
   1.1100000e+02   6.7701020e+02
   1.1200000e+02   6.7727040e+02
   1.1300000e+02   6.7753090e+02
   1.1400000e+02   6.7779150e+02
   1.1500000e+02   6.7805240e+02
   1.1600000e+02   6.7831340e+02
   1.1700000e+02   6.7857470e+02
   1.1800000e+02   6.7883620e+02
   1.1900000e+02   6.7909790e+02
   1.2000000e+02   6.7935980e+02
   1.2100000e+02   6.7962190e+02
   1.2200000e+02   6.7988420e+02
   1.2300000e+02   6.8014680e+02
   1.2400000e+02   6.8040950e+02
   1.2500000e+02   6.8067250e+02
   1.2600000e+02   6.8093570e+02
   1.2700000e+02   6.8119900e+02
   1.2800000e+02   6.8146260e+02
   1.2900000e+02   6.8172640e+02
   1.3000000e+02   6.8199050e+02
   1.3100000e+02   6.8759860e+02
   1.3200000e+02   6.8786790e+02
   1.3300000e+02   6.8813740e+02
   1.3400000e+02   6.8840710e+02
   1.3500000e+02   6.8867710e+02
   1.3600000e+02   6.8894720e+02
   1.3700000e+02   6.8921760e+02
   1.3800000e+02   6.8948820e+02
   1.3900000e+02   6.8975900e+02
   1.4000000e+02   6.9003000e+02
   1.4100000e+02   6.9030130e+02
   1.4200000e+02   6.9057280e+02
   1.4300000e+02   6.9084450e+02
   1.4400000e+02   6.9111640e+02
   1.4500000e+02   6.9138850e+02
   1.4600000e+02   6.9166090e+02
   1.4700000e+02   6.9193350e+02
   1.4800000e+02   6.9220620e+02
   1.4900000e+02   6.9247930e+02
   1.5000000e+02   6.9275260e+02
   1.5100000e+02   6.9302600e+02
   1.5200000e+02   6.9329970e+02
   1.5300000e+02   6.9357360e+02
   1.5400000e+02   6.9384780e+02
   1.5500000e+02   6.9412210e+02
   1.5600000e+02   6.9439670e+02
   1.5700000e+02   6.9467150e+02
   1.5800000e+02   6.9494650e+02
   1.5900000e+02   6.9522180e+02
   1.6000000e+02   6.9549730e+02
   1.6100000e+02   6.9577300e+02
   1.6200000e+02   6.9604900e+02
   1.6300000e+02   6.9632510e+02
   1.6400000e+02   6.9660150e+02
   1.6500000e+02   6.9687810e+02
   1.6600000e+02   6.9715490e+02
   1.6700000e+02   6.9743200e+02
   1.6800000e+02   6.9770930e+02
   1.6900000e+02   6.9798680e+02
   1.7000000e+02   6.9826450e+02
   1.7100000e+02   6.9854250e+02
   1.7200000e+02   6.9882070e+02
   1.7300000e+02   6.9909910e+02
   1.7400000e+02   6.9937770e+02
   1.7500000e+02   6.9965670e+02
   1.7600000e+02   6.9993570e+02
   1.7700000e+02   7.0021510e+02
   1.7800000e+02   7.0049470e+02
   1.7900000e+02   7.0077450e+02
   1.8000000e+02   7.0105450e+02
   1.8100000e+02   7.0133470e+02
   1.8200000e+02   7.0161520e+02
   1.8300000e+02   7.0189590e+02
   1.8400000e+02   7.0217690e+02
   1.8500000e+02   7.0245810e+02
   1.8600000e+02   7.0273940e+02
   1.8700000e+02   7.0302110e+02
   1.8800000e+02   7.0330300e+02
   1.8900000e+02   7.0358510e+02
   1.9000000e+02   7.0386740e+02
   1.9100000e+02   7.0415000e+02
   1.9200000e+02   7.0443270e+02
   1.9300000e+02   7.0471580e+02
   1.9400000e+02   7.0499900e+02
   1.9500000e+02   7.0528250e+02
   1.9600000e+02   7.0556620e+02
   1.9700000e+02   7.0585020e+02
   1.9800000e+02   7.0613440e+02
   1.9900000e+02   7.0641880e+02
   2.0000000e+02   7.0670350e+02
   2.0100000e+02   7.0698840e+02
   2.0200000e+02   7.0727350e+02
   2.0300000e+02   7.0755890e+02
   2.0400000e+02   7.0784450e+02
   2.0500000e+02   7.0813030e+02
   2.0600000e+02   7.0841640e+02
   2.0700000e+02   7.0870270e+02
   2.0800000e+02   7.0898930e+02
   2.0900000e+02   7.0927600e+02
   2.1000000e+02   7.0956300e+02
   2.1100000e+02   7.0985030e+02
   2.1200000e+02   7.1013780e+02
   2.1300000e+02   7.1042550e+02
   2.1400000e+02   7.1071350e+02
   2.1500000e+02   7.1100170e+02
   2.1600000e+02   7.1129020e+02
   2.1700000e+02   7.1157880e+02
   2.1800000e+02   7.1186770e+02
   2.1900000e+02   7.1215690e+02
   2.2000000e+02   7.1244630e+02
   2.2100000e+02   7.1273590e+02
   2.2200000e+02   7.1302580e+02
   2.2300000e+02   7.1331590e+02
   2.2400000e+02   7.1360630e+02
   2.2500000e+02   7.1389690e+02
   2.2600000e+02   7.1418770e+02
   2.2700000e+02   7.1447880e+02
   2.2800000e+02   7.1477010e+02
   2.2900000e+02   7.1506170e+02
   2.3000000e+02   7.1535350e+02
   2.3100000e+02   7.1564550e+02
   2.3200000e+02   7.1593780e+02
   2.3300000e+02   7.1623030e+02
   2.3400000e+02   7.1652310e+02
   2.3500000e+02   7.1681620e+02
   2.3600000e+02   7.1710940e+02
   2.3700000e+02   7.1740290e+02
   2.3800000e+02   7.1769670e+02
   2.3900000e+02   7.1799070e+02
   2.4000000e+02   7.1828490e+02
   2.4100000e+02   7.1857930e+02
   2.4200000e+02   7.1887410e+02
   2.4300000e+02   7.1916910e+02
   2.4400000e+02   7.1946430e+02
   2.4500000e+02   7.1975970e+02
   2.4600000e+02   7.2005540e+02
   2.4700000e+02   7.2035140e+02
   2.4800000e+02   7.2064760e+02
   2.4900000e+02   7.2094400e+02
   2.5000000e+02   7.2124070e+02
   2.5100000e+02   7.2153770e+02
   2.5200000e+02   7.2183480e+02
   2.5300000e+02   7.2213230e+02
   2.5400000e+02   7.2243000e+02
   2.5500000e+02   7.2272790e+02
   2.5600000e+02   7.2302610e+02
   2.5700000e+02   7.2332450e+02
   2.5800000e+02   7.2362320e+02
   2.5900000e+02   7.2392210e+02
   2.6000000e+02   7.2422130e+02
   2.6100000e+02   7.2452080e+02
   2.6200000e+02   7.2482040e+02
   2.6300000e+02   7.2512040e+02
   2.6400000e+02   7.2542050e+02
   2.6500000e+02   7.2572090e+02
   2.6600000e+02   7.2602170e+02
   2.6700000e+02   7.2632260e+02
   2.6800000e+02   7.2662380e+02
   2.6900000e+02   7.2692520e+02
   2.7000000e+02   7.2722690e+02
   2.7100000e+02   7.2752890e+02
   2.7200000e+02   7.2783110e+02
   2.7300000e+02   7.2813350e+02
   2.7400000e+02   7.2843620e+02
   2.7500000e+02   7.2805200e+02
   2.7600000e+02   7.2835440e+02
   2.7700000e+02   7.2865700e+02
   2.7800000e+02   7.2895980e+02
   2.7900000e+02   7.2926300e+02
   2.8000000e+02   7.2956630e+02
   2.8100000e+02   7.2986990e+02
   2.8200000e+02   7.3017380e+02
   2.8300000e+02   7.3047800e+02
   2.8400000e+02   7.3078230e+02
   2.8500000e+02   7.3108700e+02
   2.8600000e+02   7.3139180e+02
   2.8700000e+02   7.3169700e+02
   2.8800000e+02   7.3200240e+02
   2.8900000e+02   7.3230800e+02
   2.9000000e+02   7.3261390e+02
   2.9100000e+02   7.3292000e+02
   2.9200000e+02   7.3322640e+02
   2.9300000e+02   7.3353310e+02
   2.9400000e+02   7.3384000e+02
   2.9500000e+02   7.3414720e+02
   2.9600000e+02   7.3445460e+02
   2.9700000e+02   7.3476230e+02
   2.9800000e+02   7.3507020e+02
   2.9900000e+02   7.3537840e+02
   3.0000000e+02   7.3568680e+02
   3.0100000e+02   7.3599550e+02
   3.0200000e+02   7.3630440e+02
   3.0300000e+02   7.3661360e+02
   3.0400000e+02   7.3692310e+02
   3.0500000e+02   7.3723280e+02
   3.0600000e+02   7.3754280e+02
   3.0700000e+02   7.3785310e+02
   3.0800000e+02   7.3816360e+02
   3.0900000e+02   7.3847430e+02
   3.1000000e+02   7.3878530e+02
   3.1100000e+02   7.3909660e+02
   3.1200000e+02   7.3940810e+02
   3.1300000e+02   7.3971990e+02
   3.1400000e+02   7.4003200e+02
   3.1500000e+02   7.4034430e+02
   3.1600000e+02   7.4065690e+02
   3.1700000e+02   7.4096970e+02
   3.1800000e+02   7.4128280e+02
   3.1900000e+02   7.4159620e+02
   3.2000000e+02   7.4190980e+02
   3.2100000e+02   7.4222370e+02
   3.2200000e+02   7.4253780e+02
   3.2300000e+02   7.4285220e+02
   3.2400000e+02   7.4316690e+02
   3.2500000e+02   7.4348180e+02
   3.2600000e+02   7.4379700e+02
   3.2700000e+02   7.4411250e+02
   3.2800000e+02   7.4442820e+02
   3.2900000e+02   7.4474420e+02
   3.3000000e+02   7.4506040e+02
   3.3100000e+02   7.4537700e+02
   3.3200000e+02   7.4569370e+02
   3.3300000e+02   7.4601080e+02
   3.3400000e+02   7.4632810e+02
   3.3500000e+02   7.4664570e+02
   3.3600000e+02   7.4696350e+02
   3.3700000e+02   7.4728160e+02
   3.3800000e+02   7.4760000e+02
   3.3900000e+02   7.4791860e+02
   3.4000000e+02   7.4823750e+02
   3.4100000e+02   7.4855680e+02
   3.4200000e+02   7.4887620e+02
   3.4300000e+02   7.4919590e+02
   3.4400000e+02   7.4951590e+02
   3.4500000e+02   7.4983610e+02
   3.4600000e+02   7.5015670e+02
   3.4700000e+02   7.5047750e+02
   3.4800000e+02   7.5079850e+02
   3.4900000e+02   7.5111990e+02
   3.5000000e+02   7.5144150e+02
   3.5100000e+02   7.5176330e+02
   3.5200000e+02   7.5208540e+02
   3.5300000e+02   7.5240790e+02
   3.5400000e+02   7.5273060e+02
   3.5500000e+02   7.5305350e+02
   3.5600000e+02   7.5337680e+02
   3.5700000e+02   7.5370030e+02
   3.5800000e+02   7.5402400e+02
   3.5900000e+02   7.5434810e+02
   3.6000000e+02   7.5467240e+02
   3.6100000e+02   7.5499700e+02
   3.6200000e+02   7.5532180e+02
   3.6300000e+02   7.5564700e+02
   3.6400000e+02   7.5597240e+02
   3.6500000e+02   7.5629810e+02
   3.6600000e+02   7.5662410e+02
   3.6700000e+02   7.5695030e+02
   3.6800000e+02   7.5727690e+02
   3.6900000e+02   7.5760360e+02
   3.7000000e+02   7.5793070e+02
   3.7100000e+02   7.5825810e+02
   3.7200000e+02   7.5858570e+02
   3.7300000e+02   7.5891360e+02
   3.7400000e+02   7.5924180e+02
   3.7500000e+02   7.5957020e+02
   3.7600000e+02   7.5989890e+02
   3.7700000e+02   7.6022800e+02
   3.7800000e+02   7.6055730e+02
   3.7900000e+02   7.6088680e+02
   3.8000000e+02   7.6121670e+02
   3.8100000e+02   7.6154680e+02
   3.8200000e+02   7.6187720e+02
   3.8300000e+02   7.6220790e+02
   3.8400000e+02   7.6253890e+02
   3.8500000e+02   7.6287010e+02
   3.8600000e+02   7.6320170e+02
   3.8700000e+02   7.6353340e+02
   3.8800000e+02   7.6386550e+02
   3.8900000e+02   7.6419790e+02
   3.9000000e+02   7.6453060e+02
   3.9100000e+02   7.6486350e+02
   3.9200000e+02   7.6519670e+02
   3.9300000e+02   7.6553030e+02
   3.9400000e+02   7.6586410e+02
   3.9500000e+02   7.6619810e+02
   3.9600000e+02   7.6653250e+02
   3.9700000e+02   7.6686710e+02
   3.9800000e+02   7.6720200e+02
   3.9900000e+02   7.6753730e+02
   4.0000000e+02   7.6787270e+02
   4.0100000e+02   7.6820860e+02
   4.0200000e+02   7.6854460e+02
   4.0300000e+02   7.6888100e+02
   4.0400000e+02   7.6921770e+02
   4.0500000e+02   7.6955460e+02
   4.0600000e+02   7.6989180e+02
   4.0700000e+02   7.7022930e+02
   4.0800000e+02   7.7056710e+02
   4.0900000e+02   7.7090520e+02
   4.1000000e+02   7.7124350e+02
   4.1100000e+02   7.7158220e+02
   4.1200000e+02   7.7192110e+02
   4.1300000e+02   7.7226040e+02
   4.1400000e+02   7.7259990e+02
   4.1500000e+02   7.7293980e+02
   4.1600000e+02   7.7327980e+02
   4.1700000e+02   7.7362020e+02
   4.1800000e+02   7.7396090e+02
   4.1900000e+02   7.7430190e+02
   4.2000000e+02   7.7464320e+02
   4.2100000e+02   7.7498480e+02
   4.2200000e+02   7.7532670e+02
   4.2300000e+02   7.7566880e+02
   4.2400000e+02   7.7601120e+02
   4.2500000e+02   7.7635400e+02
   4.2600000e+02   7.7669700e+02
   4.2700000e+02   7.7704030e+02
   4.2800000e+02   7.7738400e+02
   4.2900000e+02   7.7772790e+02
   4.3000000e+02   7.7807210e+02
   4.3100000e+02   7.7841660e+02
   4.3200000e+02   7.7876140e+02
   4.3300000e+02   7.7910650e+02
   4.3400000e+02   7.7945190e+02
   4.3500000e+02   7.7979760e+02
   4.3600000e+02   7.8014360e+02
   4.3700000e+02   7.8048990e+02
   4.3800000e+02   7.8083650e+02
   4.3900000e+02   7.8118330e+02
   4.4000000e+02   7.8153060e+02
   4.4100000e+02   7.8187810e+02
   4.4300000e+02   7.8961290e+02
   4.4400000e+02   7.8996700e+02
   4.4500000e+02   7.9032140e+02
   4.4600000e+02   7.9067600e+02
   4.4700000e+02   7.9103100e+02
   4.4800000e+02   7.9138620e+02
   4.4900000e+02   7.9174180e+02
   4.5000000e+02   7.9209770e+02
   4.5100000e+02   7.9245390e+02
   4.5200000e+02   7.9281040e+02
   4.5300000e+02   7.9316720e+02
   4.5400000e+02   7.9352440e+02
   4.5500000e+02   7.9388180e+02
   4.5800000e+02   7.9495590e+02
   4.5900000e+02   7.9531460e+02
   4.6000000e+02   7.9567350e+02
   4.6300000e+02   7.9675230e+02
   4.6400000e+02   7.9711250e+02
   4.6700000e+02   7.9819500e+02
   4.6800000e+02   7.9855650e+02
   4.7100000e+02   7.9964280e+02
   4.7200000e+02   8.0000540e+02
   4.7300000e+02   8.0036850e+02
   4.7500000e+02   8.0109550e+02
   4.7600000e+02   8.0145950e+02
   4.7700000e+02   8.0182370e+02
   4.8000000e+02   8.0291850e+02
   4.8100000e+02   8.0328410e+02
   4.8200000e+02   8.0365000e+02
   4.8400000e+02   8.0438260e+02
   4.8500000e+02   8.0474950e+02
   4.8600000e+02   8.0511660e+02
   4.8800000e+02   8.0585190e+02
   4.8900000e+02   8.0622000e+02
   4.9000000e+02   8.0658840e+02
   4.9200000e+02   8.0732620e+02
   4.9300000e+02   8.0769560e+02
   4.9400000e+02   8.0806540e+02
   4.9700000e+02   8.0917650e+02
   4.9800000e+02   8.0954740e+02
   4.9900000e+02   8.0991880e+02
   5.0100000e+02   8.1066240e+02
   5.0200000e+02   8.1103470e+02
   5.0300000e+02   8.1140730e+02
   5.0500000e+02   8.1215360e+02
   5.0600000e+02   8.1252720e+02
   5.0700000e+02   8.1290110e+02
   5.0900000e+02   8.1365000e+02
   5.1000000e+02   8.1402490e+02
   5.1100000e+02   8.1440010e+02
   5.1300000e+02   8.1515160e+02
   5.1400000e+02   8.1552780e+02
   5.1500000e+02   8.1590440e+02
   5.1800000e+02   8.1703610e+02
   5.1900000e+02   8.1741390e+02
   5.2200000e+02   8.1854960e+02
   5.2300000e+02   8.1892880e+02
   5.2600000e+02   8.2006850e+02
   5.2700000e+02   8.2044900e+02
   5.3000000e+02   8.2159270e+02
   5.3100000e+02   8.2197450e+02
   5.3500000e+02   8.2350550e+02
   5.4700000e+02   8.2813090e+02
   5.4800000e+02   8.2851850e+02
   8.0200000e+02   9.2272910e+02
   8.0300000e+02   9.2309320e+02
   8.1300000e+02   9.2675070e+02
   8.1400000e+02   9.2711820e+02
   8.1900000e+02   9.2895970e+02
   8.2000000e+02   9.2932890e+02
   8.2400000e+02   9.3080870e+02
   8.2500000e+02   9.3117940e+02
   8.2900000e+02   9.3266530e+02
   8.3000000e+02   9.3303750e+02
   8.3100000e+02   9.3341010e+02
   8.3400000e+02   9.3452950e+02
   8.3500000e+02   9.3490330e+02
   8.3600000e+02   9.3527730e+02
   8.3900000e+02   9.3640140e+02
   8.4000000e+02   9.3677670e+02
   8.4100000e+02   9.3715230e+02
   8.4400000e+02   9.3828100e+02
   8.4500000e+02   9.3865780e+02
   8.4600000e+02   9.3903500e+02
   8.4900000e+02   9.4016830e+02
   8.5000000e+02   9.4054670e+02
   8.5100000e+02   9.4092540e+02
   8.5400000e+02   9.4206340e+02
   8.5500000e+02   9.4244340e+02
   8.5600000e+02   9.4282360e+02
   8.5800000e+02   9.4358510e+02
   8.5900000e+02   9.4396630e+02
   8.6000000e+02   9.4434780e+02
   8.6100000e+02   9.4472970e+02
   8.6300000e+02   9.4549430e+02
   8.6400000e+02   9.4587710e+02
   8.6500000e+02   9.4626020e+02
   8.6800000e+02   9.4741140e+02
   8.6900000e+02   9.4779580e+02
   8.7000000e+02   9.4818040e+02
   8.7200000e+02   9.4895080e+02
   8.7300000e+02   9.4933640e+02
   8.7400000e+02   9.4972240e+02
   8.7500000e+02   9.5010860e+02
   8.7700000e+02   9.5088220e+02
   8.7800000e+02   9.5126940e+02
   8.7900000e+02   9.5165700e+02
   8.8100000e+02   9.5243300e+02
   8.8200000e+02   9.5282160e+02
   8.8300000e+02   9.5321040e+02
   8.8500000e+02   9.5398910e+02
   8.8600000e+02   9.5437890e+02
   8.8700000e+02   9.5476900e+02
   8.9000000e+02   9.5594150e+02
   8.9100000e+02   9.5633290e+02
   8.9200000e+02   9.5672470e+02
   8.9400000e+02   9.5750920e+02
   8.9500000e+02   9.5790190e+02
   8.9600000e+02   9.5829500e+02
   8.9800000e+02   9.5908210e+02
   8.9900000e+02   9.5947610e+02
   9.0500000e+02   9.6184740e+02
   9.0800000e+02   9.6303740e+02
   9.0900000e+02   9.6343480e+02
   9.1100000e+02   9.6423040e+02
   9.1200000e+02   9.6462880e+02
   9.1300000e+02   9.6502750e+02
   9.1500000e+02   9.6582580e+02
   9.1600000e+02   9.6622550e+02
   9.1700000e+02   9.6662550e+02
   9.1900000e+02   9.6742650e+02
   9.2000000e+02   9.6782750e+02
   9.2100000e+02   9.6822890e+02
   9.2200000e+02   9.6863060e+02
   9.2300000e+02   9.6903260e+02
   9.2400000e+02   9.6943490e+02
   9.2500000e+02   9.6983760e+02
   9.2600000e+02   9.7024070e+02
   9.2700000e+02   9.7064400e+02
   9.2800000e+02   9.7104780e+02
   9.2900000e+02   9.7145180e+02
   9.3000000e+02   9.7185620e+02
   9.3100000e+02   9.7226090e+02
   9.3200000e+02   9.7266600e+02
   9.3300000e+02   9.7307140e+02
   9.3400000e+02   9.7347720e+02
   9.3500000e+02   9.7388320e+02
   9.3600000e+02   9.7428970e+02
   9.3700000e+02   9.7381410e+02
   9.3800000e+02   9.7422060e+02
   9.3900000e+02   9.7462740e+02
   9.4000000e+02   9.7503450e+02
   9.4100000e+02   9.7544190e+02
   9.4200000e+02   9.7584970e+02
   9.4300000e+02   9.7625780e+02
   9.4400000e+02   9.7666630e+02
   9.4500000e+02   9.7707510e+02
   9.4600000e+02   9.7748430e+02
   9.4700000e+02   9.7789370e+02
   9.4800000e+02   9.7830350e+02
   9.4900000e+02   9.7871370e+02
   9.5000000e+02   9.7912420e+02
   9.5100000e+02   9.7953510e+02
   9.5200000e+02   9.7994630e+02
   9.5300000e+02   9.8035780e+02
   9.5400000e+02   9.8076970e+02
   9.5500000e+02   9.8118190e+02
   9.5600000e+02   9.8159450e+02
   9.5700000e+02   9.8200740e+02
   9.5800000e+02   9.8242060e+02
   9.5900000e+02   9.8283420e+02
   9.6000000e+02   9.8324820e+02
   9.6100000e+02   9.8366250e+02
   9.6200000e+02   9.8407710e+02
   9.6300000e+02   9.8449210e+02
   9.6400000e+02   9.8490740e+02
   9.6500000e+02   9.8532310e+02
   9.6600000e+02   9.8573910e+02
   9.6800000e+02   9.8657220e+02
   9.7000000e+02   9.8740670e+02
   9.7100000e+02   9.8782440e+02
   1.0710000e+03   1.0314323e+03
   1.0750000e+03   1.0332551e+03
   1.0760000e+03   1.0337120e+03
   1.0790000e+03   1.0350841e+03
   1.0800000e+03   1.0355422e+03
   1.0840000e+03   1.0373791e+03
   1.0850000e+03   1.0378393e+03
   1.0880000e+03   1.0392222e+03
   1.0890000e+03   1.0396840e+03
   1.0920000e+03   1.0410720e+03
   1.0930000e+03   1.0415352e+03
   1.0960000e+03   1.0429280e+03
   1.0970000e+03   1.0433930e+03
   1.1000000e+03   1.0447902e+03
   1.1010000e+03   1.0452570e+03
   1.1040000e+03   1.0560710e+03
   1.1060000e+03   1.0570230e+03
   1.1070000e+03   1.0574992e+03
   1.1090000e+03   1.0584540e+03
   1.1100000e+03   1.0589320e+03
   1.1110000e+03   1.0594100e+03
   1.1130000e+03   1.0603680e+03
   1.1140000e+03   1.0608472e+03
   1.1160000e+03   1.0618074e+03
   1.1170000e+03   1.0622883e+03
   1.1210000e+03   1.0642154e+03
   1.1220000e+03   1.0646983e+03
   1.1240000e+03   1.0656652e+03
   1.1250000e+03   1.0661492e+03
   1.1270000e+03   1.0671190e+03
   1.1280000e+03   1.0676041e+03
   1.1290000e+03   1.0680900e+03
   1.1300000e+03   1.0685760e+03
   1.1310000e+03   1.0690630e+03
   1.1320000e+03   1.0695500e+03
   1.1330000e+03   1.0700371e+03
   1.1340000e+03   1.0705250e+03
   1.1350000e+03   1.0710131e+03
   1.1360000e+03   1.0715020e+03
   1.1370000e+03   1.0719910e+03
   1.1380000e+03   1.0724810e+03
   1.1390000e+03   1.0729710e+03
   1.1400000e+03   1.0734610e+03
   1.1410000e+03   1.0739520e+03
   1.1420000e+03   1.0744430e+03
   1.1430000e+03   1.0749350e+03
   1.1440000e+03   1.0754270e+03
   1.1450000e+03   1.0759193e+03
   1.1460000e+03   1.0764122e+03
   1.1470000e+03   1.0769060e+03
   1.1480000e+03   1.0773994e+03
   1.1490000e+03   1.0778940e+03
   1.1500000e+03   1.0783883e+03
   1.1510000e+03   1.0788834e+03
   1.1520000e+03   1.0793790e+03
   1.1530000e+03   1.0798750e+03
   1.1540000e+03   1.0803713e+03
   1.1550000e+03   1.0808681e+03
   1.1560000e+03   1.0813653e+03
   1.1570000e+03   1.0818630e+03
   1.1580000e+03   1.0823612e+03
   1.1590000e+03   1.0828600e+03
   1.1600000e+03   1.0833590e+03
   1.1610000e+03   1.0838581e+03
   1.1620000e+03   1.0843580e+03
   1.1630000e+03   1.0848582e+03
   1.1640000e+03   1.0853590e+03
   1.1650000e+03   1.0858601e+03
   1.1660000e+03   1.0863620e+03
   1.1670000e+03   1.0868640e+03
   1.1680000e+03   1.0873662e+03
   1.1690000e+03   1.0878691e+03
   1.1700000e+03   1.0883730e+03
   1.1710000e+03   1.0888763e+03
   1.1720000e+03   1.0893804e+03
   1.1730000e+03   1.0898852e+03
   1.1740000e+03   1.0903903e+03
   1.1750000e+03   1.0908960e+03
   1.1760000e+03   1.0914020e+03
   1.1770000e+03   1.0919083e+03
   1.1780000e+03   1.0924151e+03
   1.1790000e+03   1.0929224e+03
   2.3790000e+03   6.4937880e+02
   2.3800000e+03   6.8224540e+02
   2.3810000e+03   6.8250020e+02
   2.3820000e+03   6.8275520e+02
   2.3830000e+03   6.8301010e+02
   2.3840000e+03   6.8326500e+02
   2.3850000e+03   6.8352000e+02
   2.3860000e+03   6.8377480e+02
   2.3870000e+03   6.8402980e+02
   2.3880000e+03   6.8428470e+02
   2.3890000e+03   6.8453960e+02
   2.3900000e+03   6.8479450e+02
   2.3910000e+03   6.8504940e+02
   2.3920000e+03   6.8530430e+02
   2.3930000e+03   6.8555930e+02
   2.3940000e+03   6.8581420e+02
   2.3950000e+03   6.8606910e+02
   2.3960000e+03   6.8632400e+02
   2.3970000e+03   6.8657890e+02
   2.3980000e+03   6.8683390e+02
   2.3990000e+03   6.8708870e+02
   2.4000000e+03   6.8734370e+02
   2.4010000e+03   7.2873890e+02
   2.4020000e+03   7.2774960e+02
   2.4030000e+03   7.8221350e+02
   2.4040000e+03   7.8254900e+02
   2.4050000e+03   7.8288450e+02
   2.4060000e+03   7.8322000e+02
   2.4070000e+03   7.8355550e+02
   2.4080000e+03   7.8389110e+02
   2.4110000e+03   7.8489760e+02
   2.4120000e+03   7.8523310e+02
   2.4130000e+03   7.8556860e+02
   2.4140000e+03   7.8590410e+02
   2.4150000e+03   7.8623960e+02
   2.4160000e+03   7.8657510e+02
   2.4170000e+03   7.8691060e+02
   2.4180000e+03   7.8724610e+02
   2.4200000e+03   7.8791710e+02
   2.4210000e+03   7.8825260e+02
   2.4220000e+03   7.8858810e+02
   2.4470000e+03   9.7469610e+02
   2.4480000e+03   9.7340770e+02
   2.4490000e+03   1.0466402e+03
   2.4500000e+03   1.0470893e+03
   2.4530000e+03   1.0484370e+03
   2.4540000e+03   1.0488860e+03
   2.4570000e+03   1.0502330e+03
   2.4580000e+03   1.0506820e+03
   2.4610000e+03   1.0520290e+03
   2.4620000e+03   1.0524780e+03
   2.4640000e+03   1.0533762e+03
   2.4650000e+03   1.0538253e+03
   2.4660000e+03   1.0542744e+03
   2.4680000e+03   1.0551724e+03
   2.4690000e+03   1.0556220e+03
